-5.053387274803549101e-01
-3.372906770598288473e-01
6.715095937218964472e-01
1.453848479985090814e+00
4.643745706863155465e-01
5.384779889145066001e-01
4.950176216981541089e-01
-3.163625813151807464e-02
-1.206757386633088736e+00
-6.343932679333212921e-01
7.448874687187307941e-01
5.952376242503718551e-01
1.212955729836645985e-01
-3.049048173341630807e-01
1.258855393324670668e+00
3.779895543337201680e-01
-8.832745131015756757e-01
-6.283832535777585937e-01
-5.570134434781222055e-01
-8.030664062638064316e-01
4.547969285580454324e-01
3.690024213630200278e-01
3.778016942892709062e-02
9.874589975975042733e-02
4.202093501059724900e-01
1.172132710021289714e+00
1.868968509312638471e-01
6.191236205766237344e-02
4.570916100413018324e-01
9.354635077552656552e-01
-4.120006579783745959e-01
8.998051381015722550e-01
-4.690321554215899635e-02
1.924207989619501347e-01
-5.597186336614372593e-01
1.959404937756295817e-01
-8.016511957334135907e-01
-1.008474752084774995e+00
-3.684646794043446860e-01
-1.153164711107973250e+00
-5.189899240536133274e-01
3.122915969228222677e-01
-6.704670272050469171e-01
1.360139587329831645e-01
-3.619543272372516829e-01
-9.385233691585356808e-02
-2.309162188385803227e-01
-1.559810734348062722e+00
-9.285885598251013562e-01
-7.845272558451219513e-01
4.956986539335234698e-01
-1.279587020091626615e+00
-4.250797922123445982e-01
-1.282255368720648603e+00
1.005906340850571512e+00
3.493020399242324214e-01
-3.350383722047354240e-01
1.151109606285205256e-01
8.138670347050789289e-01
1.058513914494594865e-01
-5.185416414416800235e-01
-1.507814603980988377e-01
1.456971135271757922e-01
1.183552416696162624e+00
-5.859615429654485563e-01
8.908437625995865305e-01
1.371126147918159399e-01
-4.290374802589410619e-01
5.696381092374465105e-01
-2.560576497641942617e-01
8.620452263682146787e-01
-7.238147037372522075e-03
-7.467430036416146111e-01
-6.918503584562083475e-01
2.228915945923208852e-01
-4.207939313373849632e-01
-7.692331298002922368e-01
2.451590305744746345e-01
-6.556073208518737871e-01
-1.524556348765938374e+00
4.574392168658276692e-01
-1.535039425744931796e-01
-6.774700943489893046e-01
-1.153669392425058948e+00
-1.617311429906803932e-01
-1.138992105251301679e+00
-2.640932965050978298e-01
-6.974552718520321548e-03
-1.357389167728271784e-01
-4.251537758931474009e-01
-3.253968898410423138e-01
-5.781609169298574935e-01
-9.351775690020985854e-01
-5.878231454478394236e-02
-9.465488705271984937e-01
7.828249018799412484e-01
-6.797347872966692517e-01
-1.544525077797986590e-01
-2.138015449512449262e-01
2.493910165204450968e-01
-2.657953199767272290e-01
5.293164686710908340e-01
5.869943484009271240e-02
-5.467052396282008342e-01
2.125048196427561376e-01
4.571163696980556912e-01
-2.291643032962444870e-01
-9.095838256268157229e-02
-1.219482276876495463e+00
-8.350173223220205276e-01
5.791197899401795413e-02
5.679383760231595524e-01
-2.403883944077084001e-01
-2.274366669422361320e-01
-7.277902008330662531e-02
5.079298755083132555e-01
-1.350105511265084157e+00
1.851367839484372668e+00
-2.405233227648232441e-01
2.135805101419003815e-01
-6.623401291632105004e-01
1.356687334915088750e+00
-2.000930748955807581e-01
-8.576758343781645255e-01
-1.997241657541002913e-01
4.103427253200058744e-01
1.097137707920241345e+00
5.621006108234123388e-01
3.171294637364173719e-01
-7.899248650084977896e-01
-6.635091560042756520e-02
3.943485028232973644e-02
2.594340078855392195e-01
6.605563547816346581e-01
-2.206481576875181372e-01
3.728553939032439035e-01
-6.880848505263111869e-01
4.778115561001681222e-01
2.422584071379974002e-01
-5.010062767744591916e-01
4.123008647227900392e-01
-5.139015535452011729e-01
2.111035344432767413e+00
4.361647174037370234e-01
2.602917135551869321e-01
3.554932745053374088e-01
-1.729873230428138620e-01
3.266780447394360687e-01
1.149526781115836616e-01
-5.194905367873400293e-01
2.088336964904174420e-01
9.433548663623618769e-01
-1.190327911047817544e+00
-9.163503170031225831e-02
1.197554512927329728e+00
7.202562748315513574e-02
-1.407122470241077394e+00
-3.419167892098826100e-02
7.660704885064797409e-01
7.935323560947092902e-01
2.913109810269791100e-01
-8.070381243772350999e-01
1.812443930466886011e-01
6.801818464494269190e-01
-2.109059278763379952e-01
1.492487113151204969e+00
-1.068445517878411910e-01
-3.579144251871445581e-01
1.102840633336668263e+00
-7.246906208281016504e-01
-1.457694133988345797e+00
-6.669574395638847575e-01
-1.227665222879128271e+00
7.845636221926312048e-01
2.576595065997532852e-01
-1.905571341479930791e-01
1.233069717041797575e-01
6.294340089862004994e-01
1.060380188546623748e+00
5.252639531666372097e-01
7.097497426187121539e-01
-5.753214308066436633e-01
-2.861133822586514053e-01
3.378371891150433459e-01
1.110020608749539839e-01
-1.301523493262953246e-01
-2.806045400433903048e-01
-1.336547787086479477e-01
6.448205728640483692e-01
2.264536612109135372e-01
3.058251169163457850e-01
4.078324237441671718e-01
6.997520629529841996e-01
-7.248196072246577693e-01
5.891655353249758420e-03
-7.799101593268931154e-01
-1.194185098823525193e+00
-7.750260325537889905e-01
1.165345607382544946e-01
4.512296212923149752e-01
5.274185254425027836e-01
-1.376228858036883107e-01
1.194246097162634301e+00
1.993854033951335814e-01
1.204564340538961664e+00
-1.077983054136375518e-01
-5.722327097112756000e-02
-5.123279413991729259e-01
-2.290222982661739848e-01
-1.849553286756666637e-01
-3.772021898896980585e-01
-1.625220663676942623e+00
5.312403748763857569e-01
3.150704841895487496e-01
5.562663741975053533e-01
-1.617549184149517927e-01
3.205097023779698295e-01
9.360575912303714663e-03
1.408727447615317208e-01
1.975597766747187178e-01
-3.254961858185023704e-03
9.617414365435167367e-01
6.417157046571525525e-02
-9.937850424829171303e-02
1.883245534786679720e-01
-2.913802571526064589e-01
-3.137272860009847064e-01
6.417653589597511754e-01
3.520641792830575545e-02
7.122965521999717886e-01
-2.643436707237268313e-01
3.765840006777798066e-01
1.106737058071220137e+00
2.503495763241944116e-01
5.083035932235624443e-02
4.226266071631959442e-02
1.143191248221927303e+00
1.006525503017354550e+00
4.865584075269324682e-01
2.771270109084907896e-01
-9.695789839665299725e-01
-6.017825809995583919e-01
-4.657312134817221949e-01
-4.447353870454601177e-01
3.676012399618200366e-02
-3.456020932758972486e-01
-6.945743696205741724e-02
1.130593377278566791e+00
9.638325022138304332e-01
-1.475536174482080798e-01
-2.552043714032761201e-01
2.249240911773732754e-01
-1.180453683619362426e+00
-6.043354946044137144e-01
2.838341872432157964e-01
-6.695822638201819332e-01
4.433204708564834062e-01
-8.654977037981803623e-01
4.711666269252463013e-01
8.646251887610417741e-01
-8.148792215508638970e-01
-3.893443077173492917e-01
5.835774712618313487e-01
-4.448461949530846393e-02
7.074957108926295257e-01
