3.878889387778122755e-02
4.338899625134485238e-01
-9.880536267518481852e-02
-5.659480889316729213e-01
3.891226265608612733e-01
-1.061901081834982996e+00
7.113767453391746098e-01
-5.508242620898192721e-01
3.994901197444090668e-01
1.748152289580490182e-01
-3.430620681312931269e-02
1.646842736592595280e-01
-7.698553086993332739e-01
1.233517778367680506e+00
1.215328292657548381e+00
-1.210281569767703569e-01
-6.068247081399008591e-01
-4.785042707713385024e-01
-5.818609133451851934e-02
-7.476799546375264560e-01
5.568713506708985322e-02
-2.348033389519269265e-01
1.161703480585399406e+00
-5.415228583828400888e-01
-4.680453669281112727e-01
-7.493925867727624368e-01
5.133844552488386892e-02
-7.043291035626361163e-01
-1.486915552057657131e+00
1.882684713749186445e-01
1.943569465852703348e-01
5.877064130947957654e-01
4.106464469912637916e-01
2.599922398892725445e-02
-5.154100412301622081e-01
-6.567293353031233849e-02
-1.516823902073807795e-01
-2.754542956924155850e-01
1.241341932334044662e+00
3.065635563854930412e-01
-4.466119752585870351e-01
5.064062192429675396e-02
-5.632314177816045708e-01
-1.534350363296318243e+00
-6.694593053117650072e-01
1.569950412917552329e-01
5.763238454859972437e-01
1.818421664487723244e-01
8.417216372672080560e-01
-8.370180908092567096e-02
-8.483772866729452078e-01
-6.126796116402341563e-02
3.159010641705584099e-01
5.048725771147125063e-02
-6.029644927868418325e-01
-1.170252559707983392e-01
4.975952960408384085e-01
1.644273435365418479e+00
4.502500991887670168e-02
-1.080775836316844596e-01
-1.184712275857112918e+00
9.882006478289169227e-01
9.846496325655958171e-02
-1.746671266808914047e-01
-7.740235585289174658e-01
1.680169654757217856e-01
-7.964104217564111909e-01
7.541280746719046801e-01
-6.223965518816082509e-01
7.666926499068326128e-01
-1.613374071429869439e-01
1.347491161402361026e+00
9.644364217100487302e-01
-5.191111833934232145e-01
5.300514423763429406e-01
-1.148483241755829720e+00
-6.149844188487918473e-01
9.928311165400319216e-02
2.890852618705935795e-02
-3.654981926138366477e-01
2.890147581287424994e-02
9.542967659181875728e-01
2.082395386642724167e-01
-1.590590253249152541e-01
-5.185260571521396744e-02
2.920624822593643199e-01
5.127679925338370914e-01
-4.928195918257800012e-01
-8.044198440335048605e-01
-2.348917374239347100e-01
-5.544979389340057296e-02
-7.932795295570113647e-02
7.870884080379336734e-01
-9.141526137661261098e-01
-5.262305543233184446e-01
-7.949180021963495602e-01
6.857380105462942965e-02
1.048568206726250007e-01
9.575180939494433163e-01
1.044092089282357416e-01
6.204900147730204596e-01
5.646399678065368022e-01
-1.198203844903452442e+00
1.884177473751822707e-01
-3.594035046493962993e-01
-1.308420167669555934e+00
3.352512525447376435e-01
-9.088245187255354907e-01
-9.356844857672482751e-01
-2.025730348238814205e-01
-5.053079072705741748e-01
7.006697733411426654e-01
3.215849448045920989e-01
4.454252647476072413e-01
-1.521066914513325985e+00
-1.127286705567538405e+00
-2.374243666455576607e-01
4.631220533087488933e-01
-2.684778093939593768e-02
-5.819142723022389108e-01
-1.158839026043248233e-01
4.830474906387529632e-01
-2.810228122933341455e-01
-1.339743513433240829e-01
7.083763282801506245e-01
-9.849060054520461516e-02
2.072765195236728197e-01
-7.542664069268855132e-01
9.606824034534666712e-03
-5.339194743209336735e-01
3.735979246386630925e-01
-3.914075970915391611e-01
2.502063500399709373e-02
-3.958723773792688361e-01
-2.154429384085181920e-01
-1.722179075701699702e+00
-4.381503868260110401e-01
1.382117002461093369e+00
4.806133851824965775e-01
-6.653894546870965376e-01
-6.481776490578874395e-01
-9.419482629664936990e-01
4.259100191950882519e-01
3.122127429461670767e-01
-4.965195161336414253e-01
2.802059639598110108e-01
9.092985963292848917e-02
1.317160356570037383e-01
-1.572974419538807067e-02
3.324187098195899304e-01
4.139716600797286317e-01
4.192458500342674532e-01
-4.853893502213889044e-01
-3.464885706225585560e-01
3.062807000477727470e-01
-4.120546108013912190e-01
-9.718352682762549932e-01
6.609161292617214967e-01
-1.107468480465958027e+00
1.001954132965101385e+00
-7.393695782606968248e-01
1.216021851692627304e-01
-1.488501762491267200e-01
7.752437320543418275e-01
1.103751738886745160e-01
2.377383120866445876e-01
7.341652893801806634e-01
5.805611572694968636e-01
1.188831465325275172e+00
2.951930324808392236e-01
4.548981182256832678e-01
2.305833671501582582e-01
3.625869791822144972e-02
-3.095290644911480871e-01
-4.386822333349623126e-01
7.145878245408086027e-01
9.484812079386257810e-01
3.027427880013234818e-01
-7.980184953409236170e-01
1.097964268940256005e+00
8.676880975793793693e-01
-7.220598425440412083e-01
1.245179167884045590e+00
-6.935477298393610823e-03
-1.010197146007073332e+00
-7.034763784176591983e-01
1.306906626265884164e+00
-1.592025229098893435e-01
-2.148313947322940953e-01
2.558683023240597709e-01
-6.275115221022593559e-01
1.151066568546852187e+00
-1.437699209503390030e+00
2.742389977453300043e-01
9.025783570636896069e-01
-5.290593648022622331e-01
-3.558274146923087189e-01
7.076347437010194197e-01
-2.661595480047053708e-01
1.390096940734829811e+00
-1.087644566010200542e+00
8.260051598958317864e-01
1.333317156231579315e+00
1.001409943109244916e-01
-4.420367658754903450e-02
8.710033178354592565e-01
-5.080587225214792113e-01
4.519364155610675615e-01
-7.401206759699936466e-01
9.565706346500592039e-01
6.026521382868652577e-01
-7.108905690484768058e-01
2.332153188016216627e-01
1.438141825376935967e-01
3.216419711203079984e-02
1.391740064234959495e-01
-2.102361494674804820e-01
-9.399473500608057641e-01
-1.127526266707342240e+00
5.344492749635367801e-01
3.635110497217761139e-01
5.760168516982422382e-02
8.661229056626648104e-01
7.419799989363484727e-01
-6.660378412041131346e-01
2.436220120631039932e-01
9.073989651296641146e-01
-6.168349905167291869e-02
7.864286728336160603e-01
2.032143043836580898e-01
-1.304433674362517337e+00
-4.195676535536698726e-01
-1.116523269469732238e+00
1.555271361845450007e-01
1.494044136251047483e+00
1.522292267344093064e-01
1.087636870232789876e+00
-1.599764702464748223e-01
5.382484022234658161e-01
2.712147590648566475e-01
-3.146754292290920296e-01
2.090869325659801617e-02
-4.114834358176134854e-01
1.886377542547260366e-01
-7.083850059252728704e-01
-1.533892595894705391e+00
-1.186777369997556730e-01
6.488373992729279394e-01
3.243366294585786624e-01
-3.843180425405975376e-01
8.910835938014394220e-02
6.506161755199532659e-02
6.246244198147145044e-01
3.394038982972553131e-01
1.166850303284204804e-01
8.665839151768490733e-01
-7.633766777457002828e-01
-8.035345779821755074e-02
1.358508816777952433e+00
-4.578077374266203980e-01
-3.081922317723921889e-01
5.354558723791337238e-01
5.559369645806543081e-02
-3.210486735003461600e-01
1.198082556743842453e-01
