5.439885436046658640e-01
6.642439256950645188e-01
9.625711505270768686e-01
-5.144132655617427163e-01
5.874337611932417547e-02
-9.566656668537368846e-01
-3.116086619193448315e-01
1.524353999374729596e-01
-5.983633269901156293e-01
-2.644120629121002874e-01
3.418111940040973185e-01
-4.511700404241726359e-01
8.429669101648857854e-01
-6.484287068500732554e-02
-9.223345894185286387e-01
5.483406374685244611e-01
-6.466545453149044054e-01
1.592531459557081419e+00
8.109325569472111694e-02
-4.185628558878149441e-01
-3.240898922386536429e-01
-7.158398656581145270e-01
-2.709815261864596536e-01
-1.640762153985884098e+00
8.176310647959571520e-01
-1.025341529132764773e+00
-3.639900756921478076e-01
-1.583213636448173700e+00
-2.488064215149690672e-02
-1.005145717297598607e-01
-2.795560466222415941e-01
-1.573880184036583474e-01
1.603299537630240024e-01
4.227807911136587382e-01
3.498912467975998641e-01
1.652186932278032483e-02
3.823722301112683075e-01
5.811309978526436604e-01
-1.669741156728240528e+00
-4.210971623856616941e-01
6.350824949899871452e-01
7.860682639750360412e-01
1.331166069692830245e+00
1.901074918368018118e-01
1.181153720436902921e+00
9.326839542931869564e-02
9.551030275392293767e-01
4.431918355295016987e-01
-7.393180457620223134e-01
6.651715310132376713e-01
-2.773541604904974922e-01
7.061377088968404658e-01
1.963404530602033127e+00
3.996738561330202555e-01
1.475324494653999174e+00
3.157445509477624923e-01
1.051432384232048545e+00
1.147263632317110815e+00
-1.031498888197002417e+00
-4.686608800219891902e-01
-2.760773482389689004e-01
-1.241612345208499946e+00
1.442013065861660115e+00
-1.452355822585248646e+00
7.429776200611936110e-01
-6.760315415850540743e-01
1.875137341100043264e-01
7.399089615194698322e-01
1.019789959153591496e+00
-3.214216259967874190e-01
-1.290331265128964011e+00
-6.941692924462297132e-01
1.304827482664534077e+00
1.242304767869965021e-01
1.812573921388722198e+00
-1.031707286131342771e+00
1.253543970244362260e+00
1.159473074477557430e+00
-9.575157677959099667e-01
2.438154637849064554e-02
7.952028808936538740e-01
1.888162529357614861e-01
-3.608472407884104061e-01
2.963959753764069394e-01
9.472173649597989131e-01
-6.142389162705935712e-02
4.287206898742669803e-01
6.618917250736596758e-01
2.407668879566254860e-02
2.809505840484616268e-01
1.247732748146532122e+00
-1.656007016945421073e+00
7.466441358227252634e-01
-8.716554262124616148e-01
-5.564315074584134102e-01
-5.370490175705882052e-01
-1.926974932282490727e+00
2.917076804509646792e-01
-3.119038775275252973e-01
1.471923023470619096e+00
-4.548796626572347845e-01
3.976674384137213192e-01
4.882954280216744714e-01
-1.271776728257221878e+00
-7.970118673381173524e-01
-1.084125026305223116e+00
1.836997622521968909e-01
5.144567394105015179e-01
3.619388354950743847e-01
-1.069353453865823367e+00
-1.475078040925300593e-01
6.267029999110182992e-01
9.772897334616934550e-01
2.322464321707530810e-01
1.001248564411751474e+00
-4.936113785880262839e-01
-6.448755734377035198e-01
-2.001826741992536185e+00
-4.766674723921671686e-01
7.196440128551020443e-01
2.074647394676105705e-01
-1.152530683930733435e+00
-2.990907685624156209e-01
1.594000142894470340e+00
8.627677180354749176e-01
1.013571966504883903e+00
1.272530933860628988e+00
-1.545773246565056214e+00
1.611156728655432468e+00
5.190552031662204469e-01
-7.472916029852192388e-01
-5.679267972879621373e-01
7.043180488653397742e-01
-6.284002027404174129e-01
9.170681649022212056e-01
-2.548640272258916872e-01
-9.089794917058485746e-01
4.686432298874427249e-01
4.150516016746327863e-01
8.594858214286020814e-01
9.385512625659427899e-01
2.802804256296575480e-01
-3.608387810460234602e-01
3.834214933453941598e-01
1.081332011626421563e+00
1.092136622471148177e+00
-1.705412876199262628e-01
-1.580683149182380953e+00
8.693570089380046051e-01
-7.821887171354222068e-03
5.139981338524447496e-01
-1.877763869550524434e-01
-7.274977466245901025e-01
3.378688249993673787e-01
-1.182750806133590071e+00
1.129938828483717517e+00
-5.659481711594516185e-01
3.525315167892246748e-01
6.791503076854379373e-01
2.645974871319546895e-01
-2.106060205381016584e-02
-5.695638165003806819e-01
7.287655135446204913e-01
5.254740355395506879e-02
-1.187924073293074478e+00
-3.888719185786169152e-01
6.813996644706814265e-02
-1.492578956257293976e+00
2.022445924341469969e-01
8.415980089870975789e-01
5.422440317270718069e-01
-1.324289284058887350e+00
9.505888224575609335e-01
-1.333756269377437631e+00
-6.392449670375833781e-01
1.041663083696708902e+00
1.153434890385796052e+00
5.379157399991452149e-02
5.021601630015348761e-01
-1.206078958843138427e+00
-5.478964748285171105e-01
1.122421719782799254e+00
-1.246104402402538058e+00
-1.256988587527795298e+00
-8.911007231689769270e-01
-6.720936312409369062e-01
1.089243216799968605e+00
-1.698104825023721842e-01
1.265654683652666979e+00
5.126204879179593332e-01
-3.712410249428384490e-01
-3.677073360925839918e-01
-4.383398289806348935e-01
1.812250958209291052e-01
1.360616765325287858e+00
2.434859104055085433e-01
-2.526896275476861575e+00
-1.223905678250423734e-01
1.259710468378691717e+00
1.556975610090180484e-01
8.196024612941967824e-01
-3.668711421029704489e-01
-7.522834585084832160e-01
1.153999147940314884e+00
-2.860744658656119710e-01
8.231557373652529375e-01
1.168673965678377780e+00
6.228186016678247117e-02
-8.464368207771553188e-01
-1.275138864612137102e+00
6.444110274752846701e-01
1.205591932804126687e+00
1.063771946029707927e-01
1.240160184491577722e-01
-1.739365525001949297e+00
4.942162056397880754e-01
1.201951303375962343e+00
1.265866067313148768e+00
-1.154281300327193449e+00
-1.087083561556420941e+00
-9.071042245228528866e-01
1.776107605227963959e-01
1.669372089059162345e-01
1.041498992486625946e-01
-9.622010946579682145e-01
-1.942666855601409837e-01
-6.857894692988699692e-01
3.469625111887300606e-02
1.703560336172229794e+00
1.036653732731429023e-01
-2.164518905467170407e-01
8.599154851425877544e-02
1.441213462439371873e-01
-1.718601841438509581e+00
6.402416127971368720e-01
-4.133796756321730381e-01
-1.282546753374364856e+00
-1.793484488780894837e-01
-1.522954197174285706e+00
-7.976371659334249853e-02
-2.800627449822951087e-02
-1.124260076816440579e+00
-3.967638924154024416e-01
-4.767112368235573716e-02
7.821271878295865676e-01
-1.628668685590954068e-01
-9.960874981064775646e-01
-1.245072636669002808e+00
3.754348635489118680e-01
-1.409783408141518368e+00
-1.069166016261183794e+00
3.174611760512310865e-02
-9.993158209011510085e-01
-2.194041356220152728e-01
7.264903171828027695e-01
1.054436140280342882e-01
-8.344421156097353576e-01
-9.821862336299075347e-01
-3.084489008729846549e-01
-5.638851335282629718e-01
-8.514284990666100006e-01
-6.248970265462452378e-01
1.377587616959327299e+00
9.539404642513865662e-02
-3.158765363386745184e-02
