2.590806446802111362e-01
1.087039365320236151e+00
-2.341620921987719317e-02
-6.217755523348703628e-01
-6.788592137072888000e-02
1.977778240229246309e+00
-7.991680347467855494e-01
-1.789224024685342140e+00
2.339304368081591701e-01
1.574910515489016616e+00
-1.173235165617682929e+00
2.797036605976291335e-02
-5.034618821152808676e-02
-2.042087753385179727e-01
1.049768712696323103e+00
-7.966819158830185099e-03
-6.997690092704806908e-01
3.503060313733448172e-01
2.549565695616968219e-01
-1.011701857719072617e+00
1.582086052532287068e+00
-6.721748348788488814e-01
1.018010944681205565e+00
1.006352862520508706e-01
-4.877362691612279200e-01
-2.037180020661755186e-01
9.831584376071552667e-01
-1.239820416974860118e+00
3.013892516470574878e-01
5.035341239426077697e-02
1.349877127522431497e+00
-5.597174412044331193e-02
5.027888992934900214e-01
-1.507365528478064043e+00
-1.348123532951775783e+00
-1.564831722864848396e-01
-7.720592387985255600e-01
-1.133072324099757111e+00
6.951717103863366276e-01
-1.272960177633751244e-01
-1.396591569641918884e+00
2.245565149333921817e-01
1.450778249787509910e+00
7.347332583982774112e-01
-8.838224080660083137e-01
3.907924578226539825e-01
-1.468936494826936556e+00
-4.912773105343338220e-01
4.320398463437377656e-01
2.049911759610587025e-01
6.816952813798924371e-01
-1.684309591954534113e+00
-3.881387371107741791e-02
-8.571714885388231897e-02
1.828371769529439472e+00
5.171820683043296674e-01
1.233401580851340107e+00
-1.163863517400533398e+00
7.913022245275664890e-01
2.101377273962468373e-01
-6.774026695903825335e-01
2.533348046562508560e-01
1.908274000719666796e+00
-8.854402361152889922e-01
-1.719856488107117887e+00
1.091610523102369612e+00
1.811305959296349410e+00
3.000372571717462855e-01
-2.347355694231176848e+00
6.095244609454979479e-01
-1.727874547731808708e+00
1.648719979050099482e-01
-7.367677494757960410e-01
-1.590924280886964137e+00
4.989245265692890952e-01
1.618095828822110338e-01
-3.776912981640765388e-01
1.658276297094456231e+00
-6.256777708112447600e-01
8.293422440393607431e-01
-9.162300418439801586e-01
-2.761087100881159939e-01
-1.360641545168597144e-01
2.635134338807357257e-01
4.494509103825570784e-01
7.721307348918744484e-01
-1.205936031894914828e+00
-7.556944204527035192e-01
-7.758182269182689605e-01
-5.076930647152527731e-02
-3.580840250962798454e-01
1.838534631012654352e-01
1.968300801559308200e+00
-1.574062680719652274e+00
-1.102767380495597305e+00
1.514648458483099092e-01
2.117006783717259033e-01
-6.849496077260983640e-01
1.179213218383365236e+00
-6.549834022588623128e-01
4.315680380396723081e-01
1.276431814267160236e+00
1.209476265172438669e+00
1.200470082042301323e+00
-1.684160686235996574e+00
-7.489527044690886814e-01
-9.408919420974680703e-01
-5.960591751932970972e-01
-1.850241217787711445e-01
4.796095322375001913e-01
7.884950112112490972e-01
7.119096927732405655e-01
2.447864401461456452e-01
-1.231133335906052562e+00
5.661232418971691160e-01
1.268989687826941326e-01
-5.000736800030165519e-01
-1.318858884924408503e+00
-4.205954472263023769e-02
-2.454888831241244795e-01
2.635672612570527651e+00
-4.357946418848461234e-01
-1.305633295562738549e+00
1.129998865611533398e+00
1.443679336887904840e+00
1.793438557194150906e+00
4.197657035179322982e-01
-1.498978217967805726e+00
9.542848773893004566e-01
1.430755091418843605e+00
2.963737078122835600e-02
-2.300636830426370794e-01
9.019295246795648868e-01
1.422256894075876632e+00
-1.490008378268589340e+00
1.342108028415510024e+00
4.148985824374221143e-02
-6.554356327874973909e-01
2.955634242554321389e+00
-2.202404101173719653e+00
-1.048439796194932772e+00
-8.231912739470672591e-01
1.884574752754850424e+00
-1.898633629322430183e+00
7.783157422092170652e-01
1.194514012588852037e+00
-1.103118090584739752e+00
-1.002468581573281892e+00
-2.240672415611953405e-01
1.355554340895694487e+00
8.777937664100149417e-02
1.412039020368393238e+00
4.094649768060397710e-01
-7.047274817495985388e-02
6.073460599751108191e-01
-7.181586789216500843e-01
9.385671029764491857e-02
-1.051462636736599121e+00
7.026411032665031975e-01
6.251937094008879203e-01
-1.025796369291033239e+00
-3.114002912284424829e-01
2.981703447447358601e-01
-8.528081302342291892e-01
6.748833479443204775e-01
-8.027334278484143937e-01
-2.514615632237331977e-01
7.610454190449594813e-02
-1.275424837986037785e+00
7.729673828969760851e-01
-1.760416336933575465e+00
1.220446251647676394e+00
1.034091983910008894e+00
-3.503321075142165619e-01
9.525516395506140599e-01
6.131120951984863066e-01
-2.063034028545969623e+00
-1.672452568493813629e+00
-5.907655128004526413e-01
-9.458867469714677956e-01
-1.223467659312315714e+00
-6.217838587962920549e-01
4.416379384817492038e-01
6.489811686880315733e-01
-1.368853771798466123e+00
-6.276212558479058456e-01
-1.941905773362824883e+00
-5.083027225775837987e-01
1.517208858708012920e-01
6.148888117044798429e-02
-7.586848726047925595e-01
-5.589350227073397459e-01
-1.825485383822804231e+00
-2.363870839886858644e+00
-8.116276274625038312e-01
1.479141240966697635e-01
-1.577268918929687347e+00
-1.032191140081682779e+00
5.916292765602828574e-01
-1.973674901011586158e+00
-3.588537354319056294e-01
-3.882165830330070455e-01
-1.069568068611276956e+00
-1.037527307964052348e+00
3.152276373194919379e-01
9.762551504114362899e-01
-5.505141440744064640e-01
1.293535274075707786e+00
-5.719546524387582043e-01
1.059249892114294989e+00
-9.610288243663581698e-01
5.585703179244426719e-01
5.521441576556442854e-01
2.704165835953435404e-01
-9.317674807817158955e-01
3.450079244877000684e-01
-1.120700388956231697e+00
1.300310283675595868e-01
-2.881954391132636739e-01
3.300220701355919828e-01
1.178135171646984558e+00
-1.218237603820209403e+00
1.121427832430839322e+00
-1.464571945065578085e+00
6.366139903900205343e-01
-1.199467132943672576e+00
-3.267098297112430716e-02
-1.064711454285974135e+00
-2.802959206132183412e-01
1.151251929598480883e+00
1.216486739886018520e-01
8.420692295931730964e-02
-1.002833421964156591e+00
6.933018541986433192e-01
-4.460723262416428914e-01
-2.055203381537344387e-01
7.698948372247820249e-01
4.018225931249186367e-01
-4.641086607003211406e-01
-4.846911189584651170e-01
-5.177850228345169947e-01
-6.078432540918197180e-01
-1.351982850160870608e+00
1.363098333181164357e+00
1.756423103061215130e-01
-5.382726581729033732e-01
1.649643436725084067e+00
9.266291787618716747e-01
-3.401474272076339678e-01
-1.658366830819590909e+00
1.052595442076788901e+00
-7.352806495062551573e-01
-1.794125960104241857e+00
-7.067764868853863014e-01
-8.146464264380526288e-01
-2.384637093820379805e-02
8.630557782941910006e-01
-1.292755420650543607e+00
-1.459665584975971431e+00
1.099203173530736710e-01
-6.572169511058011393e-01
-2.056500021249966892e+00
1.912521535989996968e+00
-3.730100185694966708e-01
-3.293837988204152967e-01
