-1.072319089087255151e+00
1.135652970997055755e+00
1.619138474272697747e+00
-7.798459512447657449e-01
3.908941238250843719e-01
-4.127518590599218440e-01
1.487394386467864260e+00
-8.414842724212530101e-01
4.181843097942478660e-01
1.266388956121016873e+00
6.562552666511179966e-01
-5.133293059359713695e-01
-3.308473361082424624e-01
-1.737390765978892859e-01
3.161314973687233687e-01
8.788471109629261147e-01
-2.994916985820356148e-01
7.415361579885787480e-02
-4.923670384975870062e-01
-7.635289118193102631e-01
6.712605965600756397e-01
4.182188841111348365e-01
-2.561345678090266031e-01
-7.064660303260578145e-01
2.970615907360058539e-01
-1.449147480489561879e+00
4.663728421100085675e-01
7.964684428313405506e-01
-7.413763091311390552e-01
5.514822538135286667e-01
-1.442141572263768157e-01
4.698270453323560858e-02
1.001637173129174663e+00
6.729388858877036750e-01
1.360714026818051092e+00
9.652078435486362018e-01
3.890285946999351707e-01
2.714450266992372018e-01
8.268252534873443693e-01
-5.804099846635153437e-01
-9.873201044986179564e-01
1.190855066661746092e-01
-6.180454022869810160e-01
6.630911836914835100e-02
1.008650897367599164e+00
-4.547573898431822581e-01
3.892949272874103306e-01
-4.348847072588392093e-01
-1.050931621396960169e+00
5.916217110442126836e-01
7.292126690981430848e-01
3.914062630928182296e-01
-4.692247446443099657e-01
5.883253640222914083e-01
-2.106351848896302226e+00
1.222292166988878215e+00
-5.505296765375684576e-01
-2.080037896734448832e+00
6.216103783396644822e-01
-5.335701191623184458e-01
2.943398661339949318e-01
-5.604978701259069052e-01
9.275112682055517421e-01
6.637702384225108165e-01
3.593643548573102198e-01
-7.518561492662633183e-01
1.673590648190075081e+00
1.750705029713045535e-01
2.935220382031467068e-01
-1.276194035978135854e+00
2.760097982563748942e-01
1.390446931528288577e+00
1.100398896627642065e-01
-7.941372472988806885e-01
-7.204468006693198756e-02
1.327933112700962481e-01
4.310327262484270339e-01
1.047528362468899132e+00
-3.363151389285119475e-01
-3.927984854960140937e-01
1.799048742536153433e-01
-5.005290347342608026e-01
-3.577610881337524029e-01
9.177837754970872286e-01
1.013943943438950113e+00
-9.049960411999791177e-05
-9.803377375971735752e-01
2.546375885414997597e-02
2.718746295584063555e-01
6.101420339694330064e-02
1.767599987635879444e-01
1.261784440725196355e+00
-1.640291644257212633e+00
-7.954055587649691006e-01
1.138128514673261815e+00
1.256443940376427593e+00
6.354943742852131594e-02
1.803674376967192572e-01
-3.302484497075777736e-01
-1.121998042416734398e+00
9.573017227449618360e-01
7.366619806741423471e-01
4.271975912393961017e-01
-2.151195052037562228e-01
-7.949197752031098574e-01
-6.284994858833994336e-01
2.566704817564943730e-01
-1.424311620094530273e+00
-1.341453618625214617e-01
-7.593277222428829187e-02
-5.024917292452739381e-02
-1.385195959187426329e-01
1.603020303655230960e-02
1.354581028911731266e+00
-7.403512412329751324e-01
7.175427029147732338e-02
-5.669144217951100906e-01
8.061341824048461058e-02
2.014259469907280220e-01
-5.557332432827719604e-01
-8.841662760295270207e-01
4.324903007121347898e-01
-6.468631086293121779e-01
-8.670091132373922704e-01
9.546344689408066131e-01
1.919427185716557238e+00
-9.164579926580768143e-02
-1.896115879616731004e-01
-3.136195920001128012e-01
-1.021026858648160784e-03
1.664172127070207896e+00
1.371586740846724384e+00
-5.768400450717843242e-01
-5.395565837863740555e-01
1.586932656504682182e+00
-2.700419907167167510e-01
-1.115019043337609261e+00
-8.756249432251609344e-01
-5.419080774508505671e-03
1.278508919233596608e-01
2.658206281782565794e-03
-4.125751057527096699e-02
-3.704971249196442606e-01
-1.223989413436500362e-01
-1.037962340485024004e+00
2.592267295305290542e-01
-6.766914735915011136e-02
8.479365757200012510e-01
7.958527333665903480e-01
7.339359248015701054e-01
-4.987557455400117856e-01
-9.183659865244261367e-01
1.017373371760314227e-01
4.833330507391531694e-01
-5.594888520994174552e-01
-3.787793933769314503e-01
1.806585399016261695e-01
4.247773144880263585e-01
1.746875344935034047e+00
-3.056503320329740370e-01
1.151506670442939417e-01
4.469523990842821926e-01
1.289491954455485478e+00
-4.536998556438258112e-01
1.478392855010685514e+00
7.049756357577758870e-01
3.384343482714208262e-02
6.995885379283435235e-01
8.464279318161133103e-01
-1.531841045952009317e-01
1.797950446143216530e+00
-4.306639766329030672e-01
1.467107133847166178e+00
-3.316607995611812743e-01
-2.569654879772215184e-02
-4.581871048882271702e-01
8.214600933556570617e-01
6.579042454608216572e-02
1.010655701420102082e+00
1.073285747866968620e+00
6.959863327752979778e-02
-9.515119710050934376e-01
-4.074270560403419617e-01
7.107236483321767162e-01
-4.558262084083421484e-01
4.539955871787217934e-01
1.577887378882712188e-01
6.960226378251670454e-01
7.967008376468245334e-01
-1.044223336141834491e+00
2.571695774944868784e-01
-8.004909247698671626e-01
-7.015576094256793516e-01
-4.464962983940827246e-01
1.295666081846519324e+00
-8.809007879352389603e-01
-9.919096681378104519e-01
-2.602435732799333046e-01
6.831485335028285588e-01
5.367984969402932460e-01
8.633741853632744823e-01
4.458343763312228036e-01
1.209452382733416098e-01
2.520283024880707878e-01
1.996681763632639217e-01
-4.583927270021495026e-01
2.927850859095697950e-02
1.080933238121859263e+00
1.753018045765834421e+00
7.210524843422617680e-01
7.798685617796952130e-01
-2.138331266869817060e-01
6.292414855125597617e-01
-9.650427602840072616e-01
8.710290347403282230e-02
-1.117888144849168874e+00
8.011159032104714361e-02
3.328403807774037437e-01
-7.554655005481867303e-01
1.146790110414771524e+00
7.500827412893462665e-02
2.830678958116199517e-01
-1.005774560061182932e+00
1.344738109457036535e+00
-7.776862285602936797e-01
-1.039041152109990263e+00
-1.240048013885161282e+00
1.587021626624691262e+00
6.510960520261110940e-02
1.518523816997527920e-01
7.966952196990482182e-01
-8.255708568126565172e-01
4.162899258611684750e-01
-1.893056681929453644e-01
-5.296254890027820572e-01
-2.583029761888407383e-01
-3.509789442178599117e-01
3.066896047555331406e-01
1.170593250936599938e+00
-4.416722779206544436e-01
-1.396129674308746738e-01
-1.618780210489523252e-01
2.277049824477950235e-01
5.197425331743394938e-01
-5.021175441563286990e-01
-1.105719041234645150e+00
1.136299577254959337e+00
1.306988185200922192e+00
1.476958490452759953e+00
3.600964282057020349e-02
-5.094686173073267182e-02
3.973387360068658669e-02
1.106847132556497915e+00
-9.264105282373896744e-01
2.905300513618316871e-01
-2.364570481683836434e-01
1.609764237325032876e-01
-1.860531612718406613e+00
-3.530475821013481230e-01
8.119855650568383876e-01
-1.262471346807252814e+00
1.176292062642600555e+00
-7.851039408871555159e-01
-2.055256877431236862e-01
2.286547357781755219e-01
