8.334416202264810503e-02
-1.196325317893055656e-01
2.731675357931209192e-01
2.219740240239665152e-01
-6.866941484682840269e-01
-4.901230386361296043e-01
-6.575129692346911581e-01
8.793193324444801284e-01
-8.283105750699017999e-01
3.504435457001232601e-01
9.925685536605655113e-01
3.820948442507395848e-01
-1.022831867148652929e+00
-2.510243312161659079e-01
-1.084162129910434258e+00
2.599488401437430873e-01
-2.654849097978539407e-01
-6.479409315055433272e-01
1.175532036706193217e+00
-4.177476092828054655e-01
5.164732995213359157e-01
-1.153287398290944621e+00
1.127551700709341631e+00
-7.904178450717943560e-01
2.028551476138093224e-01
-3.185710566501609442e-01
-1.605695108718909525e+00
-1.747011416860753952e-01
1.379659870100371222e-01
1.604746296223715119e+00
-1.862950055338054578e-01
9.794524439863140364e-01
-1.587363981428364657e+00
6.200516017903922039e-01
-6.635614379768273174e-01
7.755824576119848546e-01
3.570641097427712518e-01
1.083174542668005280e+00
-2.904090117380048186e-02
3.465466128858027059e-03
-4.717415299293499231e-01
-4.046165481058969782e-01
-3.144871806723915642e-01
1.318459089441850751e-01
7.841263971080728590e-01
8.788812049606333776e-01
1.254733166545087819e+00
-8.153686844056882155e-01
-6.736593108887607428e-01
-4.330385383016921996e-01
-1.675242601817825139e-02
-9.680192095571515942e-02
1.152910756695332051e+00
2.145453420402298750e-01
-5.272630435927260217e-01
-8.450502659075123657e-02
4.450922837128211684e-01
-2.000133677239045449e-01
-1.105999057022789334e+00
-2.394992964181021089e-01
-1.991531218401330905e-02
-8.747016328188789158e-02
8.136582932769763632e-01
-9.847308108433647789e-01
-2.807136191215775511e-02
4.284195540086554455e-01
7.922326839959065170e-01
2.525748858228607507e-01
-2.566451370712377056e-01
5.687578773921708741e-01
-5.111630886080011926e-01
2.065609655822673307e-01
8.172843271145567856e-01
-6.717009584262598754e-01
1.037111240922893529e+00
1.258906081877232852e+00
1.149733628152024512e+00
6.366061139524621382e-01
2.906114719711723193e-01
-9.203202467285835908e-01
3.783555892542322385e-01
1.634008590041843845e-01
5.496843499290879898e-01
-1.320038364888500571e+00
-6.169500920103110353e-01
6.142275629353896038e-01
1.423878264483774969e-01
4.516653764189966225e-01
-1.513191720884622116e-01
-9.216089115747749805e-01
4.390962857796942287e-01
4.262350499487992939e-01
-4.935920255053534156e-01
-6.421514069539800973e-01
-4.415384126117446462e-01
-5.111374955701639688e-01
-9.198979289998876485e-01
2.421064015112212309e-01
6.452965591294299585e-01
9.421419092626093228e-02
1.902151169328348268e-01
-1.979260232496291294e-01
-6.776745884353246874e-02
-8.371898750043325066e-01
-6.933468896700094586e-01
-1.087739264756354407e-02
-1.776154659949884806e-01
-4.471675620472096990e-01
5.363581481441989651e-03
-4.705545494235077175e-01
-6.532375720781352646e-01
-3.372822542339176111e-01
3.665904469982128600e-01
-9.692746821731106355e-01
-2.875531700534002533e-01
-3.101496738240668294e-01
-9.107127146039624144e-01
2.637845013063794264e-01
-6.869910978359314857e-01
-1.021700220296007711e+00
-5.022207500770137223e-01
3.640636815785814329e-01
-2.247994289839189141e-01
4.430698354230135916e-01
3.663872449364263262e-01
2.091059161216169415e-01
2.530606764292236965e-02
6.849424343799547232e-01
-6.747121375595203085e-01
-3.469193377260210154e-02
-5.080430002905560460e-01
-4.606231614901618032e-01
1.668227239003623186e-01
4.982987916885939228e-01
-6.182529251708885898e-01
-8.753618705170912451e-02
-7.721186209435610959e-01
-2.322466511759210261e-01
-1.064317852687883370e+00
1.615085178528087528e+00
-6.914312836588585309e-01
1.206775372813671809e-02
-1.019734219101348760e+00
1.294778057721702957e+00
7.925802343026644436e-03
-1.289010279188111285e+00
4.048350665560928041e-01
4.436989562476031934e-01
-3.553244663244879975e-01
-4.017453778952931875e-01
-1.236365245679212022e+00
-2.345898929218634410e-01
6.212402757438174883e-02
9.412277556163807235e-01
4.886889954342540920e-02
7.592419785315378533e-01
6.888929237642884562e-01
-3.141948403562766501e-01
-1.042470145028599804e+00
-1.643247240554215560e+00
2.581398911169940358e-01
1.665417413106213829e-01
4.698084429789257666e-01
4.524511535507502735e-02
9.401917369443577588e-01
-7.225288347423908242e-01
-2.374739621587713956e-02
-4.243254668143356390e-01
-3.625082540226935435e-01
-8.976610130152220535e-01
7.526531890166047178e-01
9.021653952854813419e-04
-8.653972964152125691e-01
-1.508129779318473640e-01
3.958515262392550138e-01
9.504951203571467833e-01
-1.109698466600229416e+00
1.454632711527846789e-01
-3.938268392092624803e-01
8.241587181170223486e-01
-8.300784741627915686e-01
-7.689238862346421399e-01
-2.633075408976215392e-01
7.260137129660331201e-01
-8.473726264427692279e-01
-2.348211114380260867e-01
6.628616188879584703e-01
-1.098700465848692076e+00
-3.232771735689971560e-01
1.515954356310259543e+00
-7.948478292623983865e-02
3.379486033750339069e-01
-1.392521689970469545e+00
-6.780425026542180600e-01
-7.270626799322171818e-01
7.893592251029770690e-01
1.192619086740093648e+00
4.371758703145236513e-01
3.873655687704440909e-01
-1.165250072133277026e-01
-4.148582058264754790e-01
-1.174400316950455214e-01
1.788566414433933605e-01
1.357933060969203354e-01
1.587190346336870617e+00
-1.174194166075325008e+00
3.384349019752083687e-01
6.976970559404280792e-01
-9.866227182491213998e-01
-3.065268524681147300e-02
4.997994921095820775e-01
5.537152560464246864e-01
8.494520258280818803e-02
5.017269223112303944e-01
-2.602361376133967008e-01
7.328151330952891174e-01
3.815054073652249800e-01
-2.061461389000371902e-01
1.134854784096694047e+00
-7.876686730036686068e-01
4.191877693698080054e-01
-1.055384699798356696e+00
-1.665445437290589137e-01
7.504783904300018627e-01
9.441735512957405430e-01
-4.572773508665335940e-01
-1.740643516754042941e-01
-3.352028260314438013e-01
1.180917478236765406e-01
-6.073557825115313280e-01
-5.087386055361098336e-01
4.641695884781062431e-01
8.311266783765371979e-01
-5.519918885118075824e-01
3.230889538871998812e-01
1.999600233664953486e-01
-4.895080511035157511e-01
-1.322805277948155556e-01
-9.718389865150944829e-02
-4.615715874585099021e-01
-5.380423113953123337e-01
1.889074011207710346e-01
-4.924484796410519838e-01
-5.787143948050015307e-01
3.957827852297733373e-01
8.422474504660637518e-01
-1.319336885115513169e+00
1.045628644054294343e+00
-8.566185724715575933e-01
-1.019155231604644385e+00
-5.613761453556492809e-01
9.894543975894852517e-02
2.469440609950462884e-02
4.200790178712635603e-01
-6.537874149459907969e-01
1.719964870508060573e-01
5.700728103886110176e-01
2.111751851498845922e-01
6.783648137315978488e-01
4.708410775166549933e-01
-1.913612202061767409e-01
4.017084048778207239e-01
-4.873888609765073543e-01
7.400410939623550122e-02
1.194773882671425591e+00
