-1.460276760317386957e+00
-7.880444504977628384e-01
2.239419538799978238e-01
1.138318749007792841e+00
-2.860612222152297823e-01
-7.066686047071751853e-01
-7.760920810170439665e-01
-9.963661334093845134e-01
2.959269795956914750e-01
-1.064360472831335613e+00
8.960282046799041833e-01
-1.127398837835320577e+00
9.450393884313740278e-01
1.673556602359227985e-01
-6.277079713983152454e-01
1.708182257352772071e+00
-3.858460811927365008e-01
-9.980086719085634606e-01
1.231974597402541449e-01
-9.664406209221487742e-03
-1.240766809058128750e+00
-3.370506636530361533e-01
8.711014553029432506e-01
-9.013873569533246144e-01
-1.425191889170367432e+00
4.559489090918825149e-01
-2.862115864353602657e-01
-7.186322646107892176e-01
1.372130857859021225e+00
-2.020886487456339253e-01
4.771281416883350612e-01
8.334213473828625540e-01
-4.976108688545444192e-01
-1.879245456998153707e-01
1.439126531877555903e+00
-1.661693910207387770e+00
-8.012999390794968146e-01
-7.288045539236009951e-02
6.181728669667567733e-01
4.379119153402545594e-02
1.022046812583247366e+00
4.282923815733049033e-01
4.408961697252281597e-01
-3.145502902579914717e-01
-4.071657149647869844e-02
8.553795631272604894e-01
-1.630640951946790151e-01
9.356904461117017124e-01
1.287117588464583129e+00
1.455352137860688400e+00
3.707738111227483202e-01
1.007372647079242789e+00
5.560220377683080528e-01
-5.712407815065745353e-02
-1.218613088607060302e+00
6.098467868185436513e-01
9.839500411638275601e-01
-8.319085779137871950e-02
-9.262112774261626047e-01
-1.050247141341304591e+00
9.549410161337446024e-02
5.715775214657330405e-01
3.870547298665003577e-01
1.840651703742458789e+00
-1.228829889116373586e+00
2.773343458687648755e-01
-3.344820889990142154e-01
-8.728885688175321844e-01
-1.834983665121678598e-01
-5.887756359823839158e-01
7.535596336483814106e-01
-4.811524495877392282e-01
-1.056184216268631459e+00
4.112782162043076006e-01
2.953900165181970738e-01
2.651065141451222629e-01
5.796677739646682870e-01
-9.269857684810400844e-02
2.170058542485628350e-01
5.484278951769714361e-01
-3.852930037204300301e-02
1.750611874012974467e-01
-2.457456915413032128e-01
-9.951683165261702158e-01
-3.901990905705115531e-01
2.023764362074133016e-01
-7.048320917118098272e-01
-1.015075491602802860e+00
-1.029974759039640642e+00
-6.838129549905967997e-01
4.911537569726376340e-02
-5.835944578961183016e-01
-5.674856996261555819e-01
4.034380565639167360e-01
-6.687355953510634721e-02
-5.970602635455146689e-01
-1.404957866870191641e+00
1.175006107536463729e+00
-3.818825538373272765e-01
-8.276124295639635253e-01
-1.167817424969685991e-01
-8.015282257244710218e-02
-3.738279648162207147e-02
5.931363103789256686e-01
1.311272066078060516e-01
1.346947646549168653e-01
-1.298503766111838598e+00
-8.634883039709829733e-01
7.701424316645957835e-02
-3.069886845581689672e-01
-4.496264734894722670e-02
1.461814648895672697e+00
-1.245364822960574935e+00
6.147969882130874947e-02
-5.346190813611952919e-01
6.007013069735782640e-01
-1.400380137742579301e+00
-6.202934454206313619e-01
-5.539577056023753387e-01
-7.463247333642903936e-01
5.417474025177655417e-01
-2.278494050941871352e-01
-8.397198238047021146e-03
8.292195101099736343e-01
-8.360219584934138748e-01
-6.241080542969570377e-01
1.430589451769706200e+00
-3.045911193797419536e-02
-1.043418383504610691e+00
1.106306226387792746e+00
-6.319292184496547726e-01
-1.338412781244000982e+00
-7.918626905011521000e-01
-1.341700483962488255e-01
-1.246776687369065550e+00
-1.322894412292146660e+00
1.040271735495035488e+00
-7.949134464602991557e-01
1.904757720835522916e-01
-8.113934474019119936e-01
8.047803266996479410e-01
-3.064557843322404662e-01
-1.130106928135924171e+00
-1.103738472208140919e+00
2.090725394010886085e-01
2.801864300092697935e-01
-1.487335023274789947e+00
1.215906039636141411e+00
-3.539078265673957224e-01
1.069595321765693940e+00
1.069627530571224838e+00
9.858809154963603660e-01
1.344880528402833675e-01
9.934959836726957594e-01
-9.117194628824816238e-01
-1.970185569454274144e-01
1.300554644727378584e-01
-1.012562013742443146e+00
-1.273267822328460364e+00
2.266576608694761408e-01
8.732533456322177923e-02
-5.235849737318070130e-01
5.836385078127753756e-01
5.778092861413907100e-01
1.022006707165838524e+00
3.729622034198581959e-02
4.285849013407421193e-01
-2.022993843976985673e-01
-1.914364235820573412e-01
-7.794955465156230279e-01
-9.428849146985635032e-01
-3.427864743319478658e-01
1.311910096027685935e+00
9.498532029358283113e-01
1.293630560326360257e+00
1.791602868643592528e-01
3.249561010826651497e-02
5.136754040112236908e-01
-8.956611406524191965e-01
1.711516271589916816e-01
1.062532251387792448e-01
3.902440234382057449e-01
-3.197884480880892610e-01
6.666546004393701930e-01
2.055233593639316236e+00
-3.031075679992397687e-01
-1.085183272923952780e+00
6.548602396039137075e-01
6.473254409890094596e-02
-2.748427053651870677e-01
1.700748076231990424e-01
4.012259530384213457e-01
-6.604283417132547074e-01
5.092668920501133289e-01
1.484064130920970115e-02
3.164379420627172479e-02
7.953716928995380187e-01
-3.195336358343626171e-01
8.531353937888505046e-01
5.232481794630177152e-01
-1.905957374187998710e-01
-6.656240387307070794e-01
5.033669304550210111e-01
-5.460830141498842494e-01
-1.043124636767155944e-01
9.425725441831237505e-01
4.225975738402080184e-01
-4.589623344116685044e-01
-4.286346782582289294e-01
-1.180998919788643242e+00
-8.063680154838064329e-01
-2.618478649128538338e-01
3.646959748437655913e-02
1.196913141382304868e+00
-7.785646293515896543e-01
1.003232237051459474e+00
-1.887563591569427102e+00
1.012956948069691387e+00
-3.322791677626146245e-01
9.990143171985005344e-02
-6.122953119285428070e-01
-7.872636516755326941e-01
-8.387070063481640858e-01
-4.645820233330036908e-01
3.498405296958121413e-01
-2.248092643335469987e+00
2.168370383118955469e-01
-3.093039177044730748e-01
-9.828982505012838766e-01
-4.865676522346806809e-02
-1.273202511698043882e+00
9.716604990318378210e-01
3.619126975859369710e-01
9.328864865090424896e-01
-1.890375816566158274e-01
-1.072600503849761688e+00
-3.715898204315777331e-01
-2.113726780406345318e-01
-1.114140807416442280e+00
1.209978744305744813e+00
3.439229149010661901e-01
6.147942867826691193e-01
5.046618287251861679e-01
7.730451757526767276e-01
3.030155213953762416e-01
-6.292200737810413891e-01
-6.734529693102704329e-01
-9.011998011272575049e-01
-5.583173237839922365e-02
8.075560656141320681e-01
7.747134634616947846e-02
9.611865483985748693e-01
1.069451764544499861e+00
3.216934135039404286e-01
-8.531888234676987537e-02
-1.430658934815678851e+00
-3.756692860791712163e-01
-7.029986649790050945e-01
-2.535471237085340501e-01
-9.294058480057150184e-01
-1.402478032928221319e-01
3.658525944301514454e-01
9.199990143666453291e-01
5.812140874314726258e-01
6.107554931086498495e-01
