2.031848787567696046e-01
-2.335874978389416157e-01
-4.474691492595224140e-01
-7.785878859516336403e-01
-1.277228214707988307e-01
6.891531837273925376e-01
8.095210118237650132e-02
-5.755422376429657483e-01
5.599221874594144666e-01
-3.741783574122520828e-01
-6.143229495894630965e-05
5.179223935965300285e-01
-3.964214276708084017e-01
5.074693331803414864e-01
1.452770996726189257e-01
-1.593552148390486867e-01
-1.607991234666201752e+00
2.477205995357623092e-02
8.361407458731906495e-02
-1.967502676193964573e-01
-7.767059862767093925e-01
-4.686335703375102413e-01
1.314314536788510290e+00
-5.443632570652909841e-01
-1.779666811015029604e-01
3.281635470553505018e-01
2.615402256745653631e-01
-5.342929009847307009e-01
-5.786476739759448540e-01
-7.771560688298259634e-02
8.598671578877608024e-01
4.253225878401712956e-01
8.330033592820549337e-01
-3.937906896862630735e-03
-6.541943708803490409e-01
-6.864815315049597189e-01
1.153916273201109677e+00
-7.998565684152176836e-01
1.021012251847735142e+00
-1.048751531576546769e+00
-3.659635960177347602e-01
4.572313871736580215e-02
-9.934235953320234014e-01
2.220838939908468535e-01
-9.862600018239233712e-01
-4.758307191868829111e-01
-7.543795374102617579e-01
-1.036596198839158323e+00
2.872388734905502172e-01
6.134852819643327182e-01
-1.039599283264817320e+00
-6.615534193727597156e-02
3.271666066609213441e-01
3.901621316105764459e-01
1.728886873684381542e-01
-6.984696826435405903e-01
1.570641738231505838e-02
3.562881920583049755e-01
5.791068173084766846e-01
-2.823099699117018746e-01
-1.584397734704994232e+00
-2.953124470435364302e-02
-5.966649165098512064e-01
-6.890728970114905483e-01
-3.241501031914092446e-01
-9.644335996856477911e-01
1.440554401343364210e+00
3.721105335053717100e-01
-4.783250223313351146e-01
5.796459124695831910e-01
-3.783597926022315150e-01
-7.801954741020779294e-02
-2.824149355962071173e-01
-5.186515785227197028e-01
3.155366817601230056e-01
5.022821071170533447e-01
-6.734289042933894187e-01
6.813885991801758024e-01
5.245327314853271972e-01
-6.631742066881020081e-01
4.276081373957574261e-03
2.071917867012252057e-01
4.092873397075180719e-01
-1.518139022304279218e+00
3.527261651059973024e-01
-1.721375595773907696e-01
-2.218759084603266207e-01
4.238072738296103092e-01
8.438573736078263110e-01
6.068588251714311932e-01
6.713471940378847869e-01
4.063299063375012121e-01
3.089045543500419377e-01
-9.531926120422615778e-01
-7.325948207823999858e-02
-2.090232514011363951e-01
-3.535372315292754641e-01
-6.642163607388451574e-02
-7.614449714200062225e-01
-1.018069322832686752e-01
-5.497235206773752880e-01
-9.660182853307706097e-01
-6.126491382901120275e-01
-1.361823970834653785e+00
2.553705801070729753e-01
-4.715185488393096591e-01
4.816730873904259136e-01
7.383848887415246365e-01
1.102534775764394126e-01
9.585467219823515794e-01
3.742779695444892196e-01
8.617559670539584049e-01
3.334149213209231521e-01
-7.234472067875048484e-01
-1.022930193556352285e-01
5.106237847923967843e-01
7.700908974622862058e-01
-2.057359445412965560e+00
-6.006556508856558674e-02
-1.909703325034020349e-01
-2.558376875277409424e-01
5.833433021694419685e-01
-2.117495309520747437e-01
-1.987470416105779347e-01
-7.302142801440421049e-01
-7.297934838239554800e-01
5.580976445269362207e-01
3.529204637730424254e-01
4.013299358839977349e-01
1.866017013741098907e-01
-1.095092136225927382e+00
-3.085682331819266655e-01
2.294072706533009653e-02
1.092625780810057901e+00
4.496873436969713728e-02
-7.816039137166950201e-01
-2.391563209773881482e-01
2.504988727153001360e-02
-1.576089106916948313e-01
-5.218059912243827592e-01
-7.104373465768967222e-01
-1.802140489129635537e-01
4.321395048028090491e-01
-1.142537023765168164e-01
4.083554810523877254e-01
9.292215848785686516e-01
-4.768579238265381881e-01
-1.413219407484277435e+00
9.514227826217892814e-02
4.819265944820037006e-01
3.072983509258871426e-01
-3.891780435484147316e-01
6.424310658308481914e-01
-1.155576970475571619e+00
2.028038255019945613e+00
1.273652501211545385e+00
2.197574754961732491e-01
-1.608771849924245656e-01
9.191171950163017079e-02
-9.058693754266109455e-01
-9.940945281951668600e-01
3.596431362183308278e-01
1.738990033759958420e-01
1.011577369697854722e+00
9.115800612467239716e-01
-6.445847650980573995e-01
-8.377033344351453303e-01
3.596967430097395280e-01
2.304097887530278110e-01
-6.489035183293874187e-01
-3.888000096761919100e-02
-6.166163728806370870e-01
-1.389827092501745076e+00
7.776563469181719812e-01
1.033400979229109895e+00
1.129870632993920654e-02
3.766163138367101260e-01
7.186162616000046910e-02
1.399416262111777276e-03
-1.102335902254238054e+00
-4.001495984562759567e-01
-7.092725304332178626e-02
3.024382772052802704e-03
-1.303898385349856248e+00
1.894992319750452570e-01
-3.815920855414099977e-01
5.704998212707111938e-01
3.143689565476011638e-01
6.987164397830935014e-01
-1.418635679493299939e+00
-2.882762034692148978e-02
6.316862043077929867e-01
2.432598798369849380e-01
1.202940990819082456e-01
-3.181715626533400676e-01
-1.220543939911803655e+00
1.049291848569045893e+00
-7.102466512752401151e-01
-9.871192553408233428e-01
-1.740600626204619195e-02
1.247650738140795579e-01
-4.756747635094757953e-01
-1.917374167483759662e-01
-1.035971743895743868e-01
-8.279355892580186893e-01
4.935235689339924625e-01
-6.632043292872678020e-01
3.318129816012115874e-01
-1.708355414496490476e-01
-8.662910477882281857e-01
1.044927840568231847e+00
-1.542339722433808014e+00
1.232541780875806570e-02
1.012501303460387136e+00
-4.340444062224932398e-01
5.449977288111940155e-01
-6.435757795262297964e-02
6.829546323332438273e-01
2.484541445140324711e-01
8.282274461607189719e-01
-5.189318644046490014e-01
-9.921409262184881506e-01
-2.548987539802751723e-01
8.689551522626588476e-01
5.013267852533299651e-01
-2.611286889320771909e-01
5.722281086050368115e-02
2.480909355074367162e-01
1.293204377786165260e+00
-4.852821857657689253e-01
-2.292707862630088134e-01
-5.898169852865575713e-01
-5.737982635562968170e-01
1.092674998745506443e+00
9.516196517751289718e-01
-9.199349615444138983e-01
-5.517915046233896614e-01
4.475481315876329025e-01
9.826340242489702836e-01
7.104574594374015728e-01
-1.237750373155360961e+00
-1.169895004173694963e-01
8.056807928110247818e-01
2.255775581463186352e-01
-1.162173267921573938e+00
-9.072775629001144093e-01
-2.584651139744608694e-01
9.954510477342539687e-01
-5.331200815945403848e-01
2.475554699921201918e-01
6.935248982616188940e-01
-3.598904814752912351e-01
7.131980878316384054e-01
1.085451677025784489e+00
-1.380922167565016734e+00
-5.982000809258419816e-01
-2.634569392552066347e-01
5.085315381413146874e-01
-1.105660762158453103e+00
2.194661872525313917e-01
-1.665937088956270795e-01
4.843102311792452652e-01
5.436570994955123304e-01
-9.821216124340155229e-01
-9.581455564573639894e-01
