2.778015088562835744e-01
-5.439616264853224248e-01
-2.989412787114529291e-01
9.519575960459256692e-01
-3.006214869975920578e-01
6.138734473269815695e-01
-4.224111089973447974e-01
-2.220652113372445502e-01
-1.122638624386939732e+00
8.168256802987799992e-02
1.539784231950798998e-01
3.538581787437753423e-01
2.624058338011563130e-02
-7.696537569679462454e-01
-2.966189375380586801e-01
-8.326812635846736477e-02
-9.982838519481362916e-01
-1.814203392214896460e-01
3.540011080710778191e-01
3.659847038008008369e-01
4.102861528472363517e-01
9.243489735566859378e-02
1.406667571436962083e+00
-5.086731742474654983e-01
-1.321444177256378527e+00
2.028117010509707108e-02
-5.434534887305247919e-02
-9.835322453316034386e-01
2.439634070973460966e-01
-3.928193557012560344e-02
-4.700657954811147676e-01
-3.566173901948349045e-01
-1.332446896259298352e+00
-6.086353013945839940e-01
4.212536042740176456e-01
2.443875486402665942e+00
4.444437931097339201e-01
8.279136231748680519e-01
-1.546830144748534863e+00
3.827910908239468557e-01
5.108180202301040307e-01
-3.955159512618696138e-01
-1.596996559952454375e-01
-2.010123212268911663e-01
-4.370596883071634631e-01
8.926455136235165178e-01
1.857280705213793182e+00
4.266821435729014067e-01
-1.318799668921667667e+00
1.362399255971716849e-01
1.230775123134410176e+00
8.111383637098005250e-01
-6.829864473923865642e-01
-6.602689492279421035e-01
3.535381467197844518e-01
4.131581505967316659e-01
7.420146458008738399e-01
-6.447996946024736609e-01
-4.074836426175601489e-01
3.969959046560436744e-02
-1.388945710482970552e-01
1.020352929704475553e-01
-1.767302782992409838e-01
-1.849698855777162088e-01
-1.130716554449385125e+00
-7.187767451958676501e-01
-5.939922111034008356e-01
2.047300096683984938e-01
-8.574468810566052701e-01
-7.202047023401739190e-02
-1.355232817745229967e-01
9.773446945292509069e-02
-2.138331349854362129e-01
-7.945204795795088870e-01
-6.535719435966012014e-01
-1.101709288463052383e+00
-1.787467043308872683e-02
-3.262649531917523049e-01
-1.191488481334315397e+00
9.134687715564928645e-01
1.014346506355326083e+00
-5.318299831718514836e-01
1.272872546340229727e+00
2.796420349439140418e-01
-9.257734907727743767e-03
-7.648900858742937459e-01
6.054538512718662391e-01
6.416810855577550488e-01
-7.268338692231676168e-01
1.070788090099701051e-01
7.344425599653559011e-01
-1.028990665908080970e+00
5.801830776824165037e-01
-9.867286549685795327e-01
7.241794797640155323e-01
5.662147540236189824e-01
-1.643684907758797553e-01
8.959221618396782105e-01
4.826939423805765017e-01
1.103310725984016916e+00
-3.107468683317624047e-02
1.568260907215813571e+00
-8.474807797830666845e-01
-3.467501123330193891e-01
1.084795655429132699e-01
-1.579734609895113717e-01
-1.940570580296063774e-02
1.027395287430785231e+00
2.844068464226732207e-01
8.414016192005269179e-01
9.515919189210804152e-01
5.505837978864265292e-01
-5.013689213417132917e-02
-1.595290547337729237e+00
-5.995835752517120198e-02
-2.335346422409270151e-01
-2.363922079774344320e-01
1.584665743240407099e-01
9.333897259520527179e-01
-1.274448987543939094e+00
-1.721375123117862005e-01
-1.683368976462482181e+00
-1.371587151081476552e+00
-1.403964011077447616e-01
-6.048523355359256559e-01
-8.127124477636709088e-01
7.992167261098650499e-01
-9.210655381439878386e-01
4.919742451416917461e-01
8.256311209510240889e-01
-5.896205635689442115e-01
-1.103945056135650360e-01
-1.810552269837709116e-01
-2.054287939082601433e+00
4.636534352634529288e-01
-3.400235283345880988e-01
-1.035001823635941953e+00
-1.134901086122036551e+00
1.871279424973500527e+00
1.178868868197845643e+00
-7.683458818622455055e-01
-6.793064826944792411e-01
1.339244400371647492e+00
1.307621420939911960e+00
-5.276731703783790195e-01
-1.876066125541724139e+00
-1.394303278720881112e+00
-1.465543711346168898e-01
2.889547320473561109e-01
-2.849146017066002123e-01
-3.403681446813772160e-01
1.070477273020478126e+00
2.800363616016824375e-01
-8.292204979399409037e-01
-3.868203354884679479e-01
1.921271413151292018e+00
1.150105246224169875e+00
-1.169638612399656719e+00
-1.870959523717097284e-01
-1.028178390867631631e+00
7.016398290036586216e-01
-2.796229810173544994e-01
-4.223152456686509737e-01
-8.995152328389812713e-01
-1.126972911055032611e+00
-7.950305130450453506e-01
2.735839227971681442e-02
-1.134822209691019435e+00
1.092534888434182339e+00
-1.278188320875283335e+00
-2.194479266546194296e-01
1.584914396986581320e+00
3.441739645394037428e-01
-2.769825682531844024e-01
-3.792685273489047604e-01
-3.911088568282854450e-01
-3.511631266654474670e-01
5.779367517263269693e-01
-4.669823803216478497e-01
2.469503729004869363e-01
1.824037889918381783e-01
4.676512812571260724e-01
8.991872739997410768e-01
-1.384487147317813083e+00
9.184951158669807381e-01
9.338509885016231804e-01
-4.298278129739075970e-01
-6.691471051112916069e-01
-1.510887745260114379e-02
-1.386010511487199004e-01
-6.280034276244977898e-01
5.055629598952554593e-01
1.811166299715092354e+00
-2.086159520163536341e-01
9.959609653114012140e-01
3.353271813073314123e-01
-5.586678014846482299e-01
6.183038761332155797e-01
1.294991115743391541e+00
-1.731019572163213560e+00
-4.490269948361547137e-03
-1.042767351443489421e+00
7.509683624764946774e-01
-2.034774900079469040e-01
4.594283964754223293e-01
-1.672556668043514438e+00
-1.654908510923150056e+00
-1.895460432429565412e-01
-4.567964019925039310e-01
-5.289271994529018972e-01
4.122191926696445741e-01
-5.497819816429351247e-01
-1.220756036104221343e-01
6.860348847647761428e-01
-1.229751086777947311e+00
-4.540627572745851714e-01
-1.210798459072087052e+00
8.252974751382691210e-01
-1.475427235178871088e+00
7.001713434490507426e-01
-2.695124655489697929e-01
6.599825976318599019e-02
-3.948222699271319858e-02
-9.590061908196279017e-03
7.092021947880829957e-01
6.524679762908980329e-01
1.056382866161055478e+00
-8.728121163412991823e-01
5.319789586453806951e-01
-5.998839997058360574e-01
-1.005472532067031022e+00
2.681788136911851250e-01
1.086892238298793556e+00
-6.622217761380593259e-01
-1.934938355443316382e-01
7.265215997113028124e-02
2.294870848240328221e-01
1.819441531326560835e+00
-1.020074437898469188e+00
7.275618655144009406e-01
-1.724628300767586442e+00
1.259015974549014594e+00
-1.628753380907747850e-01
-4.053102514716719340e-01
-1.318066363588054735e+00
-9.489692801174307579e-01
-1.114936960638500674e+00
-2.720976972438692298e-01
-7.085068153828708581e-01
-8.909908452005134150e-01
-3.696996244238159868e-02
2.971058898367340273e-01
9.830338702869044765e-01
-1.700341914346897854e-02
2.241130459253448670e-02
2.147368598158363451e-01
-1.465426844874487378e+00
-1.178477150944819085e+00
3.593029310912753682e-01
-1.142062615875257592e+00
4.035816638311275906e-01
-4.764259444599089344e-01
1.099371990794213438e+00
7.560932375820869633e-02
-1.177830473050883953e+00
