-8.289718224392359502e-01
1.120037757879636664e-01
1.043718695863754320e+00
1.530389402004676214e+00
3.024865835500665234e-01
-8.288669829408338297e-01
7.866604529866449980e-01
3.863169973967500725e-02
-1.416846017758852383e-01
-2.212908973714834693e-01
-9.462072383562342148e-01
5.359271897351830516e-02
-6.136958615874089640e-01
2.823182419604267634e-01
1.239324453504016432e+00
1.205703299081932744e+00
1.071750803575487021e+00
1.699888764155235599e+00
3.090155484418185550e-01
5.094361585498585754e-02
-5.856484119070645145e-01
1.120661308605609863e+00
-3.749741275703399879e-01
-8.088803343717998473e-02
-4.455911341975069551e-01
-1.324233031481903411e-01
2.092206976445021294e-03
-4.927182814162847646e-02
3.264902521746744779e-01
1.359397476877358679e-01
1.116821683144096022e+00
4.163699064536731109e-01
-8.082166728396456001e-02
-1.209523015166603654e-01
3.377845003591500861e-02
-1.293607758443621747e-01
3.114698295657152283e-01
-4.234003460802037710e-01
-8.600562678352283164e-02
1.721634967619644074e-01
-2.734959663599410007e-01
1.488004122218872238e-02
1.101274081216063960e+00
-2.396404327361456865e-01
1.884229441398792559e-01
-1.601614425926073393e-04
-4.479560371514605399e-01
-9.443860575552431857e-02
-3.168588268399255004e-01
-1.034381044108562353e+00
-3.038691338808146014e-01
-6.382011696089595620e-02
-2.085522147493041323e-01
-1.618813413142179636e+00
-1.294741709158791165e+00
2.268107859295175333e-01
7.812705753309467926e-01
-4.594937526582724141e-01
-4.200495293741887681e-01
8.915529792468885883e-01
2.537786702636198877e-01
2.845818167866790427e-01
3.017698889356741354e-01
-8.452171119642761798e-01
-2.280914722283325369e-01
-1.028434014523734064e+00
-8.079313784812558463e-02
-9.396525983981893759e-01
-2.161730913534192222e+00
-1.695557454972735356e-01
-4.947581322653775149e-01
4.341759136432625232e-01
1.241541140026344525e+00
2.828952068818994525e-01
3.762450999675824859e-01
1.447792915370846645e+00
3.874735166002672981e-01
1.032553261399567823e+00
-9.398240378771488546e-01
5.942057164549688908e-01
6.681229278132529981e-01
5.905027790511296892e-02
5.089688709016733092e-01
7.875889554253623359e-01
1.378313372464300413e+00
1.222532921587891064e-01
2.815486461875614799e-01
2.890456953664850559e-01
2.789453944303663668e-01
-4.108766158034086735e-01
7.156710391498679602e-01
-1.574568989193785296e+00
4.062149891576152805e-02
7.691710064152310622e-01
-4.193980491885168638e-02
-2.431352164115270220e-01
-3.273500134312987697e-01
-1.217093995429974207e-02
-4.298351779526489447e-02
-9.896450690940513661e-01
-4.370389367225027688e-01
-1.091366348754792881e+00
2.795085713941879990e-01
-7.385551597098771737e-02
1.003823229251733284e+00
-1.478822873405296057e-01
-6.963433419150673043e-01
-3.668915006728559192e-01
7.695327052709051152e-01
7.837878742464166049e-02
-5.351335669566272824e-01
-1.775293554831638976e-01
1.500299824298364504e-01
-5.755319299168419889e-01
8.168210399200039884e-01
1.081057412364299086e-01
9.309205869056303984e-01
1.175640285881408564e-01
2.541419378492623116e-01
1.039355696637555226e+00
1.958737258495708289e-01
1.258659063386600718e-01
1.094239197148546783e+00
6.738656312217391475e-01
-1.771273847018526526e+00
-1.475889035226249368e-02
6.139099775030585349e-01
3.112518958419088211e-01
-5.163804330343912952e-01
5.958834197090004947e-01
-5.685171970331621694e-01
5.154164600529321794e-01
-1.379359023205357859e+00
1.386481352134676936e-01
8.665460384095893254e-01
-1.119100595428326406e+00
-1.267700477226171851e-01
-5.877533743880161143e-01
-3.893457258545145461e-01
9.607172486241095655e-01
5.460894780212615096e-01
-9.421368185457372757e-01
-7.047384420889264423e-01
-5.097032674318680012e-01
3.405615413627163801e-02
-6.980367060035848059e-01
-4.271336544100249877e-01
3.480191837003151489e-01
2.704407502002108554e-01
5.114171193730592258e-01
6.524407583724191051e-01
4.575093670260157452e-01
-1.052825301365694077e-01
4.746998854204308449e-01
1.416260573861860772e+00
-3.407852901099464593e-01
2.833094828920275088e-01
-6.968487078163283499e-01
-8.035889893426304553e-01
2.377586135688369295e-01
9.806835965582796355e-01
3.478524827096720617e-01
-6.335339599102378649e-01
2.278667494817535610e-01
-1.302844239759981981e+00
3.978678899310950090e-02
4.731581413260873559e-01
-1.313399131150528643e+00
-7.598205145847396480e-01
3.119836209474844413e-01
-4.539364872150088992e-01
-9.180078054486214834e-01
-6.794973312524610343e-02
3.002059700497025085e-01
-1.101614371216473653e+00
-1.127233050490280553e-01
1.717533257697556603e-02
4.992595788229674536e-01
-7.971749798162541811e-01
-1.516390335914929999e+00
-9.195761568180998990e-03
-3.769068008503924649e-01
4.473021963483730934e-01
2.651057509979354299e-01
-1.437448989213485184e+00
-1.153007847299923450e+00
-7.792247707803113821e-01
-3.842517170388708436e-01
1.476500768585307100e-01
6.419933663614865171e-01
7.525892795829076665e-01
-9.739716892409754356e-01
-6.767294243596865266e-01
1.317222209877473293e-01
9.675482493330782585e-01
-4.786870104805073800e-01
-8.936873502962054960e-01
4.468673328158613289e-01
-2.782412628821862022e-02
2.051857957018472067e+00
-8.958517064084244863e-01
-4.584752908999910614e-01
-1.782789902131097226e-01
-4.661695259444629813e-01
-3.505638021594942311e-01
-5.121187579306989424e-01
2.944421103687718255e-01
8.712172825763917494e-01
-8.980622430219734054e-02
-1.200466631134078810e+00
-1.099003070276618477e+00
-1.456424473525136098e-01
1.314734974525989530e-01
-5.428562193354018461e-01
-8.707635277163516818e-01
-3.201980575383422956e-01
-9.685344053068358772e-01
-1.332268995171946857e+00
1.571446077966649479e-01
5.856820393908944711e-01
7.838264436952285807e-02
-2.058121433560387570e-01
3.853384472542209505e-01
-6.933464208095596604e-03
-1.359495694250196118e+00
1.407464615049572043e-01
-7.527732486410276813e-01
-1.753660967076576260e-01
3.424805825527483805e-01
3.154537660381073749e-02
-4.217598483239922702e-01
1.424240162137845322e-01
8.502622305571383432e-01
2.637631819504582253e-01
4.296810514983868678e-01
-1.976115329169449153e-01
-7.856800943255033420e-01
8.022981239750859306e-01
6.236780741181757737e-01
-1.339323290944006151e-01
-1.717301119042690116e-01
4.540226540836881375e-01
9.898206148672632487e-01
-5.045981424031442675e-02
-7.659210707239051397e-01
-4.526730047611934316e-01
-2.148170983323071326e+00
9.665116888032871945e-01
-6.147145529125969121e-02
4.134621405689753448e-02
-5.119340337418980535e-01
-3.735692993859236477e-01
-2.851526450069518104e-01
-4.340362618738929923e-01
-5.149960573388719098e-02
1.221645042497716410e-01
3.203869754543562931e-01
-1.271976523778243773e-01
2.634325630473256519e-01
2.147379795171700523e-01
-7.240039308797037165e-01
7.118467066418505684e-01
7.182401089856410570e-02
-3.648316994459595564e-01
2.371777455228529785e-01
