5.122782718102921740e-01
9.687564813019164944e-01
-1.643437415950052827e-01
6.349334134377128125e-01
6.667811431743135842e-01
3.828675584909433383e-01
-7.445050769991543582e-01
-5.969336151081801045e-01
-5.173280661731942676e-01
4.814910756603850150e-01
-2.987876553197148510e-01
-7.893446019180692108e-01
-2.376642552513220374e-01
1.204186037316996166e-02
-8.329300623029571859e-01
6.273628624704199463e-01
1.382258652829755574e+00
6.041213124152339242e-01
-7.805800420857934574e-01
-1.267351104060065792e+00
-3.087836793894241372e-01
5.002013929432481687e-01
5.457718631256414099e-01
6.673642508357600089e-01
-3.107915073502687253e-02
5.069704341573288975e-01
-1.237581542572339932e-01
9.837905999188305550e-01
-1.382167735355109173e+00
-3.208813017655449684e-01
-2.669351424945247686e-01
-1.231383104394918826e+00
1.022845069758063108e+00
-2.454307749980386144e-01
1.555867603337871274e-01
-1.071051368268976844e+00
1.337190782335060391e+00
9.576748543972220251e-02
3.020838290626383649e-01
6.872191180470049732e-02
5.459836395987017754e-01
-1.165609347115935224e+00
-8.541637082351464239e-01
4.583793432777650834e-01
-8.085533779002509469e-01
-6.547284152287229375e-01
-1.810983146525874554e+00
-4.301719067737223012e-01
-8.345627290587281921e-02
-6.302761814183217570e-01
-6.435801006594232820e-01
-7.270103457326088092e-02
-3.878152373652798968e-01
1.449424521780064312e+00
-1.320695179202089620e-01
-3.203182735587770114e-01
-1.438967343881300542e-01
-8.850154796331572982e-01
-4.235608659129921905e-01
-3.899891882864752191e-01
3.056433547282336183e-01
-4.360890862527956324e-01
6.129039094823592881e-01
-3.763280140482421210e-01
3.321382225156522261e-01
-1.444178077019800721e+00
-1.120959961441405195e+00
-6.938165926129435945e-01
2.897760110684474144e-01
-3.319940936484292449e-01
8.353043017713179808e-01
-8.652007718012175719e-01
7.463092193253786366e-01
-3.010974215491076245e-01
5.081099177690724389e-01
5.985763482788327705e-01
2.553189349382071205e-01
7.860300172519978368e-01
1.144008238367206998e+00
5.756430150733788942e-01
4.484814388111879602e-01
-1.076205266752692680e+00
5.230370957052693504e-02
3.451207573616176805e-01
-7.267992349457008672e-01
-2.146849947534740233e-02
9.978337401129806772e-03
9.217542720189225713e-02
5.218686120817150886e-01
-4.925608069324228233e-01
8.490764572955514233e-02
-1.924110477021357679e-01
1.375960009065987144e+00
-5.585332583374493787e-01
-3.819991235788017803e-01
4.921375043941377259e-01
-1.733293431134292240e+00
-6.726877342479035127e-01
-5.767309646872144091e-01
3.674550248522000517e-01
-2.760349665857737556e-01
9.676773006215860784e-02
6.093738894593214717e-01
-2.608811641658180802e-01
2.276647085119810066e-01
1.267232796157068186e+00
-5.696989752671186569e-01
1.462691411814847076e+00
1.153273278098874588e+00
1.253021415705067310e-01
-5.795143937646735077e-01
1.258545599919051794e+00
4.724462648747468352e-01
-4.230888667036556416e-01
-1.010466473841567792e-01
-5.543983689336436094e-02
1.328917041738888027e+00
-3.702749489755599033e-01
1.146850126667059572e-01
9.243164195232327351e-01
8.859355155100067103e-01
-4.662310800302289504e-01
-5.159921180464857038e-01
3.544014800532467313e-01
-8.817123788580132071e-02
6.270168789996266590e-01
-5.706227705932976901e-01
-5.056834175318527524e-01
-1.192764624357038894e-01
1.839342761946355376e-01
8.465862513004105416e-01
-2.546728222235691064e+00
1.149873086715911930e+00
6.647507985683800413e-01
-1.973987778903699697e+00
-2.519287956294551378e-01
-3.581177116294299578e-01
-7.617847622236265659e-01
-6.801767140809067413e-02
-3.407255278916751506e-01
-7.294793922211063597e-01
-3.105743771144260368e-01
-4.336589940124900844e-01
-3.161753549800704333e-01
5.078061997094174274e-01
-5.123915121965561675e-02
-4.435219534003173592e-02
-6.391010087895970804e-02
2.631428694571176508e-02
-5.294676895645737957e-01
1.758840559164637440e+00
-1.017897589439145323e+00
-9.179356933318492950e-02
3.090253244512453090e-01
-5.995775802342202532e-01
3.952829777667281053e-01
6.002097612148578065e-01
6.489276920673171523e-01
-1.249243752188912815e+00
5.435733022850748331e-01
2.776828639796800058e-01
4.748447103007579218e-01
4.557975452905628500e-02
-8.410552408074394304e-01
8.588575219091992841e-02
5.371296890482617492e-01
4.314724921188825557e-02
-9.308600348652581458e-01
-1.251834534699221235e+00
6.395952467489298687e-01
2.909850023895080851e-01
7.378548630592828284e-01
3.600465893407890361e-01
-1.486870919170150795e+00
7.589327682085846849e-01
-8.456989542694177686e-01
-3.815240880238060517e-01
7.087064061789738467e-02
7.468775498731744511e-01
-3.664503722722864953e-01
1.539146659447743426e+00
-3.809942494895718346e-01
7.836196349724010579e-01
-7.878966100059483502e-01
2.086539004978241740e-01
-4.053565765896615103e-01
-3.487384272077633240e-01
-2.901806137678786257e-02
-5.804556478925648744e-01
-7.326827812935035045e-01
-1.666481743133441107e-01
1.164743651027486671e+00
-1.178203527263348427e+00
-8.219600518869614181e-01
1.536119455125605660e+00
4.568171004023705017e-01
-2.910573375894595638e-01
-5.544875942355085296e-01
4.816019592430315077e-01
5.946198924165428945e-01
8.712130363423186141e-01
3.549525394538373679e-01
-1.482572942102311719e+00
-1.539169919184790514e+00
5.146854818425825595e-01
-2.215103186514364442e-01
-1.754267769296025126e+00
-2.715552934127708484e-01
-5.853967620556583817e-01
5.458426238346698600e-01
-9.575247596351401658e-01
-9.005758394043422710e-01
4.379862240890112224e-01
2.957312694892033633e-02
-2.198484605474772813e-01
4.141775779584966344e-01
1.014584609834480178e-01
1.545725144865753631e+00
4.349654112604469658e-01
-7.760175300350202754e-01
1.064572987680453497e+00
-2.867011720236621874e-01
-3.592501978243188843e-01
-1.347856991705949914e-01
9.196097056949086301e-01
-1.405456220645343590e+00
1.513799114897221632e+00
-5.075494658801603387e-02
-3.416127199202162457e-02
8.292477124557988688e-01
1.166318990062169325e+00
-8.816753687002994166e-02
2.302411465339440078e-01
-1.539245704986131891e-01
-7.079045025988919271e-01
-7.091063118078078098e-01
-3.649429425171854535e-01
1.207098275944836208e-01
8.069214921406340224e-01
1.189999219305821893e-01
-5.755750990140978685e-01
1.558103223227302880e-01
1.180861385440643341e+00
6.830843587273611739e-01
3.921857143516355171e-01
1.895925057627394050e+00
-1.689946694214796263e+00
8.107127102155156084e-01
1.321570996857547087e+00
3.333734625241674410e-01
-1.579220804660173283e-01
-2.034934477466079639e-01
-1.735949196455377042e+00
-3.526472817482403932e-01
8.468153707673802266e-01
-1.143210370308010759e+00
-6.565960766325354969e-01
-1.863301241640899497e-01
-2.910913828242698842e-01
-1.378047353800440300e+00
1.737766719519560077e-01
-3.479633579914045982e-01
7.644791531324977019e-01
9.687455423333192206e-01
-4.498681733037924180e-01
