-6.480151887721163906e-01
-1.782156656005856044e-01
-1.768195495331178480e-01
-6.574313952427268681e-01
-1.308245129401137463e+00
1.278489479491652814e+00
-2.453048661032748434e-01
-6.879186650518073209e-01
-1.577424705324498078e+00
-7.750513641267912091e-01
-7.798918573848632185e-01
-6.912091745651518515e-01
7.627365081811323666e-01
4.723511109210701830e-01
-3.999443806014191249e-03
-1.008584616909928178e+00
1.458756428795919158e+00
6.948842509704129533e-01
1.382717007314978375e+00
-6.340369402607552995e-01
1.164211132644256130e+00
-1.210625148036734267e+00
-4.528736020287621455e-01
7.738356065115548077e-01
5.663303149421934357e-01
-6.865226186122098673e-01
-8.106520845396575359e-01
-4.648038089760767599e-01
1.076697852071173855e+00
9.756123191300791753e-02
-1.508899580880065094e-01
-5.506827385823646059e-01
1.980831619821326051e-01
-2.856361426293579919e-02
6.013002598854044756e-01
7.413231442885813705e-01
-1.350584716750466097e+00
-2.480355998499798598e-01
-1.891597475863548983e-02
-1.168866998306552635e-01
4.982341465605485409e-01
6.441171496335827973e-01
1.486585205965006207e+00
1.022553527387153327e+00
-1.350815602490494927e-01
1.440533086300262777e+00
8.905503358712125728e-01
6.773721012538415076e-01
-1.359222150355684500e-01
-1.578148713199563513e+00
1.567296933419832117e+00
8.575421699194816227e-01
1.722175943558733824e+00
-3.799314905935480269e-01
-1.762238295440073932e+00
1.969993768429300074e-01
-1.828143117873912704e+00
-1.103926613244658128e+00
1.047209201903858578e+00
4.915973973559070176e-01
-2.468045356424227177e-01
-5.409818197853465405e-01
8.583987282338350067e-01
-2.638888545228923466e-02
8.578304263548777175e-01
-1.110980153723359010e+00
-3.790116340681428664e-01
7.375432227793299322e-02
-4.783364335784247023e-01
-6.812743843417623513e-01
1.828201864922167630e+00
9.473103198333496233e-02
1.391562574616394654e+00
-9.921504021007130358e-01
1.619861844864552980e-01
-4.747512589709957931e-01
-6.578529414991656221e-01
1.129148107796180911e+00
-1.123720809969854573e+00
-6.300145134077018705e-01
7.811856243442510950e-01
-4.957541924375284959e-01
-4.412098457369769688e-01
-4.687029139066893890e-01
6.449699191004754084e-02
1.164703651481802660e-01
5.256879131345044698e-01
3.460319845369719260e-02
1.109524873277592527e-01
-1.061694686113316521e+00
-9.343958639418167289e-01
-7.483657553893485748e-02
-1.659653532602837656e+00
-8.173981314322322778e-01
-7.073480062632167553e-02
-3.476748731227007339e-01
7.169879205168023795e-01
3.481528130916689695e-02
5.762270846084451836e-01
-1.411188922130881540e+00
7.677366937690837112e-01
-4.959367321709587939e-01
1.862126433903423806e+00
5.125951161225119623e-01
3.826684459632692659e-01
4.404568036965286759e-01
-1.429384587237862991e+00
6.831624014551116453e-01
-1.672978606003511226e-01
1.622835170595521848e-01
1.429682953382832800e+00
1.034841636473360360e+00
-5.969902370937495428e-01
1.579747792209062474e-01
1.621017710073499873e-01
5.793454874927650433e-01
-1.196443876277874852e+00
5.112352428514396752e-02
-5.468771645261463199e-01
3.952607662877827277e-02
1.972573697387172420e-01
-4.585487459595322113e-01
-1.843137920648967309e-01
-6.244202500777903397e-01
-5.243071701272197238e-01
-2.369314037749932766e-01
-6.586626661201565591e-01
-2.756441493508108298e-01
-4.814119958061639504e-01
-9.433537004942129656e-01
3.433246000341524939e-01
5.735927871600847716e-01
-2.466420531508083380e-01
-9.376369013402729991e-02
3.165346896690812706e-01
-7.290543062739155422e-01
-7.173500867007184811e-02
-1.154509987932169413e+00
2.409169579988121868e-01
-7.932544534448831008e-01
-4.622374947718695948e-01
1.568350905123618300e-01
-1.330765222213673216e+00
1.504144970942690174e+00
-7.496910114416187598e-01
-1.153554253952535857e+00
2.147075893044368133e-01
1.287272680990314777e+00
-4.510515078264064615e-01
-8.496008572528311875e-01
-5.079385979833528353e-02
-2.076372789888820403e-01
6.851056825105940051e-01
2.927730581409068722e-01
6.306092605894541014e-01
7.792814604879317875e-01
8.243121868115581563e-01
-1.176203011624364914e+00
8.077799780465532153e-01
7.890714032654743137e-01
1.475745270673661791e-01
-4.393108502474117882e-01
1.402193834602250666e+00
5.572641387792010015e-01
-1.625986705264547139e+00
-2.624027252689738465e-01
1.297032649963649198e-01
-6.247554174006342276e-01
3.002225015439022315e-03
7.237016620221706775e-01
-2.525640295392752588e-01
-5.810291149681816592e-01
1.345240515320657471e+00
-1.273492290156498008e+00
4.073101597444047095e-01
1.585630881968405514e+00
3.498441870304295209e-01
6.219305514847807137e-01
7.268764615425046260e-01
4.991237479364256102e-01
-3.756363752160128411e-01
7.891836495407456020e-01
-1.125766033981403957e+00
6.061000784346792791e-03
1.504384101743324598e+00
-5.777116410215079600e-01
-8.180412025479909532e-01
-3.140850881507305514e-01
-1.184778826220413417e-01
2.255356670965487531e+00
5.256188582893663863e-01
-1.300884324509343770e-02
5.970824641945882139e-01
-1.848133130236923605e-01
-1.059724533145650627e+00
1.295963211151493821e+00
2.744679064093333842e-01
9.270062661337287457e-02
1.733751361985524486e+00
-1.507849092821148540e-01
7.762709522008617302e-01
3.833183044204185874e-03
-5.464791086926309438e-01
-2.613048393874259356e-02
1.706554936677360246e+00
-9.331657703003837234e-01
-7.414876768427427489e-01
4.996721460627149280e-01
1.393282553085028130e+00
1.490277912321477327e+00
-6.564194452998211027e-01
-1.551267989569867112e+00
4.098618776778336636e-01
6.733218409063708165e-01
-1.354847455219055086e-01
-2.795241521907127491e-01
9.510521457911393917e-01
8.860915243347855519e-01
-4.152581899086943418e-01
4.155904518648896318e-01
2.347836503150357856e-02
-2.476359077557371169e+00
8.676742456629322753e-01
-7.390921605256389748e-01
6.611789278454212049e-01
4.175231052874814330e-01
-9.480698755422161117e-01
4.400373483032203881e-01
7.187224115196372276e-01
-6.042161196891284725e-01
-9.141505894253995623e-02
7.068264408975435398e-01
-5.614417979266195236e-01
7.153147641162869164e-01
-8.713245021213206210e-02
-1.094443714217923080e+00
1.388876981957715584e+00
1.610079506329892052e+00
-9.258623349684829140e-01
-1.378937930776442000e+00
-4.205956834304068193e-01
-8.453909996480997169e-01
1.333799625493702123e+00
-5.520400748310954064e-01
3.935008895852606381e-01
1.386332015833369402e+00
-6.497245105898813433e-02
7.428164558645582449e-01
5.258919986085912601e-01
-1.076756634974981863e-01
-3.971056660344796096e-01
9.542289065009081916e-01
4.114041545786982779e-01
-6.504209375496837753e-01
9.380468407485480498e-01
-1.273401969264540412e-01
8.878744205735964456e-01
-1.290712088989294792e-01
2.231315038380534688e-01
1.372428659955579500e+00
4.868870047432356518e-01
-7.759970295477533475e-02
-2.962801688527283983e-01
6.047191835265417481e-01
2.208080659079028618e-01
