5.456450021609525747e-01
3.934967008190262683e-01
-1.131951591206380225e+00
-6.187997075414323200e-01
9.373567249957531766e-01
-1.070647172009681292e+00
2.227184249953838985e-02
-8.137014091844214647e-01
9.491654774713025045e-02
9.236845765038240730e-01
-9.684828713677867684e-01
-8.655949925880446205e-01
-2.398907527791951377e-01
1.353265333675241766e-01
-1.558357666268741948e+00
9.597637960605299723e-01
-1.212930348273671077e+00
1.082765616271002651e+00
1.173365154004991195e+00
-1.003959483136702913e+00
-1.706977713148580822e+00
1.489991025978485872e+00
-6.956693309174363238e-01
6.547908236436313922e-01
1.043085624283651036e+00
5.235103636003927141e-01
8.044646726497108880e-01
6.577403369896621665e-01
6.753774966312485750e-01
2.270749626106609020e-01
1.025478006022948196e-01
1.105503080296839080e+00
1.810727044526180274e+00
-1.292443197995819748e+00
4.712390714830833049e-01
-1.011712431698513104e+00
1.056783517384310089e+00
-6.222216063601548885e-01
2.575218654171121391e-01
-7.024412682289852272e-01
5.613580469619094959e-01
-6.785117791263156617e-01
1.331241743794475407e-01
-1.667936669170502872e+00
1.168782988834161873e+00
1.458808972214037381e+00
7.645637189647794263e-02
-5.345380909523469448e-01
-1.787026988004557226e-02
-9.318478634400778615e-01
9.225529534711259805e-01
1.904010625353797614e+00
-6.584110112741783372e-01
3.911414060807166804e-02
3.994275475491773086e-01
-1.072096676738533150e+00
3.052660700354444812e-01
-9.063185137692938986e-02
-1.310624692606510822e+00
-8.807919735799081273e-01
2.001085698628774986e-02
-1.035766562259753609e+00
-3.575644617905329031e-02
-1.198009089697047891e+00
5.189658828372829547e-01
-7.657911401745405300e-01
1.044268980092875054e+00
7.897578617899393416e-01
1.222047844659234883e+00
-1.892465790746911125e-02
-2.417331061470391784e+00
5.538011823122642729e-01
3.092513421235620896e-01
-1.601812476482868730e+00
3.947901092232228848e-01
-1.389855903448357632e-01
1.967001335491372682e+00
-1.063748513529040318e+00
2.254607010612457163e-01
-3.911554505126573211e-01
-1.103245346063193688e+00
-1.182188200341089290e+00
4.229784103787115335e-01
-2.166873620473535933e+00
-1.510405172824879738e+00
-9.295122691396255910e-01
4.672693213204783258e-01
9.769679321007640471e-02
-3.108927117141885299e-01
1.937918122364921558e+00
8.342422468502765920e-01
1.649852465416952185e-01
1.626446507932759911e+00
3.967514049746573290e-02
1.214549617138139803e+00
-7.742992722055830335e-01
-1.209724011178074488e+00
5.777378086219617792e-01
3.946392015341410042e-01
6.740715082321391272e-01
-9.301066738997931793e-01
-7.572462017875285500e-01
3.259066140380071919e-01
-7.225837572139262033e-01
3.478561547727675451e-01
-2.372519483733283308e-01
-1.453806956260081273e+00
-1.012668278141475753e+00
-1.067913412303312715e+00
-1.079931895020343896e-01
7.240768402747985721e-01
-1.125274840194972592e+00
8.496372141908046238e-01
1.233124855903217520e+00
6.647174971585495529e-01
2.467698227745367956e-01
-9.319426975227143028e-01
3.978601340329351865e-02
9.077507477202007014e-02
-2.960947831360127847e-01
1.420291507371481465e+00
-1.119667493462908059e+00
-1.981691816084208968e-01
-8.588660105848866522e-02
-9.521490201606123138e-01
2.876244054838508202e-01
-1.482659225937134284e+00
-7.619927464892873870e-01
2.250644397295327170e-01
-1.372962852936169820e-01
-7.378977964387690713e-01
1.185916681554873842e-01
4.665872011655526619e-02
-6.288392979244634695e-01
1.614607073655137004e+00
-8.288202205037450421e-01
-1.905158784722157939e-02
-5.455998787371558745e-01
-5.109954070673491389e-01
-1.309826543145808486e+00
-1.309824962951136706e+00
7.649303681307350056e-01
8.150093882511985077e-01
4.458358705693411528e-01
-4.403396466689648570e-01
-3.927887918833897207e-02
7.746150208989148744e-01
-6.255051853954380903e-01
4.213139792826401941e-01
1.098476366530525272e+00
1.511476961701168353e-01
5.724498925275771644e-01
-1.361983188883119755e+00
9.340352238403430984e-01
-8.641802798946951469e-02
1.261152092219807452e-01
1.170127298073869504e+00
2.028320119745167793e-01
-2.519657758508454526e-01
-1.296931346245856764e-01
6.255606075741662053e-01
-3.986137251967228901e-01
1.104854757647973029e+00
6.340430667808949483e-01
-9.383667570121299040e-01
1.369201675995251222e+00
-1.482996279207867141e-01
-1.051356824131796763e+00
-2.016059391786668709e+00
4.077257510219889358e-01
-3.549317195656850332e-01
5.651121655810731337e-01
-9.677914182004520027e-01
-4.256093590448332964e-02
3.226423235879032902e-01
2.434018390463013493e+00
3.578232122086220102e-01
3.896501038442520271e-01
-1.800277128136953841e+00
-2.476404592894920209e-01
1.819337729944841830e-01
-5.848431170397208056e-01
2.131564864645598689e+00
2.124409775257840582e-01
9.642840840034907490e-01
7.650270190246222235e-03
-1.034084243031816897e+00
-8.355495845637864738e-01
1.098518487589437820e+00
-1.769256105809453139e+00
1.291307944672935859e+00
-5.851354273768922809e-01
-2.332553240469986466e+00
6.716913088756228944e-01
-5.348392605691302260e-01
3.974436621556711735e-01
-5.133363780679407462e-01
1.123945477849199293e+00
-5.769227177656012229e-01
-7.196391721584887158e-01
-7.830465445656689116e-01
-1.188290864981008443e+00
1.142770798159079781e+00
-7.741395229989361804e-01
-2.269771683865101641e-01
3.753300349392461599e-01
6.427116786490796319e-01
-1.370712626003284029e+00
4.182833830597986746e-01
3.577883049889832856e-01
-6.089563077473146846e-01
-2.056198354833047137e+00
1.271670129411996530e+00
4.950942284934777282e-01
1.835847948930413143e+00
6.715275139452003828e-01
-1.945828397188682501e+00
1.862787439286181845e+00
-2.882008094892065109e-01
-5.194806602398984730e-01
-1.778578282365300689e-01
-1.928372222936465707e+00
-6.258542179897087498e-01
-2.841744322742187912e-01
-1.523650153183730982e+00
6.423523784452677132e-01
1.733755876254823525e+00
-1.421265238446663748e+00
-5.510129140764717937e-01
8.221653483511580651e-01
5.984812470130359552e-01
1.869831051362172980e-01
1.392170679948560474e+00
7.373541380474467610e-01
-2.165297629776157251e-01
-1.679178651327779992e+00
9.631349475316939301e-01
5.642991005567521423e-01
1.501299538629654595e+00
-4.227497203399705472e-01
1.322024916639663816e+00
1.451591807876596141e+00
-3.625285042697958815e-01
-5.621170122648515566e-01
-2.764444683510877687e-03
-7.480004124077426209e-01
-1.146333634290249481e+00
4.198177945001424494e-02
-1.352640694067802851e+00
1.364956155106026081e+00
1.347406242216828975e-01
4.819559865539724264e-02
-3.457717261062498437e-01
-6.712095908992021798e-01
1.803747520854363851e+00
5.564719442573236030e-01
1.712786867128933410e-02
2.687462146141246233e-01
1.135918389148875773e+00
1.567536358515649431e+00
4.810329611371377267e-01
1.614778044982522476e-01
-4.945385168964761546e-01
8.551531574125363910e-01
2.263274772248531352e+00
