-9.112790942458651178e-02
5.255917342130380643e-01
-6.090543019736786023e-01
-6.761844577669418044e-01
-1.069931266961805072e+00
-2.953902622908208264e-01
5.915532232916027588e-01
6.210281817937982618e-01
-2.313048208350769186e-01
-3.848850589786423915e-01
-2.106305538518184473e-01
-4.340356247140566559e-01
9.942391692444828288e-02
9.813014240270411248e-01
1.319017034349938111e+00
-1.093719542351097695e+00
1.371787592228538966e+00
-3.229892493211456439e-01
-1.130379181602430005e+00
-3.754477282374913960e-01
-6.418598414820225750e-02
9.251539452968554622e-02
-8.190015628952360682e-01
-8.171880027482603115e-01
2.169034582117499721e-01
2.332108630291627183e-01
-4.833867862336121424e-01
2.053788695037606638e-01
1.266845929981120999e+00
1.715948436281569678e-01
2.382741619743824479e-01
-2.619287690648113842e-01
-1.197019570357524154e+00
8.481161181948663197e-01
-9.623407846210904060e-01
1.339059379761413204e+00
-7.388629549806130514e-02
-1.125072881315993367e+00
9.490063390082426054e-02
-5.665272811442726431e-01
-6.629833274423097000e-02
8.624735503767125833e-01
3.196064370351641148e-01
-1.326677103784154266e+00
1.075330325382569452e+00
5.612288834273719829e-01
-7.044847904023623930e-02
8.528754653343213754e-02
1.200090042513858091e+00
5.347021053255530676e-01
3.518094469481019004e-01
-9.361094110778495070e-01
4.591568591206235395e-01
-1.395722168614836889e-01
4.845158697933538150e-02
-8.917878746619163355e-01
-5.529796725151350234e-01
1.345473042832176780e-01
9.754894156188109733e-02
1.186554386025311658e-01
4.903188427674418093e-02
-2.508120955622087922e-01
9.525733998385517154e-01
-1.742915987368281572e+00
1.089398428828507015e+00
-1.136891667920291588e-01
3.081047964283247786e-01
2.537297723030687568e-01
3.314333185620057520e-01
-3.483834761717987671e-01
-9.761569583672543571e-01
4.156051475655638816e-01
-5.848843172249698075e-01
3.179599988371293318e-01
5.448895247335757697e-01
-1.171987062821340658e-01
1.140127300007372502e-01
-8.322446559839644653e-01
1.627975881457814356e-01
-2.704613360765366070e-01
8.899356390580001053e-01
-5.722151076686090576e-01
-9.844465716240335951e-01
1.718709013875994174e-01
1.410470052371378902e+00
-9.639673953738652212e-01
-6.977315860767265843e-01
-1.151817724189520886e+00
-2.080146227298710487e-02
-4.483663904556996482e-01
-8.167671600310510982e-01
1.352677807413792122e-02
-4.660690179168359704e-01
6.316499544436046110e-01
2.833672851365054424e-01
5.198524704595959278e-01
-2.011991145915150991e-01
-5.403997846174825315e-02
-2.753568833706789842e-01
-4.830930801689414245e-01
7.330793117043036267e-01
1.662490874846305866e+00
1.516101314099444208e-01
-1.005427643545157013e+00
5.604037887885321423e-01
-7.317593646182782297e-02
2.251557222539223579e-01
-9.876823672113075325e-01
6.522616051969991613e-01
1.321392747718419525e-01
-1.163832365005104785e+00
-2.179343861780301816e-01
-1.580286539932190371e+00
3.746141864225581153e-01
-2.220715129407269117e-02
-1.024698234063206037e+00
-6.686825991638029043e-01
-6.521294483424927568e-02
2.715279459244888116e-01
-7.215558263194897515e-02
-2.494880609242428604e-01
4.924901150648755555e-02
8.959031713910514672e-02
9.419898998838674431e-02
-6.569668224032294834e-02
-1.026827606165503726e+00
-1.196992178630003345e-01
-2.158173836145102775e-01
-1.170934037002611339e+00
-6.135468639691652459e-01
-4.058743599219026832e-01
-1.246939716632270212e+00
-2.450594846484562550e-01
2.842945370640367342e-01
-1.166669629017491328e-01
4.518643250837470760e-01
6.533126375727082991e-02
4.977578220460511793e-01
8.059332649040064078e-01
4.959717161944160457e-01
1.282772401699578124e-01
2.277743009294324605e-01
-4.549274355793447161e-02
-8.673812713688435760e-01
1.151275572024527682e-01
-9.529371479506274500e-01
-4.493616306827286078e-01
7.463802510631770692e-01
4.621784842532360438e-01
1.665404736279775921e+00
2.290360328131512690e-01
-5.040196023129964731e-01
1.049471663004456906e-01
2.534128772101559846e-02
1.914025150680926379e-01
3.704127584679884899e-01
3.886613763559104151e-01
2.512289140568761403e-01
2.137628600474714702e-01
8.897709534375357610e-01
-6.487576955435101489e-01
-3.284422087471356999e-01
4.121291869357212034e-01
2.323494615544950403e-01
4.824251228886265452e-01
1.017130660530230379e+00
-6.572500632448387003e-01
-6.845204805505261669e-02
-2.887049619889784369e-01
-3.078735873538885892e-01
2.121304110223375949e-01
-2.624374906943228170e-01
1.383669241610893941e-01
-4.317837218937338184e-01
-2.385226038864980413e-01
-8.878702795857026375e-01
-1.486347472256761837e-01
6.831673537538587304e-01
1.463470482381985516e-01
1.195463607682717422e-02
7.023396580501639619e-01
2.327566613296579157e-01
7.176068892504821051e-01
-2.178193273149972575e-01
-6.376741070776226206e-01
1.726793661637477939e-01
-1.277237959780782139e+00
-6.427203972252160113e-01
-9.302635823036853324e-02
-6.178698291530166919e-01
-4.253172917437551548e-01
-1.589173149669844132e-01
-7.464636510179371021e-01
-8.226782093802367246e-01
2.163419195142441409e-01
8.217117661640264137e-01
7.047354181960568953e-01
1.417130380626273889e-01
-1.130125571887026004e+00
-3.486271997022840075e-01
-7.656859722724330686e-01
8.913604458506513284e-01
1.171797691183080331e-01
1.409570057234599272e-01
3.774079733358555733e-01
-3.156261044378004810e-01
8.020218465804659913e-02
-2.717641381206054030e-01
-2.917882837635242255e-01
1.577493303641621103e-01
-1.212735597920239439e+00
-7.690366628978672070e-01
4.401312619815594407e-01
1.267447156029083422e-01
8.992546077181104991e-01
2.686179336100961157e-01
-7.980271553817570584e-01
5.965617904984916731e-01
5.428022937132563897e-01
-3.276756972085798081e-01
-8.012273930421390800e-01
2.382118151284987606e-01
-3.010090794195392494e-01
3.475089965940174608e-01
3.915990483557251767e-01
1.374997805842090581e-01
-2.136616760338960197e-01
5.522050867079175696e-01
1.584199850036018820e+00
-3.262374902433715640e-01
4.405284558668688399e-01
-3.518493295497321371e-02
-5.439770081088572962e-01
-1.708255661869946262e-01
5.073577097226759924e-02
-3.050202429090066447e-01
-4.608991792992646608e-01
-1.162716115373392117e-01
4.243765412211024657e-01
-1.306465738387339259e+00
-3.441338399997880826e-01
8.725796600019123384e-01
2.433548816385112390e-01
3.395966950428680464e-02
9.773114742029243018e-03
6.570498622214308027e-01
-5.871022532433274321e-01
4.934727453852426060e-01
2.656857946195882447e-01
6.802375817449097806e-01
1.726953447102070438e+00
2.247491168862451039e-01
-2.032468414093799303e-02
-4.440872368983343477e-01
-3.433925586683336251e-01
2.577880119132994197e-02
1.042644140818043574e+00
4.221052743924721407e-01
6.500136628409330930e-01
3.419044815994107811e-01
-6.266983109116366357e-01
8.596754540912174281e-02
1.775308791209024184e+00
-1.303096179757082251e-01
1.394890669030106833e+00
