1.384192311997410219e+00
-1.897572119922863010e+00
8.610173945497168191e-01
-1.384147714122327955e-01
-1.889805292467977793e+00
-6.074982140796816310e-01
2.483511593940035400e+00
-1.756225838750579582e+00
-6.573251407586112594e-01
6.007668221767459293e-04
2.839163579991204056e-01
-1.540245517943693299e-01
1.391829716011331541e+00
9.287693202629153655e-01
1.308273567972694673e+00
-5.305220922674647177e-02
-7.488930042907653295e-01
-2.105585026575160223e-01
-1.029266664032608691e+00
-3.345214899193672542e-01
-3.593664896596226455e-01
1.211150133783868432e-01
1.026313718624282556e+00
-5.197410514948530569e-01
-2.533594097016919067e-01
1.194339228008699072e+00
4.712250030063487305e-01
1.796393327220549008e+00
3.812327299021349702e-01
5.936809322771187114e-01
3.502195308296128795e-01
-4.362566739791461368e-01
-1.058855533162349705e+00
-1.271084727829464578e-01
8.332815142848226664e-01
-2.343456623106568992e-01
2.512802612320393369e-01
-8.053427205499468222e-01
8.916207564775199268e-01
4.006816030835768094e-01
-1.766247364475330484e+00
4.137396557433247191e-01
-2.109462494561001655e+00
-6.088875891356002601e-01
-4.072607709430752787e-01
7.367969188830701954e-01
9.869608433975310957e-01
3.986248798950892125e-02
-9.947742049241252715e-01
-1.758503349755979661e+00
1.745290877100070137e+00
-6.948363928896730268e-01
-5.004526208460609027e-01
-7.907439508214331170e-01
6.116233619795864440e-01
-1.800213948183527091e+00
1.228552967930447437e-01
-1.414656092353738792e+00
-5.139599962355121399e-01
-6.827428835653299721e-01
-5.030192521897820512e-01
-5.884672611535607389e-01
6.306804517774274865e-01
-4.110218912935121871e-01
-6.295918709329599849e-01
7.548962338207635403e-01
1.475090773298457947e+00
-2.347964545109101908e-01
-3.107386710335670044e-01
1.694656215768129748e+00
-1.237372748815899204e-01
1.748689344799128520e+00
-5.225334888239541176e-01
-1.805694866876315086e-01
-4.548415148088676419e-01
-3.133857243493321509e-01
1.798849088993776102e-01
-3.247614499627109463e-01
2.684200392994480211e-01
2.181620171874414371e-01
8.177237838732906439e-02
4.290749292654383318e-02
-3.573074608755767434e-01
-8.973822320268013408e-01
7.182548169901953328e-01
1.102684372226170328e+00
-5.411243160652681183e-01
1.431607945400624082e+00
1.140689449427813251e+00
1.850903511181515970e+00
-2.174954387834232561e-02
-4.141131287969526675e-01
1.381218995320046661e+00
1.418373614817018291e+00
-8.599778747206896501e-01
-1.337750867295459001e+00
6.852914440736751489e-01
-5.519947722017397584e-01
6.818459822408020621e-01
-9.023879834529739963e-01
-7.922566565337209044e-01
4.764555989962382387e-01
4.297581513252326513e-01
2.123143028484752559e+00
1.402995165363260188e+00
7.338608774452393124e-01
3.732884832416855092e-01
4.625814576946408740e-01
-2.173276289627934066e+00
1.828059124142919489e-01
-1.819461127669536937e+00
7.555480039793552871e-01
1.512422102272995783e+00
-1.286957217349377292e+00
8.223334007283555902e-01
-1.611923523630741428e+00
4.356453042186773095e-01
5.623439724809744522e-01
1.163923831956904104e-01
-1.463560790499281561e+00
1.678657422334557836e+00
8.573836071682822135e-01
4.884736725790651546e-01
-2.991356763051121193e-01
2.788565840366670212e-01
-6.395864288938557518e-01
1.613784031925769469e+00
2.996901580280840749e-01
9.951862363125434374e-01
-5.141747197572394956e-01
2.220629131748433904e-01
2.571414990184777150e-01
1.008574136165378610e+00
-3.630600100532977992e-01
5.619886537943208360e-02
-2.042957033632103681e+00
-1.276767552955140328e-01
2.192833263374946551e+00
2.166260739254180390e+00
-1.428750585376860061e-01
8.060431044110103471e-01
2.389316783965290902e+00
1.560329457345019044e+00
1.684110671006348037e+00
2.822942005917526975e-01
1.590876366031212630e+00
1.790288393619187346e+00
-6.822098018694340293e-01
5.461302681540296522e-01
1.493871333839420057e+00
1.384639973342500330e+00
1.874719704848166524e+00
-3.859726429194642039e-01
-9.335970937946500570e-01
-1.249741541176986992e+00
-1.649492783899579651e+00
7.481414970637715323e-01
1.321815792189312555e-02
-1.114928737860617636e-01
1.577172716673812258e-01
8.436022199687623901e-01
1.499390795541823529e+00
-4.579405284441738777e-01
1.026475011014455374e+00
-6.404269434226366187e-01
-9.010709987280554056e-01
4.862642813361323646e-01
5.478902165375570954e-02
1.626412063852481715e+00
1.986913497362596259e-01
-2.613365124185705879e-01
-1.015294697207642871e+00
6.512626924454124611e-01
8.949072702696153625e-01
1.941273662141711487e-01
-8.648217702084782799e-01
1.961961817731984636e+00
-1.886281463387305291e+00
1.140711178370103607e+00
-3.002078030918664542e-01
9.437772680862280827e-01
-5.615628143398934125e-01
-1.149573540797574900e+00
1.693802116149102366e-01
2.297298417645708746e+00
1.217221366064943133e+00
6.463071284496496594e-02
1.000063667155610680e+00
1.546979179142272676e-01
1.137139491408102332e+00
3.664984652515954067e-02
-5.438199777833040427e-01
-2.837411641620728453e-01
-7.562915798151108593e-01
4.297618611884133077e-01
-2.201069870368833836e+00
-5.840648426001241456e-01
-1.701666260487516347e+00
9.360703643523620165e-01
2.514414826997396490e-02
-8.131607898843331572e-01
3.898154653477445275e-01
4.229222643481687638e-01
-8.014248176203742080e-01
6.856012793911945291e-01
-9.560785084852766458e-01
-5.034174657745582593e-01
5.331747933082812141e-01
5.373760155610713962e-01
-1.454960394479593022e+00
-2.916289099215788605e-01
9.074734670595532293e-01
1.022529548368279917e+00
-1.065977820949252086e+00
9.827943643303983512e-01
1.244060578694529795e+00
-1.342073176025707637e+00
-6.761743562829913845e-01
1.828632855426009840e+00
4.685876345587577929e-02
-2.222885255874496035e+00
1.563490740154106495e-01
7.169035438863566867e-01
5.908906382218472864e-01
-6.702058426957233639e-01
-3.145055084293767456e-01
-1.137734826391236798e+00
2.148381397610584498e-01
7.552301089697749381e-02
-6.265938930356312886e-01
1.039524872733756711e+00
1.813484474512061517e-01
4.754537736932214487e-01
1.032347828208563856e+00
-3.188555940492742158e-01
1.891804641236559115e-01
6.974967545161483429e-01
-1.106504815634466343e+00
6.544495096446530935e-01
-6.663261734029864991e-01
-2.708004833127291566e-01
-1.790967211778418333e+00
6.762093025716184869e-01
2.398834767473131180e+00
-2.179138348700091210e-01
-4.576011489481072170e-01
4.534849716411790688e-01
-7.633470348260122940e-01
1.120788087608987293e+00
-3.380041517357948999e-01
-1.394638612016365187e+00
1.577764852329144984e+00
2.005225688194912870e+00
1.677598732921128821e+00
6.188542901367635185e-01
1.136541339267013395e+00
-6.682145062864650598e-01
-1.186433680519412892e+00
-2.030566254571197771e-02
1.321784745840831832e+00
2.998079914669248836e-01
1.886814751397405954e-01
9.463780570679150017e-01
-3.480959658803131629e-01
-7.270452312016683072e-01
