5.845581821753881302e-01
2.130506657254876313e+00
3.077553340588707886e-01
-8.801799257956383071e-01
8.381909181616598037e-02
-7.053825480127082770e-01
-5.665819027579509504e-01
-8.535729217730170237e-01
-8.347953371987708593e-01
4.893261758142144480e-01
-2.892177716281851829e-01
2.018627446061981967e+00
-4.796591496604308280e-01
-1.081667084331236595e+00
-2.678597031931423400e-01
-6.903857366155043973e-01
9.281970506894998696e-02
-3.724947894404497806e-01
7.777195037096980013e-01
1.917847114701818789e+00
-1.240764605820651040e-01
-9.801187518777501051e-01
-1.558928878642333427e+00
1.479975065187608019e+00
-1.029092016471469195e+00
-6.919764711812392832e-02
-1.387933900738071991e-01
1.372419830625569714e+00
1.676509970585944587e-01
8.373600531397227265e-01
-9.397452354958173437e-01
-5.445610166415516540e-01
1.051998420611145901e+00
7.306452620204084702e-01
-5.972818240688597680e-01
-1.729093789872776954e+00
5.583219974912301264e-01
-1.066332981527558843e+00
-3.067731004058909527e-01
5.833111267474890838e-01
-9.731780540059040696e-01
-1.735592297767487580e+00
-3.080748547779422197e-01
3.075572209058261564e-01
8.984270735048631717e-01
8.602729838801285167e-01
1.254972000324302006e-01
1.832048318515234087e+00
3.413853973271697151e-01
2.661752010457701378e-01
-5.449387948476765997e-01
1.055131566116122910e+00
5.467718398565659665e-01
8.121789960978967882e-01
2.657681833425896145e-01
6.863274304765480949e-01
-3.210377046283718894e-01
-1.515461398967648865e+00
-1.695703165225545428e+00
1.323852659042216440e-01
-1.057532001473502348e+00
-1.170039027126827391e-01
1.148990107794285453e+00
1.382776083195502492e+00
9.612948335560076440e-01
6.295458605215198400e-01
2.961863675725073808e-02
-2.681396792807992369e-01
9.726863707280880567e-02
-3.813018959127845164e-02
7.829113699081935440e-01
-1.385569558472712903e-01
5.074004463844659085e-01
-3.610582831722641828e-02
-4.296634909448012185e-01
8.834913545179621241e-01
1.492645938273090334e+00
-7.165684495848323454e-01
-1.054615301348297507e+00
3.767194082901812457e-01
-6.364654806403277076e-01
1.775350752496601681e-01
4.857031255483389987e-01
1.080927953770866035e-02
-8.825232800265222499e-01
-2.992045237629886723e-02
-9.193362360075957307e-02
2.095905813356593761e+00
8.915008353974039901e-01
-1.421892264175572906e+00
-5.234894810783508046e-01
-4.734195194946682617e-01
8.287427626857231111e-01
6.443684055265855304e-02
4.122597972395095067e-01
5.413563338949879400e-01
5.473630651944039194e-02
-6.252717846331807827e-01
-5.151099678625299383e-01
-3.983333683525756563e-01
-6.032355245987270909e-01
-2.273616894220253037e+00
-1.390731845395216215e+00
4.473073960058979170e-01
-7.767687488022345654e-01
1.162208334406546473e-01
-9.387812577994472663e-02
3.352788698726429928e-01
1.118494230729094319e-01
-1.535230132214355558e+00
-1.518119847747768092e-01
5.357334947423187943e-01
-3.433008630831931862e-01
1.732410547768721276e-01
8.474468439773362449e-02
8.537481774018734759e-02
7.231877190589528492e-01
4.837112350569109376e-01
-8.548839690914205036e-01
-6.675191854353430543e-01
3.225659409835976987e-01
-1.209756274608739524e-01
-8.140555145826787742e-01
7.430096438865347874e-01
-6.098864981002344310e-03
-2.576032450004321975e-02
-7.555637564007119389e-01
4.135071715319509345e-01
-1.478399209461206620e+00
-6.537388855889425532e-01
-2.138657458714527060e+00
-4.487270993823966880e-01
1.075707751480039720e+00
8.983311072581946499e-01
-1.176642314776558673e-01
1.863518248067186356e-03
-3.359293839106420876e-01
8.268690635526165789e-02
-3.032977019536847174e-01
9.427164188012407964e-01
7.688671869701723116e-01
4.315074779165525287e-01
5.278494365976638125e-01
-8.703499193541907042e-01
-1.493697150187115241e+00
-1.228950637578307692e-02
-1.298246210497346897e-01
-1.169542040456640564e+00
-1.091028044065520008e+00
4.620756228118917397e-01
1.339324826287108250e+00
-1.439598447643820889e-01
-1.657729522139324896e+00
9.486676851761085549e-01
-1.066605844338409104e-01
6.499286408375151147e-01
5.749555978034419645e-01
-1.023277741097041504e+00
3.321385741089450949e-01
-5.757181812246088271e-01
1.689904962287275270e+00
1.370771394654539455e+00
-1.372770869787903192e-01
-1.781475229078655909e-01
-3.879932307248961654e-01
1.210860885293196798e-02
5.760318345860793166e-02
7.658648006442791978e-01
-6.704900485925570086e-01
-2.145359966409018104e-01
-1.074558528228571452e+00
1.099394458659445351e-01
1.118307452904932386e+00
5.587558220331108050e-01
2.555287488843751564e-01
6.033823692077061596e-01
-3.784310986072205729e-01
1.952348722167288053e-01
4.206367550296410407e-01
-4.892295696914867320e-01
-1.159031514541100316e+00
7.834524844157622070e-01
-1.814549858321688469e-01
-5.664755556095567579e-01
7.710170586410312055e-01
-6.758539971695861626e-01
-1.310306989391278598e-01
-3.991270353433916118e-01
-7.486963416751093447e-01
-9.557640016997553944e-01
-1.519460369493781160e+00
4.449657932516087877e-01
-7.064373698029910442e-02
-1.359788851943431576e+00
1.034659430351027032e+00
1.458563279463919171e-01
1.823864041990221341e-01
5.424158988124220260e-01
1.502420755287289689e+00
-2.227628453420774923e-01
1.488435336223050465e+00
1.447558856342913702e-01
-3.288753198940317923e-01
1.414810977086743637e+00
-8.261259330553488711e-01
-3.800976922770985533e-01
-4.320852630945763995e-01
1.345224156868694010e+00
-1.300677497738449429e-01
-7.399308818678365096e-01
3.501073106377712296e-01
-3.457993756519412432e-01
6.256022854242815345e-02
9.159772608934222404e-01
-1.781845878509787373e-01
1.713739137572469207e-01
1.780219801816261160e+00
1.668929109302618841e+00
2.281843049420641534e-01
-8.088688183991134262e-02
-3.016081671796626562e-01
-2.527697245570176277e-01
3.928692771176367504e-01
-8.347393400669071983e-01
-1.329619906090200976e+00
1.398112088900505867e+00
-8.049829214943460265e-01
-2.675311208182298284e-01
1.473805652344086115e+00
-1.672349471028099277e+00
-4.043033287460683911e-01
1.006961808263830527e+00
1.639792405736534064e+00
5.858170592620977057e-01
-2.166316716386265107e-01
-5.715815031717554895e-01
1.109152401656718023e+00
1.577123273010119231e-01
-2.188627201575755077e+00
-2.221466981982258837e-01
-5.447852523675513758e-01
1.747058106721931070e+00
-8.279978322590914042e-02
9.836596206456363345e-02
-2.955186179590540974e-01
1.129261017174024717e+00
7.437613768447584595e-02
2.471509854388838356e-01
1.767738720302139077e+00
9.507227374187543489e-01
-1.755431507858196793e+00
-2.205616809898278685e-01
2.281584860101251722e-02
4.298956841543212226e-01
-2.547771057336872813e-01
3.813249464437853398e-01
3.800726588706868636e-01
2.384411364810674616e-01
2.695837170470988808e-01
4.480890975132381659e-01
8.510535170850781483e-01
-1.642276388024151712e-01
1.180522516609294081e+00
-3.720511051248820422e-03
1.920458466405930431e-01
