-6.956465977488071051e-01
-2.781973946455050806e-01
7.629600512393719391e-01
-5.481106126029202663e-01
-8.450103637463647344e-01
4.340228351997979517e-01
1.258338144776444789e+00
1.249260352417196351e+00
7.207198435096597855e-01
-4.171015337492097741e-01
-1.241732133635642166e+00
5.046719803263247650e-01
4.417391277322605392e-01
-1.337693281228663489e-01
-1.308969446351591515e+00
4.045134140727374428e-01
3.775420439714285981e-01
-2.999830210393103491e-02
7.602338418608708404e-01
6.708787175398061020e-01
-1.224003195811216527e+00
-1.174057654920209082e+00
-1.032725758822021778e+00
-6.503938940182256712e-01
4.964231497998943254e-01
-3.578754542152216556e-01
-8.786215982407548086e-01
1.234235198319423965e+00
8.237940592772224901e-02
6.096013054618327764e-01
-3.842604619321443593e-01
9.427204646020234113e-01
5.464288927318903255e-01
4.803812593956115484e-01
-9.149564370348465259e-01
-9.316658108516274739e-01
-9.809033541893924513e-02
-6.829646829950597464e-01
-1.311169301436053480e+00
-6.328736940551695778e-01
9.532401824859806361e-01
5.349760025200485103e-01
8.260408414829853996e-01
-2.263126373016719484e-01
2.484954187240847379e+00
5.414044001352853464e-01
8.197773090084823355e-01
-3.108489215671557115e-01
8.032096297857330702e-01
5.299625487371141253e-01
-6.326877290191941228e-01
1.183888189910065752e-01
-3.577562246162080406e-01
3.902292810630176301e-01
1.940009221217328661e-01
-3.173112734537314461e-01
5.325851772582007593e-02
6.402736154691390791e-02
2.542502815382364778e-01
-4.684252870416569237e-01
1.993576456255635732e-01
-1.470715618815269465e+00
1.344318119463646377e-01
2.691561680047999117e-01
1.168072767533619549e+00
-7.842807972918593995e-01
-2.394694379968710651e-01
8.122005407830329426e-01
-5.484991993942963662e-01
-9.610843804762816966e-02
-4.272281326706937055e-01
-1.871031388046682231e-01
8.062021763274507258e-01
6.030794694433258551e-02
-5.198801210124746053e-01
-6.141858486992910482e-01
9.705481882030281282e-01
7.738697364087021580e-01
-3.658140102812993955e-01
-1.003651593492693728e-02
-6.704287363663412602e-01
3.729785444758567103e-01
9.222816936384700126e-01
-1.618404272801196031e+00
-1.656503636497230758e-02
1.099446199191772111e+00
-8.408538599478773690e-02
5.061770246966477149e-01
-3.926959353796273255e-01
7.893667148902220321e-01
3.779571550873613295e-01
-1.214428497024993836e-01
-4.401284431751987247e-01
-2.010445207314266014e+00
-1.249392441253385666e+00
5.187450004360236733e-01
-3.366049141555756408e-01
-2.619579786694568035e-01
1.907972463975875776e-01
1.754011528704182976e-02
-8.645326194503781814e-01
-9.401169538321474395e-01
-4.883698552828510397e-01
4.071427907321434891e-01
1.264377664196866036e+00
2.843916280326407309e-01
-1.735465166405520399e-01
4.624815279006666557e-01
-7.391033889049700711e-01
1.530116430101851499e+00
-9.405688529853917235e-01
1.307372235471401911e+00
-6.638632175713895522e-01
-3.754123501959039655e-01
1.773797760902061094e-01
4.130004473868072457e-01
-8.423327225705652399e-01
-8.951809819879500418e-01
4.399247379190588947e-01
1.129029554891997300e+00
-7.656809951870994224e-01
-7.828198847209716371e-02
1.325916195901211347e+00
7.317576343628234836e-01
-3.865556149976555611e-01
-5.508142278841734463e-01
8.064738636619898093e-01
-9.972649446877035473e-01
-1.051457651628939338e+00
-1.402479587978712749e-01
-8.251898603119648401e-01
1.389824848508097510e+00
-1.289740019742139143e+00
8.308176035786448699e-01
5.417480808665185998e-01
1.405826748668118908e-01
2.418791798555378070e-02
-3.724016879464719931e-04
8.555567907459460386e-01
7.761086349701572518e-01
-8.721391172892745125e-01
-4.767119096971046410e-01
-5.449795363307179813e-02
1.289814210776683012e-01
1.356287103484302148e-01
1.053222736247680369e-03
-2.713314695490631756e-03
-3.650906755714892205e-01
9.163513163570431441e-01
1.267405099559318016e+00
1.278100037196263195e+00
-1.048385435509029850e+00
6.824124455518654209e-01
-5.990154197026752447e-01
1.093707347199696533e+00
-8.559466390058078078e-01
1.904126642249405754e-01
-5.490287372509090602e-01
-2.824251840668032254e-01
-7.591159604454257304e-01
4.094952602053553159e-01
2.130821070391573646e-01
8.989651115832100192e-01
5.149965273961697454e-01
-9.263981580123756832e-01
-1.552311862062823566e+00
8.391159411363954268e-01
-1.279963930551247520e-01
1.687216337468565586e+00
5.667839155979330634e-01
-4.129686758712137751e-01
-3.217499435433066601e-01
-1.013653876714538438e+00
-1.468236107966361670e-01
-4.926643317362726648e-01
-4.388506580318338735e-01
1.484532384762300983e-01
-5.469006897812325185e-01
-1.181217529333553617e+00
-1.427485522356997327e+00
9.421423432561898403e-01
5.057185777143652361e-01
2.360607366463355339e-01
-1.161470888324517059e+00
2.009316926979561879e-01
-1.335177312396699234e-01
3.351025328428693939e-01
7.024263735826783428e-01
-1.022217691111866555e+00
-6.123606596174120398e-01
-2.377787789541196961e-02
-5.971897815097984008e-01
7.376788076790155024e-01
-5.054837959442032291e-02
-4.736053178037373801e-01
1.070649288764230489e+00
-3.993608285115808343e-01
-1.213683997723978170e+00
-6.665688615605055434e-01
9.472489375732558170e-02
6.280693796123454353e-01
1.121668381101152079e+00
4.365928373666707607e-01
2.585255461065124050e-01
4.669048907024922479e-03
-7.439724515566628060e-01
-8.366717969482065920e-01
-7.403883661297309127e-01
-7.497194375132241184e-01
-4.094096929083069214e-01
-2.948250710974604782e-01
1.718652132921510145e-01
2.111140518647496300e-01
-2.140414829395570484e-01
-7.325669734463209348e-01
6.942033757422381157e-01
-1.065555862845821045e+00
-6.053398939161749315e-01
1.568990066514390491e-01
-9.116613232494383823e-01
-7.663519840885202328e-01
1.514133132544940863e-01
-3.755852609277936516e-01
5.246309425042274821e-01
-9.446429091319605287e-02
-1.341752248310143836e+00
-6.407747746596559324e-01
-7.525146024703473213e-02
1.432321260172650934e+00
1.092279714697059312e+00
-1.904284861708994692e-01
-6.836761115817386880e-01
1.142861878991983549e+00
-2.747008185911942180e-01
4.350904384591532392e-01
4.541169917957162960e-01
-8.542438766233408920e-01
1.062315459863739653e-01
2.144562956030207634e-01
9.419521219919543276e-01
-4.630244058478709124e-01
1.346036898213879729e+00
3.824751313376009709e-01
3.355929020868467227e-02
-4.302931974947635241e-01
-1.106835166140530458e+00
-2.523472699627055116e-01
1.187155885709839376e-01
-8.106410804391386837e-02
-2.554904855568546629e-01
-8.784278012791134627e-01
-5.835990732222104960e-01
1.218846131733122562e-01
4.037676647543089747e-01
-1.147996212431822149e+00
3.819318387148823435e-01
-1.187402575589834863e-01
5.291033261253561548e-01
4.083727435751065560e-01
-1.565446094975296631e+00
-1.568765044127383157e-01
9.450939737009317332e-01
1.231253997669259803e+00
4.830724680431326412e-01
2.837713892839734964e-01
