-8.670335847772498994e-01
4.238644949926422267e-01
1.122257459406773294e-01
-6.604829728570751901e-02
9.317507344282598414e-01
5.436673876102182668e-01
-6.076805496262296380e-01
-3.945292014557058580e-01
1.216140159612088212e+00
-1.266372758866158188e+00
4.834916557994726194e-01
1.175044161839572110e-01
-3.654697878088229435e-01
-2.956274382587282257e-01
-4.090639965742133843e-01
-2.640188439238732032e-01
9.672541399672779372e-02
2.406425954109793208e-01
2.935591638820806426e-01
-3.672847181293329988e-01
-1.090884165078022328e+00
-5.676945151069323625e-01
1.927446703825596575e-01
1.119701328591832468e+00
1.239240490762085756e-01
-6.035286660416958604e-01
-1.490645341332125451e+00
2.112398312628213370e-01
-8.470136010640170188e-01
-9.592098776216343436e-01
-8.286237938090547372e-02
2.381529533156179768e-01
2.066497970445871357e-01
5.894834038732255088e-01
2.748764941086724867e-01
-7.886652292284650478e-01
1.416394331787493410e+00
2.677031131441369727e-01
3.985172646646023553e-01
1.672377471253444270e+00
4.244700836888062878e-01
-1.364380216926058265e-01
3.368333411754069195e-01
-1.213602072294448497e+00
3.178522739174955980e-01
3.889939656300541171e-01
2.791428407913469356e-01
7.902199929520488386e-02
-1.358157119121442546e+00
1.032357537535472991e+00
-1.323557995327799386e+00
-1.191127179751866327e-02
-7.186545940886626127e-01
8.704044038227516378e-01
1.839034500926614024e-01
8.442845139337175342e-02
8.488013498342662499e-01
-4.505173163887603582e-01
8.121698557551868536e-01
-3.198105634611203563e-01
-2.524553574411637635e-01
1.050640356321012270e+00
-5.008211325026652450e-01
4.578463245990354591e-01
6.401064053522248498e-01
6.115156411508557710e-01
7.459738492402387955e-01
4.488378446666565491e-01
-1.134686705761071890e+00
5.873663640974586819e-01
-7.720355258010987987e-01
-5.669939029026368482e-01
2.063855904864590751e-01
-1.524218184416289146e-01
2.101021396476744907e-01
2.828160036934743715e-01
-2.133528176726979253e-01
-4.547786704056537843e-01
-2.881380122615710415e-01
1.035479128663379988e+00
-1.084016729476048102e+00
7.936925756524328968e-01
-4.044186621381447022e-01
2.838140896978467165e-01
-6.967736524215430993e-01
-1.131606050289160503e+00
7.774736415932740341e-01
8.467058144250089180e-01
2.672441300830222799e-01
2.443923257617081346e-01
1.366810425450569300e+00
3.562581649945046891e-01
9.083569498132829656e-01
6.825062562658745779e-01
3.807396651078063243e-01
2.178549142884046441e-01
5.910471139797621731e-01
7.127519010680982703e-01
-1.599303496310405803e-01
2.757743136372392545e-01
-1.517605203944451198e+00
-2.765217110368401454e-01
3.976354882793969869e-01
-3.122780368695813324e-01
6.404141614451346332e-01
-7.870700085206006058e-02
6.167133611899886514e-01
-1.537116585821651560e+00
2.422698379407411950e-02
1.276515766673951280e+00
-2.563370459640629262e-01
-7.757462993517900696e-01
4.570346179097199424e-01
-1.173688803171716089e+00
-4.290599005186969683e-01
9.288951012763491111e-01
6.165292262514824456e-02
2.987960955070730895e-01
6.439273340388331768e-01
-7.489535341005054692e-01
-1.284278352876586204e+00
6.731146953755508255e-02
-6.096449714242651030e-01
1.347686078913368668e+00
-6.030649027939806173e-01
2.228385010260205967e-02
8.497431469568325069e-01
2.178927258593516547e-01
-1.963467702714622592e-02
4.563191315879133736e-01
1.078158332225316041e-01
-9.297200450012110817e-01
5.567140276511097774e-01
1.936389936126352573e-01
-9.801794137469743706e-01
7.193634538772623876e-02
-6.718620235178874855e-01
4.425900440722385643e-01
2.414593051748650687e+00
-6.447726047696615836e-01
1.045629555929952215e+00
4.599435058025100886e-01
-5.122491328878889250e-02
-6.918233420534263267e-01
-1.244816475422809043e+00
-9.594407561171436338e-01
-4.551764674644687148e-01
9.598259894724892050e-01
7.478016067305867098e-01
2.266338788144515448e-01
-2.954895503551153157e-01
-4.499774626438839964e-01
2.802339851102992885e-01
6.415883567931723874e-01
1.109885610129204003e-01
-1.091719101042399664e+00
-8.976077717703501158e-01
-6.640535200905645086e-01
1.233904392699878727e+00
3.962220681531877786e-02
-3.795016715632987814e-01
-7.980162542083287791e-01
-7.292365643911355999e-01
1.050257421870193442e+00
1.731727725589316869e+00
1.698907252344971086e+00
-2.463557144417883871e-01
1.200345635731900673e+00
-5.304838480966617142e-01
-1.085138961933705737e+00
-1.476482913544808484e-01
-4.680887326900831646e-01
2.927748576967538763e-01
-1.159076104864679990e-02
-4.979536426287295425e-02
-1.061915323566278824e+00
-1.314096959854894386e+00
9.537069211351745235e-02
-2.378825417929392172e-02
7.200093946331144190e-01
-1.737465458435130672e-01
-1.081939276874850808e+00
-5.352585106385896463e-01
-1.704627341269146390e+00
-2.191506115862940085e-03
-2.503990834825033374e-01
1.731866832925921529e-01
4.926293351591509717e-02
2.465215753198136683e-01
2.076559727783515441e-01
1.926160270404102981e+00
-6.873442304785981616e-01
-2.407217444401687223e-01
3.674169345806111986e-01
-1.251411648414165079e+00
5.152798029249971989e-01
2.748052647959064454e-01
-6.392302535602089053e-01
-5.141128209779306513e-01
2.099959075487251026e-01
1.415297101151686388e+00
8.837646055099356301e-01
-4.973933784669863911e-01
5.000472368861585970e-01
-9.642781761449390476e-01
2.398153663052757234e-01
-1.522325703332065294e-01
-8.416079410575425523e-01
-1.256066211354656348e+00
-8.859151039268698957e-01
-3.621262221375227131e-01
-2.489218414770503207e-01
1.169533615800450344e+00
-2.008741987385535221e+00
-6.240478777656762732e-01
5.909106266577631716e-01
-8.581966612965113983e-02
2.479161217386627869e-01
-7.281822897670235939e-01
4.757978550599433198e-01
-5.177851850878978368e-01
-5.875956826972965619e-01
-3.620977867917374304e-02
6.537984907598317630e-01
-7.621448906637358078e-01
-1.989162638159172047e+00
1.768104525654541348e+00
-7.152515086175559311e-01
3.674327458570101346e-01
6.085354034842139770e-01
-3.075004056111508843e-01
-4.404470311165721852e-01
4.065018898058771479e-01
1.038555177243594807e+00
-8.643543392721149132e-01
-1.017819997645663888e+00
1.592470853691816846e+00
5.583801959723513342e-01
7.034188378947490161e-01
-8.775728751491740365e-02
-1.466063225854050467e+00
-2.850995336427523341e+00
-2.625976243032110968e-01
1.074415207852286613e+00
-4.553481515389857792e-01
-4.087170323866765598e-01
1.669801017017150113e-01
4.354156920188506086e-01
6.672236952758472395e-01
1.589696674767548945e-01
-1.070284681005579663e-01
-3.969658257596775375e-02
-4.612814320668552903e-01
8.727594413231813952e-01
-7.231981400756670730e-01
-5.844738230590839079e-01
-1.212418835683327867e+00
-1.060344308135263924e+00
8.752267847043471161e-02
1.169293313570029635e+00
5.954102170994487464e-01
4.821458543128318008e-01
3.820163403811333014e-01
5.238189769582710653e-01
4.377584505363452116e-01
