-1.449157968452066680e-01
-1.186630430313918572e+00
1.563862846803618090e-01
1.117330390136809015e+00
-1.892177848799806439e+00
8.098041668266464654e-01
2.627973893287305907e-01
9.796840185730631978e-02
-7.795196001931639085e-01
1.609873654602313742e-01
8.580997619260316567e-02
-4.826705500864823528e-01
-6.958007709069164992e-01
-2.116435410308303289e-01
-5.981983002347159850e-01
2.035052360130613081e-01
-3.190776189604940249e-01
2.017380702038901186e-01
-1.091624303027698639e+00
-1.242139749183610170e-01
-9.023456209353570082e-03
-2.534420935188117507e-01
-1.228562790744935906e+00
-8.378086934920547790e-01
-3.567530953762969026e-01
-1.952799525400830127e-01
1.685513578650586208e-01
-1.522279835710271811e-02
-1.088228546647389827e-01
-7.057988219051599676e-01
8.146634321119260169e-02
-5.613757567419696004e-01
1.433124689381776395e+00
-1.298993196436482256e+00
1.456024619510667972e-01
-4.625467108283709550e-01
-4.474134901268285724e-01
-7.153115355774969375e-01
-5.100749608853210049e-01
1.126229808915128805e+00
2.090726658067046662e-01
-3.256416857409745180e-01
-8.743394337451928511e-01
1.488654568080442164e+00
-7.559983354468302608e-01
1.067542997656240722e+00
-4.125360460977369192e-01
5.332387143611747038e-02
-8.715371271152121402e-01
2.097813329020831175e-02
-8.191139858692589870e-01
1.026012928614236097e+00
9.147949749836743472e-01
5.053401214295453192e-01
3.891135884091598829e-01
8.709073483009787120e-01
-5.206330895922155477e-01
1.184568193438803707e+00
2.465498769482611305e-03
1.092606138020302486e+00
-4.977285690059238821e-01
-4.909104809892589349e-01
-7.628061377313744007e-01
6.963170356598968880e-01
-1.120215491859030132e+00
-4.341000560013182907e-01
5.233657341681512420e-01
5.852987873868967794e-01
1.436858480231233415e-01
1.192157487610430611e+00
-1.186981978756333378e+00
-9.934911296740891462e-01
-2.614837293566841803e-01
8.263092097473261344e-01
-1.301637983574470414e-01
4.434265430367930194e-01
3.198222128352109506e-01
-3.742709168223509186e-01
-4.827866010308701217e-01
-2.729183272282861283e-01
1.004192310627655127e+00
1.174290954507267504e+00
4.783984390793621228e-02
-1.726464060111150556e-01
5.970214685508266061e-01
-1.726673577514545865e-01
-5.853382554470817345e-01
-8.828882522002742261e-01
-5.251531950932574189e-01
9.982440008308175461e-01
1.083415999320361589e+00
-3.551756848379036824e-01
-2.563386066841717437e-01
-9.760311664993636116e-01
-1.241282504626432637e+00
-9.906947779568497925e-01
-2.589946150828617011e-01
6.773767148943929950e-01
-2.485933567818112144e-01
7.474749416038574124e-01
4.781424481108462743e-01
1.345957085423045818e+00
-7.250610649526010310e-01
9.740681055498525698e-01
-6.169158606437057379e-01
3.426413800345810834e-02
5.911558991470560187e-01
-1.329764239963385553e+00
-4.937233385731350926e-02
-1.650373318906249720e+00
-1.011114923041202429e+00
1.653819429909915983e-01
-5.777069613360557021e-01
8.682691284562982226e-01
8.336127029069839711e-01
-1.363196377170097673e+00
-1.299285085054941336e+00
-8.406020710738222323e-01
3.166891310034866680e-01
6.267002469503657469e-01
8.743085828460981368e-01
-9.527191728667646631e-01
-3.584623209970199120e-01
-2.674099164365000281e-01
8.705081402586463402e-02
-3.168360959396393506e-02
-3.990838812852500750e-01
-1.577632071006278280e-01
-8.926813358090890382e-01
-1.049322181031599799e+00
-6.886409156832612455e-01
8.354459940605927226e-01
2.474742259375287134e-02
-1.367400737058949156e-01
-8.562255409691442720e-01
-1.020282075924803022e+00
1.379122842310720021e+00
-5.214512750356011805e-01
-4.646230846679555992e-01
-9.545982799474689307e-01
-7.218665032751556687e-01
-1.926551927298943756e+00
1.233823087214772185e+00
5.481537716035409513e-01
1.142257671628791771e+00
-5.034258850651694983e-01
9.971439046368821280e-02
1.122089377768373364e+00
2.368602865135679414e-01
-2.856457529091422920e-01
-2.271286778509994803e-02
8.225262503355050825e-01
1.559187036870766652e-01
1.804062684553374041e+00
7.671195696873289727e-01
-3.413724500015149349e-02
8.989667983039186794e-01
6.270554841964488813e-02
6.054504750060919482e-01
2.573014778047244544e-01
7.388999062018708486e-01
-3.411588841436684616e-01
-5.375255180275442246e-01
1.326459203914666762e+00
-3.752713046437615441e-02
6.510458864305181947e-01
-3.267940719997547983e-01
9.885616859259470646e-01
4.649755236642552636e-01
6.416229296642752544e-01
-1.062387541558104248e-01
4.879784135719392180e-01
-2.238519019789982911e-01
5.547614325626333276e-01
1.043110780445663410e+00
-5.081989383552114603e-01
3.361073338107086750e-01
7.112871207316013855e-01
-1.439752734246801669e-01
3.192181316219922654e-02
-1.394415349539882332e+00
1.341037033945718937e-02
4.773452736688933440e-01
-1.013713360135488073e-01
-1.646742043675795686e-01
-4.589731529292099266e-01
-4.199157173110491525e-01
-5.601502537136325843e-01
4.653809806756573075e-01
-8.828469237725529162e-01
-1.304015705088719668e-01
-1.136619487648479199e+00
-2.917075993014503488e-01
-1.726757328796992563e-01
8.449075762968425440e-01
1.093650438176415815e-02
-6.335851952877862014e-02
1.287033225890618082e-01
2.883108688833339595e-01
-2.276097552988639028e-01
-4.539207999674829686e-01
-1.109659753535360505e+00
-8.572512342332893054e-01
1.225861576854556656e+00
9.769800928685119512e-01
-8.872788976312158127e-01
-6.627409272815390495e-02
1.225848840718063659e+00
8.441953472953612758e-01
-1.893273804227245893e+00
-1.272239307249558582e+00
7.680321194808603646e-01
5.100548364417886171e-01
8.000091744241260017e-01
-2.216802824501348801e-01
1.292685150160812979e+00
-1.026010468969836609e+00
-1.628547373719745617e-01
-5.747487900545004136e-01
-7.315723348989557895e-01
-1.401575101264503909e-01
-8.343282544622456776e-01
1.270647332795107776e+00
-9.939345396333146843e-01
-2.896816040524490821e-01
1.202731778780409044e+00
-1.086323775378901901e+00
4.183020481291067627e-01
-1.187180554169475544e+00
-1.122087290513099633e+00
2.670061358848175304e-01
-1.537998873451765558e+00
6.364147638520605277e-01
2.395668738897971384e-01
1.278252859232869021e+00
-1.287259765303121889e-02
3.628904933132811039e-01
1.361241905862481616e+00
-7.007592822171676561e-02
-7.366903222372969129e-01
-5.530418623659897337e-01
-3.086418708952227141e-01
2.145649460587142343e-01
1.693225629802279364e-01
-8.936336153718327235e-01
-1.040942858451068473e-03
7.483403429752770730e-01
-8.061654866304345246e-01
-3.002640021748410049e-01
-1.107248151229604793e-02
5.228178546747141997e-01
1.166736727986624311e+00
-7.002939169700027611e-01
1.557389972533608669e+00
-1.335111762055692930e+00
-4.010563712940000691e-01
7.675921007411672381e-01
1.001203416240355581e+00
5.755506181084888429e-01
-1.039657652874304450e+00
4.712744766941265873e-01
-1.120872025834838803e+00
-4.851830746596202948e-01
4.127079261293988832e-01
9.695162014275617857e-01
