-3.749101569540720380e-01
8.540490783102563932e-02
-1.347844162587416850e-01
-1.651426087017215383e-01
5.752618067470022245e-01
7.735301253893931417e-01
8.032292475715380187e-03
-2.856434218525764068e-01
4.666474075532728305e-02
1.547910947633316658e-01
-7.280990267785723835e-02
4.944962259604152588e-01
4.457898072812397361e-01
1.123586453398346841e+00
1.442727489213871672e-01
-7.959698643949273400e-01
-5.904125311425015843e-01
-7.326960200361405384e-01
1.891142118177019937e-01
5.774441149523529271e-02
4.383241932196773050e-01
5.911942757774143464e-01
-1.594174976366876662e-01
3.532761527007007851e-01
-2.662691572264668238e-01
5.430781765225058955e-01
1.580164764383906739e+00
-4.809366228734474058e-01
-2.495237164427423215e-01
-1.879107438390053231e+00
3.639918974081891023e-01
-4.868750706670030848e-01
1.191405852759117728e-01
6.666344498258718054e-02
4.088079327801744101e-01
1.224150444413784067e+00
1.017506061350899493e+00
-1.126499986508272766e+00
-6.595547316597649701e-01
-9.441195644325001135e-02
3.615345479218732283e-01
5.966813871273888292e-01
3.928320071751385534e-01
1.282706616904517177e-02
-9.892501642224876823e-01
-2.128621742895751290e-01
-3.347964951608470852e-01
1.384713393838077344e-01
4.718038644023640482e-01
-9.323987212525016721e-01
-6.755422471419697539e-02
-1.225701536049099705e-01
-4.238214581869145792e-01
-7.007469189014302602e-01
6.046682577350676047e-02
-6.012643293702735203e-02
-1.217956712520972262e+00
-1.627985199743572919e-01
-1.134598510639233671e-01
2.522928533581277888e-01
1.537218436040878045e-01
-4.786389246936739172e-01
-2.880828075049523540e-01
-1.275526697712919377e+00
-5.818291703586471186e-01
2.188456561641478892e-01
3.381462411789467604e-01
-6.307717617491034878e-02
1.414909115836986975e-01
-7.836861653970144115e-01
2.437142753537799578e-01
-3.642549963118884016e-01
7.617540145683584507e-01
-1.786510683092093488e-01
-7.006384398881652098e-01
-6.384903715862098039e-01
-5.035067870252676325e-01
-5.230349353191832140e-02
3.060336822015305436e-02
4.355692386042365749e-01
3.467946287152416929e-01
-2.966428328630223432e-01
-6.788461626301620644e-01
-2.644853001087552058e-02
8.508512987867042909e-01
3.460798035993895017e-02
-2.656286773061479201e-01
4.333189800896603550e-01
1.570378668485352236e+00
-5.404491971635632108e-01
5.997445519922920409e-01
-4.561779729220377111e-01
1.188036131320034938e+00
-6.788090868706154746e-01
-5.199801741413142553e-01
4.937727585171267641e-01
5.527225413540234333e-01
-1.603311911535550138e-01
4.839686434490939049e-01
-1.901763442524276593e-01
3.092450096484047894e-01
-2.181048468133816587e-01
3.158298438638063588e-01
-7.417793531870540136e-01
3.902129606621767000e-01
-3.129534080818928143e-01
6.902050769861964863e-01
1.491619718414038953e-02
1.125280576772212271e+00
-1.159127183037081676e-01
-6.065527000859698425e-01
-5.663967991142970781e-01
-5.024348657614756686e-01
-3.065712376483925028e-01
1.667671123204764738e-01
-1.548652561778842696e-01
1.906355532024299193e-01
9.103618939681407118e-02
-3.811101795574614037e-01
-2.004147042719026661e-01
-3.189355836169253111e-01
1.511001250726835832e-01
-1.112016223725210917e+00
-5.013455617367454376e-02
2.335554390669305480e-01
-2.489123606371640429e-02
7.909971426500054248e-01
-1.515065396019254218e-01
2.509890485347414102e-01
-9.789702156217621187e-01
-7.468629052267403146e-02
-5.974269531869336181e-01
6.340875966624295312e-01
-3.534925930898136226e-01
5.683809820821985603e-01
5.166448834838097692e-01
-1.639946684749982730e-01
2.244593523473051300e-01
1.157593838287017118e-01
3.419834169776297395e-01
1.087086182071015233e-01
9.784959408031401740e-02
-1.092880980452411777e+00
3.418634584957112588e-01
-9.069324428851169850e-01
6.525586058230180564e-01
7.250721726892421781e-01
2.388888706450849886e-01
5.508920628670943564e-01
6.586732955593005423e-03
4.493322602251564879e-01
-1.559769246891650266e-02
-5.214719181095746059e-01
1.336203435499378200e-01
-1.185246344803584817e+00
-2.408253271053649724e-01
-2.243011486471544469e-01
-7.492650225660884011e-01
-5.744794783686246742e-02
1.184168026790073380e+00
-1.165899576689885864e+00
6.457382565736319302e-01
-6.232284374531958937e-01
-2.437370790490951677e-01
-2.515089008804356485e-01
-3.829888677601183122e-01
-5.961825964364477759e-01
3.829350306645618041e-01
-2.892159963985906357e-01
-1.593698955209198020e+00
-7.764231031063473232e-02
-1.486532668223797260e-01
1.108548962607427690e-01
1.486087349703388183e+00
3.160473343761224796e-01
-9.960012686003794080e-02
-4.339210452469777768e-01
1.200372184915030838e+00
-8.670558995906858524e-01
-5.344959117479741728e-01
-5.152099102935108199e-01
-2.805283050457612615e-01
-2.912835584850972936e-01
1.081813578029335865e+00
1.767310321990322453e-01
-1.017026173641605524e+00
-4.315995357863228743e-01
1.655320049376576563e-01
-4.892179068364201910e-01
4.928505858640375159e-02
-4.333885037493889758e-01
4.456171140928298913e-01
1.467781485525953278e-01
-8.404013187333613244e-01
6.969922771102006198e-01
3.028617890982789884e-01
5.245205949345772556e-01
1.118863455331774726e-01
-9.237063710020019247e-01
1.761381156393399650e+00
4.075654242166856789e-01
-5.658098150947123983e-01
6.819924119895979242e-01
-5.822715666693236702e-01
-4.102456595275354445e-01
-2.335087697371505122e-01
3.358400177799605868e-01
-2.735532275423206983e-01
4.669322164821880783e-01
-8.252862556180468045e-02
1.064459073873971762e-01
1.129999643045012242e-01
4.437269759635237287e-01
6.185167564691841369e-01
-7.255397094947440007e-01
-6.930459769741095788e-02
-1.011890628043164986e+00
-6.876436819456968608e-02
1.597667422941382864e-01
-3.923338579876649024e-01
5.352716055511103077e-01
1.232694335970819233e-01
9.936484250998899037e-02
1.108979385088021630e+00
4.090410932064085792e-01
-7.441672542835821025e-01
9.991781018306916673e-01
1.671611184658089999e-01
-6.159953868264023136e-02
7.120759168141512774e-01
4.306500897591416521e-01
-8.928570276358088753e-02
-5.725626779213061068e-02
-1.391465600479164788e-01
-6.169599289791358743e-01
-1.852291759799998827e-01
-6.578722151684632813e-01
-4.699196546159578602e-05
-5.895789629440190138e-01
-1.225898203826644384e+00
-2.272759280075891675e-01
3.630108651387607965e-01
4.420228725372010170e-01
6.678605297457280709e-01
1.822027879496793817e-02
-6.111841415083234530e-01
-3.648040238005997860e-02
9.094145445359448354e-01
-8.041438825638751453e-01
-4.477953391947522843e-02
-4.242075755361395251e-01
-8.192016559641303042e-01
-5.003529778733087907e-01
5.960919337645013139e-01
-1.382132556123821798e-01
4.736193628368998709e-01
-9.022451735774730253e-01
-4.132833534995689062e-02
1.601921139061030647e-02
4.671923849626615777e-01
1.257361175417791799e+00
8.703854880110717396e-02
-2.277552455619798466e-01
1.001634281649136815e+00
1.516949671582583370e-01
