1.658785170542487197e+00
-5.872636045161226670e-02
3.981814346308643754e-02
3.300473528787714605e-01
-7.760342196781180313e-01
1.198120216251566117e-01
-1.146187521863153647e+00
8.555876889652969108e-01
-1.538855480345289739e-01
3.444100403877465855e-01
-4.173044172038037347e-01
5.346091181268872727e-01
1.648463359375050175e+00
5.232181423930772762e-02
3.542931738940016673e-01
-1.459083838524802612e+00
6.890809069170347190e-01
-7.346615982891144814e-01
-1.205685570651554350e+00
8.961474388242336442e-01
-6.891264951583409015e-01
3.422855514044797487e-01
1.014572347205267233e+00
-1.480464651585838398e+00
-1.739432597645658995e-01
6.428130134201121004e-02
6.622890520603200715e-01
5.857818413648350209e-01
8.825951623661479895e-01
-2.003293579750357267e+00
3.221403332887901594e-01
-1.155627050940517542e+00
-2.622109123591312985e-01
1.256624139000708240e+00
1.516892042769993010e+00
-1.142883208735280931e+00
-9.605666323585688726e-01
8.383133383531022886e-01
4.885207596117067674e-01
-5.389364761317931851e-01
1.594953289675578256e+00
-2.493652401791207618e-01
2.091833699494965171e-01
-4.914956810216601912e-01
7.833760553894605350e-01
-2.903138109809630385e-01
8.432493884905863935e-01
1.027459289640288986e-01
-1.101798887596210780e-02
1.190571891590187364e-01
-5.609621008528151709e-01
-5.737726396526580119e-01
1.147234834017723859e+00
-6.616075581587715915e-01
-1.298719979272072278e+00
-4.167335218179390316e-02
1.071534762175367250e+00
-1.911359410763081301e-01
2.341097442742087475e-01
5.241134406601249962e-01
8.132036309464415469e-01
-4.651517488954766133e-01
-8.135739847771590316e-01
8.580127027345947344e-01
-1.320067466722993077e-01
6.631460427946801461e-01
1.417237382288023539e-01
1.186370382234443133e+00
-2.396186982654306519e+00
8.318029709960241824e-01
-1.133836912280450360e-01
-9.128857045550593519e-01
-1.237562319497994334e+00
2.443952546474601473e-01
1.138249639739202568e+00
-6.048689743479598313e-01
-3.125910360768063834e-01
2.453420200699255038e-01
6.196904446323541205e-01
5.397353540088819512e-01
8.051933313851509233e-01
4.713500866792667554e-01
8.595752211760138151e-02
-9.370458087341511089e-01
-7.582085773981755983e-01
1.070191372760830095e+00
-1.035470353308992841e+00
-1.833420518673359645e+00
-5.299664271551887684e-02
5.121640245331308128e-01
4.739685039315574278e-01
-5.609943592797275169e-01
6.230387810021857931e-01
-2.657026062700295621e-01
1.133258962092852151e+00
1.155022027581292798e-02
1.791441304417555336e-01
-3.484089220906943368e-02
-1.397034521378768823e-01
-2.925093112448780563e-01
3.588962597805052113e-01
-2.316880643244786930e-01
-4.273750880126073876e-02
-1.103121508367707948e+00
1.150986361826701054e-01
-1.465818138006217630e+00
6.092278770313208636e-02
-2.848475763912389214e-01
1.580727812271359500e+00
4.550396407160754719e-02
6.417891032869348367e-01
-1.265064948843677373e+00
-7.500989990882709346e-01
1.288570569387481379e+00
-5.883276494660586442e-01
3.960095492950373441e-01
-2.660576200361669530e-01
1.100206121009163381e-02
8.147331254665686195e-01
-6.959628183276819202e-01
-2.092512948395874872e+00
2.512000941097017326e-01
1.940774005170439187e-01
7.794262890445816661e-01
5.450023555407106784e-02
-2.329500201795896841e-01
-1.561648551353788328e+00
-5.921176942221872963e-01
-1.781919710364976150e-01
6.396005235857415983e-01
-6.123364060776502749e-01
1.041453484886513570e+00
3.302098179426719571e-01
-9.190200636450155391e-01
-1.383260891354172628e+00
3.807187565543913577e-01
2.798269162651613740e-01
4.212239340394813292e-01
-4.965094660959919470e-01
-3.269199230034047221e-01
1.129490189689332125e+00
-1.805083315812773814e-01
-6.380305648674410302e-01
3.779488126953584742e-02
-8.455203315590548163e-01
1.287691828072544453e+00
-9.472156726312923603e-01
-6.407527186404667896e-01
3.380963154987329800e-01
-2.761058063854162081e-01
-1.050024217810094695e+00
-6.877888894075157022e-01
1.124809569459411351e+00
-4.530659143867305505e-01
-1.275443148662205317e+00
-1.107833403221935686e+00
-3.820325986874470447e-01
-8.785328590482922584e-01
-1.555651078709007873e+00
5.682539906074722813e-01
1.142378600891339330e-01
9.494923647299594593e-01
-5.719274130859156591e-01
-1.213474122362354857e+00
-9.781066992767312174e-01
1.072223693621493057e+00
-1.756809117928556097e-01
-6.397286318475260414e-01
-3.811108892991894592e-01
9.019269814538921626e-01
1.844217688859400850e-01
-8.442348589269362824e-01
6.773603904523828323e-01
4.365033108875531753e-01
-1.376854378924786237e+00
-9.341206791349394578e-01
1.355218587466294977e+00
-2.721615031387948913e-01
4.294267715773769090e-01
1.144900944242700364e-01
1.309410896531326252e+00
1.446593273720214456e-01
9.078105248170794672e-01
-7.392422987151491265e-01
5.068251558019448710e-01
-1.364489920057110117e+00
1.920170903108712190e-01
-1.510701355963619541e+00
-8.016737715267290287e-01
1.394872939625631192e+00
-7.156466544291424647e-03
-1.112784438334761594e+00
-8.220720770498554097e-01
-3.857056163489263056e-01
5.585306733252627387e-01
7.845549174084567312e-01
7.807278195418057565e-02
3.033810050890178300e-01
4.685768681312429962e-03
1.939492388206483509e-01
8.483651807888255292e-02
5.577071215998566922e-01
1.422211964984315014e+00
-6.875572727816487983e-01
1.724347553285986656e+00
8.558327839089879818e-01
3.810678337272703220e-01
-5.825070060204908806e-01
1.071651064618966087e+00
1.092330947503844518e+00
1.815686317372758873e-01
-9.936130287043665188e-01
1.346409652410633928e+00
7.946781560734652583e-01
9.246971531054798410e-02
-3.057939915429144784e-01
3.619632178759104590e-01
8.709362066313436346e-01
4.159280540597160014e-01
-1.079379459888996529e+00
2.156000619411340691e-01
3.665021024765993118e-01
-4.345758540275634907e-03
1.607627731858171094e-01
-5.528801340730653546e-01
-2.458812091348866191e-01
-9.805416126556646406e-01
-3.059459729008045525e-01
-7.551242662611235001e-01
1.259929556528129324e-01
-1.145673950601801661e+00
-3.565484111536152967e-01
-4.847754667019765068e-02
-4.089580231271659483e-01
-3.627251246798581796e-01
7.447142590574116205e-01
-3.620473984649301147e-01
2.021466887024924719e-01
9.822304462653959067e-01
-1.747703844117382443e+00
-5.740240150805745456e-01
7.868234392975307356e-01
-1.264340879804469076e+00
-3.166981194287808027e-02
9.628959879505871733e-02
4.860110036969418346e-01
-8.835653221127375279e-01
2.426166875491017061e-01
5.038033888300520458e-01
-3.812522806529051178e-01
-7.434152566607855617e-01
5.559550022829649538e-03
2.003949605245243792e-01
-3.387471316013633271e-01
-3.735038525665669296e-01
-2.760485635120210057e-01
8.246452996360345566e-02
1.083699246579182596e+00
5.195496088800863888e-01
-1.532636646102466804e-01
-1.048832180673043180e+00
8.281316302039867239e-01
1.475943222975009683e-01
1.300608594947004315e+00
1.194993278755829280e+00
