-9.761844261971533987e-01
-4.549775127832816346e-01
-5.400340786224678835e-01
-2.168290397500932665e-02
-1.951287827964142407e-01
1.297665607426231327e-01
-1.647190632594556892e+00
-8.730453570865910340e-01
3.418122494169795189e-01
1.428065313738330344e-02
-7.662587192772079003e-01
1.744900842991874701e-01
-4.942122057218048536e-01
-1.470980165050592925e+00
9.024049171265475788e-01
3.847098047112212371e-01
-3.051454703092144616e-01
1.322595965758440462e-01
-2.431867358570047877e-01
-5.798151229615222668e-02
-5.167920952386733102e-01
1.233438296609403462e-01
5.900321418039491395e-01
-9.904517189144963485e-01
2.810885041438906939e-01
-8.361375697891776371e-01
-1.326554402933635135e+00
-4.787640099376522240e-01
8.351881124337470763e-02
6.371882867309256460e-01
6.645254878213913141e-02
-6.234050302924419862e-01
2.943299068400941909e-01
4.607297730169876426e-01
-6.845204736088955633e-01
3.532136436217464537e-02
1.708955499850603466e-01
-1.414935926923373888e+00
-7.669425987395570576e-01
2.659221275938262741e-01
1.746688360978582155e-02
-5.534078030524493264e-02
-2.644832694349544266e-01
-8.361231185501444285e-02
-8.460062920370199357e-01
-2.468604755178910315e-02
-5.484778609752416489e-01
2.574950132353004406e-02
-1.457465991232286262e-01
2.057743395475387649e-01
-1.654274410139571216e-01
-1.181588024123104708e+00
1.505644543440659011e-01
-5.140708963603768389e-02
-1.072343006396773019e-01
4.291391788369449123e-01
-1.317272996219134962e+00
-7.569897239024248048e-01
-2.295344395508583379e-01
-4.312141373592361937e-01
2.920977758069240315e-01
-6.918349269303767368e-01
-4.267497252500000449e-01
-3.859449523132357784e-01
6.102396324359440349e-01
4.469488790255545796e-01
1.153756048722541783e+00
-9.861002493671690017e-01
4.748840031400639594e-01
-2.140776961761532982e-01
1.142801785297743455e-01
-1.317601652204407392e+00
-8.137370959327868691e-01
1.270286442490815793e+00
-5.426221943872630016e-01
1.837168151974282182e-01
-4.185386371823648921e-01
2.337926043840699020e-02
-7.301378923210291583e-02
-7.523735018411530362e-01
2.443745902467082398e-01
1.233422655331954054e+00
9.761463836948980344e-01
-9.274105480762955267e-01
-1.151671963790589226e+00
6.153408961605547622e-01
6.477363605194166318e-01
-4.553800666694611810e-01
-2.987159288559144144e-01
9.852274680218822134e-01
-3.643641594171178055e-01
2.767514948928674889e-01
-1.187881382710894718e-01
-7.721060105647514771e-01
1.437351170625158492e-01
5.543215031751551614e-01
-6.212294453928439708e-01
8.106708139766387600e-01
-4.227836338446984421e-02
3.209412479833182452e-01
3.436904720127966772e-01
-2.191633337519406921e-01
6.872355052437977285e-01
-3.680197306793667744e-01
-6.924549056699067506e-01
6.282169466012481607e-01
-4.988980782404811576e-03
4.065707672616412638e-01
-5.219459387621399049e-01
-4.777908166943548030e-01
1.732787038499548904e-01
1.062000967370761106e+00
-1.050168729122233469e+00
-1.507584245990317040e+00
-3.495070341733588770e-01
-5.665941891136395958e-02
1.236998730350167719e+00
-9.298779023713001912e-01
7.477012664221464044e-01
2.965293211524490102e-01
-8.293207746093145261e-01
-1.226547455747578397e+00
-6.688998654115128062e-01
-9.655267993498070633e-03
-9.412786394655202615e-01
1.415667404401619311e+00
4.339547923292531029e-01
1.335617599892261032e+00
1.313496172318181943e+00
-6.370629301064385519e-01
6.638649942119646818e-02
-3.176473396493404988e-01
1.176061814607620493e+00
-1.107341435083782466e+00
-5.640922484236630119e-01
1.856766874066849426e-01
-5.414482153308570744e-01
2.944285339075894403e-01
7.126817888579068949e-01
-3.988233257609207771e-01
-2.004785115307464727e-01
3.300288209428232644e-01
-1.312362596221146926e+00
1.334427600484194176e+00
-2.203746117865297838e-01
-4.094792242999329979e-01
-3.096160137063627138e-01
5.428428752496755605e-01
-1.346000658389250038e-02
-6.988817661597652720e-01
8.416399018149487432e-01
-2.748384802441056207e-01
-4.388448489032155120e-01
5.325958660825201862e-01
-3.471798442418552733e-02
3.451665859624446497e-01
-5.189013879442962995e-01
-2.261168898979525055e-01
8.714987331307489926e-01
-3.950388522726497875e-01
-7.539021366113332068e-01
-2.488117423702509989e-01
-1.068062273344565716e+00
-3.443706774615344912e-01
-8.672755241634886314e-01
-4.746029457810403973e-01
5.879929938219810026e-01
-6.745503454979229208e-01
-3.474066883860970623e-01
-3.572401059943156043e-01
3.344133574632607853e-01
-2.479812459528316915e-01
-1.242344339008462639e-01
2.885876847254748023e-01
-6.078687725574194456e-01
-1.259605644685484860e+00
-2.531133593834321571e-01
-4.511274407896400662e-01
3.974852203444557142e-01
-1.414870869813358578e-01
4.184594170890260090e-02
3.602962451763322416e-02
-6.285576828840966357e-01
-1.344795618931898806e-01
-1.238526300693965965e+00
-4.897377961901450139e-01
-4.457288000983544718e-02
-8.954160485640054457e-02
-3.159436355188153245e-01
2.645265738172647429e-01
4.024652322641500413e-01
-6.406637812561659651e-01
3.408656370180915274e-01
2.233823433578835393e-01
7.911106283989972621e-01
-4.636844902515613667e-04
1.372876370626005205e+00
3.625940505576040196e-01
-2.715696399877295386e-01
1.079718625724647163e-01
-6.949155514540995560e-01
-9.201046006124427024e-01
-9.851392850664717482e-01
1.075932970065152761e+00
-2.668769047748905665e-01
9.498145960585580028e-01
-1.809971248146088896e-01
-2.115606487630561361e-01
5.922366645462336932e-01
-8.368902667063758960e-01
-1.515969744855062196e+00
-2.974027639854761040e-01
-1.291076492967342948e-01
9.376143368514059384e-01
-2.213623935526463637e-01
6.842083871542870011e-01
-2.188529745472882759e-01
1.166184239570780434e+00
3.219714050130331739e-01
6.930952652470101505e-02
-1.709848207435194500e-01
-8.585946606901740941e-01
6.660734684229512315e-01
-2.619818139896133435e-01
-6.592034047708347222e-01
-1.874456912723878321e-01
-4.436242987398842930e-01
1.100751538108470373e-01
-4.635174741351205663e-01
1.045885945958004992e+00
-4.201654816297484274e-01
5.218332985373203003e-02
1.316874443372303416e+00
-5.814348929680196454e-02
-2.308540256733016827e-01
-9.985888534171443176e-01
5.479292995934326171e-01
1.640704416998869930e-01
-6.943091775137247845e-01
1.470649225433424412e-01
8.055427455101765721e-03
-3.155073916685049440e-01
3.060471528243099426e-01
-4.779592824233828974e-02
1.677511068961243801e-01
-2.647440701059867729e-01
-9.589560178078182506e-01
-1.582341061663527781e-01
9.223362225021949357e-01
8.523267615638659978e-01
-3.289318796597444639e-01
-2.901739915359499156e-01
-2.534714700327351383e-02
-1.047980248330905528e+00
5.229682520402567647e-01
8.297578819576809095e-03
-3.233804603077667927e-01
2.655135093861269446e-01
4.321317042713931356e-01
6.459909297729651279e-01
-5.931990979188671576e-01
-2.364117426955424095e-01
1.071892173161375916e-01
-2.609902280586179346e-01
-6.431191670807891170e-02
