-8.498332646881039398e-01
-1.171205694087618765e+00
-1.673510939764352445e-01
1.213754421863353583e+00
-4.650348840642603010e-01
1.008281118295715623e-01
1.009327028786990654e+00
4.297693968553947808e-01
-1.335013821143399837e-01
-1.170675691281400921e+00
-4.269317590505657956e-01
-2.348477088831774084e-01
3.292690947483008501e-01
-4.112643091696812081e-01
8.442285162739654458e-02
1.842570778976592716e-01
-8.386045629059485362e-01
1.142951966920983553e+00
3.242342722736781258e-01
-2.563417371390966371e-01
-5.379469062807621382e-01
1.008504277381731651e+00
-3.802191573299481542e-01
2.537587587128107280e-01
-2.011088069804116141e-01
1.363690082773231005e+00
1.226463123104951203e+00
1.144918361438424181e+00
-6.781309430498334567e-01
8.607938391467201411e-01
-3.707956960574156913e-01
8.757233259422267380e-02
-2.633387084027994929e-01
1.261978324596506607e-01
8.970312429520661546e-01
2.114173281541484040e-01
5.249861590927660249e-01
-1.083280048102760879e-01
7.504625825621565882e-01
8.939874470575776000e-01
6.224540705654071360e-01
2.276510078015240301e-01
-1.791580420013411806e-02
1.320473177611175997e+00
6.758584109198151335e-02
-1.159113078593367874e+00
-1.126715344312729128e+00
-5.933661195863955129e-01
6.321366226004837552e-01
-1.958061406387499870e-01
1.967660347666067011e-01
-2.726120947431847630e-01
3.977064097138778842e-01
5.606050141149326871e-01
-7.649328225592272323e-01
-6.937626559786489455e-01
1.983136621029064628e-01
8.263202045338718937e-01
-4.203337558574705701e-01
-5.088511064930976158e-01
-4.375310203291402078e-01
-3.879883486184213526e-01
-6.281714860985937454e-01
-2.520085518758394261e-01
5.638612327658342194e-01
-3.859574895138392914e-01
-5.415739941739478036e-01
1.011189661603475232e+00
8.738358764680329571e-01
-1.083615847939670251e+00
3.607114482567923552e-01
1.641702529302416225e-02
2.348849742257319295e-01
-8.786901016993485525e-02
-1.018100279258441043e+00
6.711834358841675119e-01
-5.755016453411020416e-01
2.665868579499214297e-01
-2.046183294881678549e-01
-3.603636277531139381e-02
9.523882181271081659e-02
-2.484688065508022514e-01
3.692354126438549544e-01
1.108372587393958497e+00
6.266191116607247591e-02
2.686651820502169441e-01
3.672724768368270665e-01
1.393491001592303657e+00
-8.457075959987792046e-03
-3.532666613359809471e-01
6.456771625836050799e-01
6.908757282231458019e-01
-8.487525062292862466e-02
1.049427271021649288e-01
1.863985407368941583e-01
1.744273657334167310e-02
-3.662784411902990107e-03
1.369326446357641558e+00
1.995477191060351652e-01
5.693324890706800145e-01
-2.953551978954503943e-01
6.145375900363619914e-02
-2.285395310477496833e-01
-3.726790182348888036e-01
-8.772949324678116501e-01
-6.045485315038752194e-01
2.810144063522706515e-01
-7.863143137676394945e-01
5.412837291389086536e-01
5.680011821124577587e-01
3.080003731906449937e-01
-1.608076193893271666e-01
-3.388129980717420886e-01
-3.082349308260258214e-01
-4.470423446852309635e-01
3.958207877465146907e-01
-7.289549428270740705e-01
-1.760199576498752694e-01
-8.138587896648501463e-01
-7.529975725336324199e-02
5.322308715340211549e-01
-9.424920606922148059e-01
-1.137715102344171614e+00
-6.659952492579132022e-01
-6.038118256464889422e-01
-2.954127365077863776e-01
-8.569184815008078493e-01
-3.118071815245596623e-01
-7.478227636379485288e-01
-1.580322124820839336e-01
-7.234485260465692846e-01
-4.210957614407332406e-01
3.804412542820611587e-01
-1.056369275524503826e-01
-4.481693276025016659e-01
-5.277946112472102769e-01
3.309743840255171543e-01
-1.273313984639561136e+00
-4.017692820561581390e-01
-2.649251634451448359e-02
-4.563853156548441925e-02
-7.888053493473780320e-02
2.384287747400712365e-02
1.083546828314884136e+00
-5.408882308400235761e-01
-1.059622325755815275e+00
7.832190869960553581e-02
-4.789607953754042302e-02
1.126687865143004702e-01
-6.835070739924070660e-01
8.526254148345611128e-01
2.389671563753958949e-01
-1.732656198877784215e+00
1.222676665456838008e-01
-4.505540146345993202e-01
-4.266068255834040701e-01
-3.127606898396263491e-01
-1.228290835697104288e+00
3.916068062084087087e-01
-3.239772955041377300e-01
-8.970224164346207729e-01
-4.111159598498206891e-01
-3.915013186559973546e-01
3.444583395368421286e-01
-8.251240615001260714e-01
7.917897449019206668e-01
1.686974389299958632e-01
1.544701134019305089e+00
1.719438215420913685e-01
-2.230408696337319308e-01
3.762870961174082929e-01
-2.783279977067120159e-01
-6.633918307705795048e-01
-1.489963091773752017e-02
1.599224915813632353e-02
2.259419610649703869e-01
-5.391229389035609998e-01
1.027229221259929215e+00
-5.646023155266607363e-01
7.703648661319588697e-01
1.561404819124186272e+00
-6.295582660563885380e-01
1.223297209554580767e-01
-1.530216641172033709e+00
-2.745083689727257498e-02
-1.354226558511415213e-01
-1.682845125874100345e-01
-4.251606044644709592e-03
4.216115080347868083e-01
-5.518607594395734395e-02
-4.516348889320060955e-01
5.772856027090275122e-01
7.119915904532208017e-01
4.391916579067944304e-01
-6.606594432239337733e-01
-1.381912880647603592e-01
7.432581781846173685e-01
4.059313592259405357e-01
1.658897042546471357e-01
9.144103591830603506e-01
-7.371371530402450745e-01
2.167664413818506386e-01
4.674303569265074731e-01
4.420954358251174554e-01
-3.375807137684110892e-01
-2.894165532209876934e-01
5.630547187314739466e-01
-3.240768620497104235e-01
-3.383514237730656654e-02
3.464971660265491193e-01
4.850820853917571784e-01
-6.088479072347789955e-01
1.832820018519611960e-01
2.847315374307091695e-01
2.603724443414350276e-01
2.839229332101726455e-01
8.219709080285433900e-02
-8.669829773477510937e-01
3.917103983226664088e-01
3.638683945937946640e-01
-2.960197442757849656e-02
4.299969114359579181e-01
1.202419273674864009e+00
1.083049485440665816e-01
-5.393274929287705799e-01
-5.734096349710386953e-01
8.171367002379963385e-01
-3.772337095676210894e-01
1.944627732266150377e-01
-2.250214134003005739e+00
-1.172453028672346687e+00
-3.948081816745417361e-01
4.439412741856917366e-01
5.668425418235720770e-01
2.987758119064063411e-01
1.734513164537129226e-01
2.586675145345808391e-02
2.453780586887280846e-01
-2.183723235997768186e-01
7.160710415060271838e-01
5.131770806446804833e-01
-8.650979846689315078e-01
3.829288613486203641e-01
1.356824308045344818e+00
-5.554205168699508643e-01
7.621392650255374157e-01
-2.124940758483165326e-01
-7.265222744112759257e-01
2.414742419025897036e-01
-6.360425629145364246e-01
1.466804589652317414e-01
-8.332766200467323081e-01
3.287389467570316359e-01
7.069421663770167896e-01
-3.624468740202317352e-01
-1.111569663184189372e+00
-5.442822739300079427e-01
7.082513663650233937e-01
6.238169588969688650e-01
-3.377611928735572699e-01
-1.384430696552064077e+00
-4.963593699125269376e-01
-1.144601016510164437e-01
-4.572297292702866001e-01
6.013961312744598997e-01
