2.142900493744969159e-01
1.085735920333948723e+00
1.164498990314450921e+00
1.993742564744271473e+00
1.422213956377401889e+00
-1.113998743556425253e-01
-1.439153647755203602e-01
-1.662756709937416089e+00
2.445069235160423349e-01
9.927307007703023434e-01
-6.973404185762406282e-01
1.567748887336187558e+00
1.274716668792194252e+00
2.381558900472420248e+00
6.108345500671081840e-01
-3.489515949859079980e-01
-4.441677457081012470e-01
1.518961600348080476e-01
5.731649631626725139e-01
2.504302592923539073e-01
-2.316260371458808143e-01
-2.498478584841287153e-01
1.010347716965581233e+00
5.965484571655783608e-01
-1.080750753620475235e+00
-1.748362084392440785e-01
-3.973311246905257832e-01
1.020954379738770457e-01
-7.350384634543231099e-01
3.022423914736956374e-01
-6.507231850388539574e-01
-5.855693285371073031e-01
-1.022919836988910758e+00
1.256365010576566271e-02
-6.454836962301389036e-01
-2.181171530649815560e-01
-8.790349730960439478e-02
-6.248215181946826791e-01
-3.957253649894241221e-01
-3.730896917910349053e-01
-7.287955714397226226e-01
1.617868102675402153e-01
9.671233213075340895e-01
-5.038458862436872021e-01
4.556203596426204316e-01
1.288924962502307370e+00
-1.043045891395036451e+00
4.741110120954356022e-01
9.035404004327438621e-01
2.858803076566243662e-01
3.475824446546255109e-01
5.165583113179764707e-01
-1.736984982764472885e-01
8.057442309222551113e-01
-5.285908886617742830e-01
3.166798947635590111e-01
7.276500233084096658e-01
-4.326793175970647387e-01
-1.337566991028290575e-01
-5.741287007154703970e-01
1.416294003990190120e+00
5.321730706564522517e-01
6.335134646169463535e-01
7.246149335225343657e-01
9.720602139583309764e-01
8.495874664041667135e-01
1.277557171444279049e+00
-7.570923916444066704e-01
8.347348600033416277e-02
3.428061116528514085e-01
-5.391947754320630670e-01
-5.540936177882334057e-01
-2.225754881125633355e-01
3.442651201329020028e-01
-8.986806859424351090e-01
-8.440753877360313018e-02
1.750381159140060428e+00
1.493728285395120314e-01
8.015970742180585085e-03
5.597017095210741200e-01
-1.122534381549809973e-01
5.924820611290428779e-02
-4.264671900089923029e-01
-1.903610528513909106e+00
4.692791775188842052e-01
4.622513680601119113e-01
-1.197093391594670431e+00
-3.513693983876612914e-01
-1.638537763183223195e+00
1.717543446663069295e-01
9.931837260235428788e-01
3.180176617147826290e-01
-7.544582956639745985e-01
2.647423152536875768e-01
-3.057791357118748721e-01
-3.914132116773905157e-02
3.605844326042363934e-01
-2.697759392183071703e-01
1.420718475445500728e-01
1.289004439606220576e+00
4.237673833889993857e-01
2.425500210046560579e-02
6.803892124370458649e-01
-9.702877702124463877e-01
1.184040907899486461e+00
6.840686166597087503e-01
-1.402117619386080927e+00
-6.680515936020513523e-01
1.017737171871156754e+00
-6.900336424375349553e-01
-6.763984284123557567e-01
3.092488515621903966e-01
1.225657703255017772e+00
-1.059071756691019939e+00
-8.888641702883560702e-01
-1.256938636414426824e+00
-1.082408570270916748e+00
-1.674383240974474996e+00
-5.966481753172863112e-01
-1.818381201481115816e+00
7.752816532843057606e-01
-4.186915126832685963e-01
6.875878184761159417e-01
5.475281683784404274e-01
-7.430359767389389525e-01
-5.454871138003224429e-01
4.914061847197243038e-01
1.358697141447173351e+00
-1.108332269331138820e+00
1.221833449395776372e-01
-1.133348754343174725e-01
1.163894354750845406e-02
-4.509022904780833896e-01
1.293726663444716207e+00
-1.371093880702261236e+00
1.899522328225331957e+00
9.157345571215927960e-01
1.097978941430473920e+00
-5.539643805744408622e-01
2.608768702088478664e-01
3.959367671512362685e-01
-1.244582573072709364e+00
-2.314505462736389241e+00
-8.560759860594376880e-01
-2.751467363814573686e-01
6.883223289133741929e-01
1.037379598625052385e-01
6.129005432679967003e-01
-8.366710446922880351e-01
-8.900197453207532305e-01
-6.078651310717593237e-01
-7.244553170791308006e-01
-4.963926112767376719e-01
1.077724723256679340e+00
-6.429399815822084419e-01
-1.627960233709726534e-01
2.910209950580550098e-01
1.129063120724443481e+00
-6.278680963458026509e-01
4.651061058320214436e-01
1.272662755406434587e-01
2.803292273877540652e-01
2.453586813598694349e-01
-1.060742476969094961e+00
7.575576335229359248e-01
-1.402722141522800003e-01
-4.192283977578857845e-01
9.942890869180248670e-02
-8.683342038018633247e-01
5.885860332303154419e-01
-8.362739887542629535e-01
-1.166691373457427350e+00
-6.362238936743203066e-01
4.236068768173331667e-01
-5.802365538870015715e-01
6.287111510177627316e-02
2.462386845041071859e-01
-2.333877542695355634e-01
6.305634876098923369e-01
6.127389464959169807e-01
-1.755793358073608257e+00
3.883579833037877072e-02
1.305993763049006162e+00
1.035400833364291007e+00
3.382587601930107102e-01
2.318955266839792806e-01
3.804371140807514262e-01
3.924918237888622707e-01
1.581366943737468000e+00
1.745954796094532746e+00
5.709330546156602404e-01
3.619245945427077005e-01
1.585901408876768670e+00
5.503020838848329266e-01
-4.561443838973518461e-01
-4.885435510886918520e-01
9.413298781058833109e-01
1.360745819307030757e+00
1.107764748357153439e-01
-1.559866955012257250e+00
-8.086935635170252601e-01
-6.753359619317226281e-01
1.726855531869481708e-01
-9.805748848184943078e-01
-3.175083734976861805e-01
-6.972986543835835160e-01
-8.734980155709526350e-01
1.206814821024836171e+00
1.123446609306950617e+00
-7.084213923633996268e-01
-8.461751494327288681e-01
1.108493574307795715e+00
1.184252019870471795e+00
1.064017628243386637e+00
7.076090885830816912e-01
-7.813727773201672999e-01
-1.375978776955750771e+00
6.220673860259695598e-01
6.541948698023456465e-01
-3.807751914871715382e-01
-1.469636542562742232e-01
-7.569644502130754571e-01
-4.855807435729103672e-02
-2.110165149463464562e+00
4.055674578884117532e-01
3.110898739800252444e-01
5.048819751004716139e-01
1.465826497987184673e+00
1.050324218959510114e+00
-5.875326850668624035e-01
5.299094505305521619e-01
-1.147326908148818436e+00
2.847991957184550782e-01
2.163035052604144748e-01
-1.694918015893752128e-01
7.177261880240658476e-01
3.649055681253665639e-01
-2.206061369114021287e-01
-1.675616786556916926e+00
1.661492580520999851e-01
-1.553515003510240300e+00
-4.956189578566949638e-02
1.001460405251583641e+00
2.180932033992470098e-01
-3.134800076735511642e-01
8.543304430194735843e-01
-2.279489031842988123e+00
1.180400472301784465e+00
-7.515221993597097638e-01
8.046374162500182781e-01
1.282739485709436800e-01
1.160110407830845958e+00
6.897959851307116086e-01
-7.624048102688910644e-01
4.931945145395114638e-01
3.296630635522346253e-01
-3.297936904692849724e-02
6.049446437146728250e-01
1.187783995204393817e+00
2.642318535865685103e+00
-5.802628053310532330e-01
-3.300633115659728500e-01
-8.078962786223378711e-02
-3.248739782206767623e-01
4.407708661342946144e-01
