5.100489911055747783e-01
2.505146884692764642e-02
-9.877771036532283222e-02
5.860722101498507808e-01
1.406850802918746979e+00
6.821014019464402001e-01
8.912877181448051189e-01
9.752238533408641441e-02
3.375671534512977301e-01
2.068175755992665565e-01
-2.931347255404199714e-01
1.977893913718978824e-01
5.974105246559635596e-02
-1.162639537215654162e+00
6.404144382570313709e-01
-4.316710007307107966e-01
8.154692189742906994e-01
-2.424993477759166960e-01
1.257943857245477082e+00
6.881521016701300786e-01
-7.727844280627681472e-01
2.433134479640017278e-02
-9.097566082853782987e-01
-5.683457472362390961e-01
-1.122267754721846256e+00
2.664432787151905235e-01
-7.266789126370998275e-02
-7.273849017575557685e-01
2.087445215204908333e-02
3.631941069075855788e-03
-7.990836213215031236e-01
-6.115581838319865682e-01
-8.285840581467365240e-01
-3.091541767325808876e-01
7.328614420280718522e-02
-1.414130644088748445e+00
4.902771199321976914e-01
4.177655663896254756e-01
-1.960611151477654468e-01
-6.190148706105785825e-02
-2.910288003419840841e-01
-1.968601669676277310e-01
4.493473206788903829e-01
-6.773850595017116838e-01
3.919886848157446146e-01
-6.137399306919070208e-01
8.934943183892258833e-01
-5.395762282686256128e-01
-7.316405650230404234e-01
-2.385375798590512186e-01
-8.845067610466080810e-01
-8.482271198740495288e-01
7.123404525643885210e-02
-5.570935225153843540e-01
-3.623501764309522977e-01
8.168965076705503314e-01
-4.542025156803388142e-01
9.564538960084788544e-01
-1.281990773418612284e-01
-1.518049377453885462e+00
-4.192090303800419804e-01
2.367948102038423264e-01
2.501593334920538814e-01
-5.078817809802770311e-01
7.330117393669668413e-01
5.652656433641378708e-02
8.378031709216487988e-02
-5.568893010748627859e-01
-2.860073011892200201e-01
-8.776658541881029452e-01
-7.335747687427858210e-01
7.268098688941041496e-01
8.021939829653592646e-01
7.638854718926990639e-02
-8.941595361045759915e-01
7.988907122394516280e-01
-5.063817535820595017e-01
9.092389704098176317e-02
6.638119834350078019e-01
-2.818918696450557482e-01
-4.059931407625013700e-01
2.758031315408805417e-01
-8.158964980632472663e-01
5.382858430704006159e-01
-2.292661494081922602e-01
-1.338887338482175893e-01
-7.574625154517846681e-01
-6.958007258545553242e-01
1.793981778105191438e-03
4.136991370881833996e-01
4.237594467386179842e-01
5.363374986424775948e-01
-7.461937331733078937e-02
-9.079121983507298932e-02
5.419021826548386933e-01
2.383143619720691220e-01
1.093557000364974441e-01
-3.685495047565248705e-02
-6.349741432034899935e-02
-6.679017358080774347e-01
-3.497115268821197054e-01
-5.821220729880822731e-01
3.625583779654580896e-01
-2.966163719170840096e-01
5.828383124090188439e-01
-1.069369028069495853e+00
-3.755656366789572043e-01
-8.331532196635673682e-01
1.145221750961887830e-01
-1.101180463124901587e+00
5.176353324666488342e-01
-3.021696078607297720e-01
9.815023764909927007e-01
7.439751701884733670e-01
-1.352316373100275193e-01
-7.691875515403349128e-01
-4.430515926209973587e-01
-2.330084026595187208e-01
8.308502626250207079e-01
4.504455588779945896e-01
-7.890456833519521318e-01
-9.847553470881239557e-01
1.227163054264587272e-01
-5.895976778558815745e-01
-6.567363241284605024e-01
-2.570342303694409525e-01
2.783243241324563910e-01
-8.770671669979906993e-01
3.258598121865368680e-01
-6.421462442105613233e-01
9.850488582240778390e-01
-2.855542317793481333e-01
-1.535801445520297293e-01
9.721421566446409868e-01
1.100563863882530580e+00
1.346780768762575187e-01
-1.691303055144357748e+00
8.561220339209780761e-01
-3.854228394547747905e-01
-4.486666548478916994e-01
-1.299876601311854563e-01
7.574462368340748597e-01
-4.253816517719138934e-01
-1.379729379013807655e+00
-1.113247905301567364e+00
-1.068636358907187889e-01
-1.159747574345961096e+00
-7.282716081879427872e-01
-2.767799366767878522e-02
5.069461564283239685e-01
-8.065052503177894128e-01
-8.181534043250139332e-01
-7.095772935341353449e-01
-1.416285234874322674e-01
3.140139711323727822e-01
-2.418101861812927966e-01
-1.704982809515382947e-01
6.437444724690902786e-01
7.132694465951286977e-01
1.301465131523815266e+00
5.085368911482370802e-01
-2.927070608209154101e-01
6.820811636520822674e-01
-4.344122486525429094e-01
-3.526101333002985561e-01
-2.539418239272377420e-01
-9.022557959587598764e-02
-9.087556972746997364e-01
-7.881120271938290012e-01
-1.241833204035306615e+00
-2.666493058407234940e-01
-3.197721808567327573e-01
-1.420136454063395948e-01
-7.162036995046663357e-01
5.244971959578197396e-01
7.038588578243117899e-01
-4.747227764451666387e-01
-9.909244455084245673e-02
1.819466785512716400e-01
3.272598996986447739e-01
3.134984352432901300e-01
-1.335923763361578087e-01
1.268502398491783145e-02
-7.395156834932069545e-01
6.151206790751576614e-01
-1.196893088638450564e+00
1.137945911371081448e-01
5.338143415489322585e-01
1.260262909747612570e+00
-7.257636127223080491e-01
-1.013652179318744073e+00
4.997034854990251018e-02
3.132651125622794019e-01
-8.418406257893391587e-01
7.162355283831723929e-01
-3.146122204833368685e-01
1.963670858522842122e-01
7.487851467015994578e-01
3.501557325891531125e-01
3.893950884694027947e-01
1.790401311647165650e-01
-1.445945357597939518e+00
1.184788016829322110e+00
1.060314064089961372e-01
6.536396683648030281e-01
4.955865957828416990e-01
-3.836309571537716567e-01
5.222327856835193294e-02
-1.296334830835905727e-01
-1.555758765554674738e+00
-5.095574131087965419e-01
-8.974901881048702457e-02
6.173046249076864500e-01
-2.143031209194618814e-01
-1.089281039733229484e-02
-3.135262752317329871e-01
-6.093355695990726462e-01
9.992574864462776263e-02
2.906084976927004737e-01
-7.823619541486660500e-01
-1.508389880938923455e-01
-1.481411375425188082e+00
3.870112752943841161e-01
3.137654130483209514e-01
3.788077814177503999e-01
-1.405062777244950323e-01
4.775969250842175273e-01
-1.154150030287449114e-01
2.509705416525557231e-01
5.211276050110306146e-01
2.015418364266691742e-01
2.056991929329080038e-03
-7.579001039066399770e-01
-9.225647761438316996e-01
-1.057766107059330239e-02
5.540337734316128776e-02
4.363541718593169083e-01
-5.886041198383471507e-01
1.414265521594698649e-01
-1.215308294840625525e+00
1.487951865995750245e+00
-3.198332557568093204e-01
4.581329114000443625e-01
1.411473706630189673e-02
1.464097807647787297e-01
9.322947264366192588e-01
6.935124717191173405e-01
3.110255229173628511e-01
3.388634047168644914e-01
2.563288679116535462e-01
7.136298623087224957e-01
-1.113463020984613694e+00
-8.887936466537288416e-02
-1.545156635038903992e-01
2.853890213309423496e-01
6.388968232803998726e-02
5.655176243922183099e-01
2.222881089491063888e-01
-4.735463240909252858e-01
3.305127061259366394e-02
1.846639037732265842e-01
5.691174598830806008e-01
-2.522832972941085883e-01
3.829263361410738531e-01
-5.572233656796832246e-02
