7.747152985621947874e-01
-1.728104875892974568e-01
1.556419761564368509e-01
1.446595597012629186e+00
-1.098897432639915461e+00
-1.065707798327779843e+00
4.498612235661989533e-01
-5.693079381910520764e-02
7.066683730583463996e-01
-8.105382098729880802e-01
-7.180499056736017183e-01
-1.868116776232270626e-01
5.359594786437825720e-01
-4.393601175208461385e-01
7.545351788412981708e-01
6.106060291475540192e-01
2.401091756207829331e-02
-8.356951513116609442e-01
-1.145880353166148558e+00
9.254751627577573192e-01
6.365342617018191484e-01
-1.598220732580307030e-02
-1.473990521774154683e+00
-1.232941914913896486e+00
9.049840862126929952e-01
6.106486694929856851e-01
-5.111357467109983732e-02
1.441277191907059940e+00
-1.274658082006857374e+00
-1.193741067431744796e+00
5.800042500374865684e-01
-3.388852217159389890e-01
3.079443399535118989e-02
-1.772562114024283986e+00
-1.024899857499979028e-01
3.800273030235840621e-01
-7.829395298485604116e-01
-9.803112147229453566e-02
7.001272625380950965e-01
-3.406564603847042627e-01
1.592661184343886038e+00
-8.812169717098172761e-01
-4.031932643119952031e-01
1.838787625658790392e-01
-1.365002770459720072e-01
-4.878540658046170431e-01
-5.991332766311296965e-01
8.762185488040057368e-01
1.273672606584534739e+00
-2.490951321938381646e-01
-2.758457350120530061e-01
-6.289882652440081934e-01
-2.105574377756832399e-02
-1.127864805915666624e+00
1.962378244016809714e-01
-9.318485828925983094e-01
6.096345586930263655e-02
-6.652727412145518215e-01
8.324617383963947570e-02
1.066411309726665313e-01
-6.543722493352173430e-02
2.241599492828447449e-01
-1.191656808645508381e+00
7.822674383648734464e-01
3.544589454404337703e-01
-5.699368861528940622e-01
-2.324838468412703252e-01
-6.943619935842986202e-01
1.869654115299427821e-01
5.290024030953244250e-02
1.805847466054298356e-01
-1.060656714097125697e+00
-1.210715324687287264e+00
-1.207875950151616529e+00
2.721050871202230770e-01
-4.475804953428103583e-01
1.487879121612319111e-02
-6.292557074397949757e-01
-4.226562316152894794e-01
9.554887228279538292e-01
4.338422397901730010e-01
-3.573503059814225336e-01
-5.615884914711891662e-01
5.030091854232064952e-01
-8.373177518533743147e-01
1.722426128841812343e+00
1.021317945109573078e+00
1.416354706255623097e-01
3.724668072556854281e-01
-2.218779304808232156e-01
4.160894036462785550e-01
1.147724251730557893e-02
-1.706199169673766391e+00
-2.037079095758128622e-01
3.102011049592617864e-01
8.112278766571270339e-01
-7.643525972709878102e-01
2.208084843541862630e-01
2.776142322779980853e-01
4.657691004718037681e-02
-6.369829819116927805e-01
1.838448425873772940e-01
-6.073494755174713156e-01
-1.250665517663249071e+00
1.297693524001028109e+00
4.429525656489503582e-01
-1.511787089998438693e+00
-1.279146920457792103e+00
1.402275890838382277e-01
1.818472412487531775e-01
3.881058559173903300e-01
-8.629522616472546925e-01
6.807536912077638558e-05
-1.684681277656967957e+00
-7.273332516817951343e-02
7.828648870649862479e-01
-4.214298749333436067e-01
5.199265049327272958e-01
4.090357570671969423e-02
2.215351282219552298e-01
-2.178641150882668770e-02
2.167086211603287127e-01
-5.728832613534948770e-01
-1.088595063101310156e+00
4.677560396067125259e-01
1.479671744958396817e-01
-6.654374166587040396e-01
-3.687604349274321014e-01
-5.200294544910054606e-01
-6.317402530943805328e-01
-6.707315275060675708e-01
-9.490554727411684155e-01
1.110993191144535208e+00
-2.772987369772094701e-01
-3.087304515456200660e-01
-1.207533575790866315e-01
-2.689121635503669561e-01
-5.944614023519291246e-01
7.958440772435979582e-01
4.435218018402127260e-01
-1.029593855467614949e+00
-2.563724115151145289e-01
2.464745377000304993e-01
-7.958946871570547754e-02
-4.661538561887165755e-01
6.275288956377975680e-01
3.600345685672073914e-01
-1.385003823658939870e-01
2.065221771689223773e-01
1.868622171044233837e-01
-1.230324978678603243e+00
-4.438849536871080637e-01
-1.031041288376302933e+00
7.640525846755662209e-02
-2.841510167478979443e-01
9.717418390620448099e-01
1.191061431671302240e-01
-1.303721033710947830e-01
1.189548649381307222e+00
2.827389171107407839e-01
1.519857009977119144e-01
-8.649165093058664988e-01
1.114755235038929149e+00
7.695542349708253127e-01
-1.678131431969698828e-01
-1.178283152788380139e+00
-3.972654360931330286e-01
-7.070341153713278759e-01
3.261658977777630586e-01
-9.708594922532266525e-01
-2.296425626012434662e-01
9.505664896601127845e-02
2.081889057483415906e-02
-2.345825614867402820e-01
-1.797818831694051323e+00
5.424494339687789823e-01
1.417936319658591737e-01
-4.254031363549031219e-01
6.260120199002544572e-01
-1.188610370287253915e+00
-2.837891524124125028e-02
6.333367840873889154e-01
-4.712740577556597671e-02
1.966848964006733258e-01
2.295551540313769956e-02
5.854796038097209721e-01
-4.728443376378420604e-01
1.096182431578183847e+00
1.517147944443165974e-02
-1.051227771393942634e+00
2.803635510566518385e-01
3.773477474528158515e-01
-1.201401345203973077e-02
6.924209359774606831e-01
9.049917395389005526e-01
2.744274464076542630e-01
1.037823985934657633e+00
1.797108398168868915e+00
4.838286060263990995e-01
-1.614667433457463441e-01
-1.178670624964093694e+00
-1.250579684573131178e+00
-6.368396413241039777e-01
3.473977205192065321e-01
7.095466632744377167e-01
-2.305647864025517635e-01
-3.301528007038925239e-01
-3.343003254619640319e-01
-7.883262714828083162e-01
-2.674617469786947921e-01
4.218517595489729155e-01
5.604834368039357528e-01
3.783520605724765562e-01
-2.404713598764486870e-01
-5.902221224227115481e-01
8.183296822055037278e-01
4.133313443461027470e-01
1.422614689670829158e+00
1.334408247603478814e-02
6.372189095974635231e-01
3.424431836336926938e-01
-7.006234761329672711e-01
1.075389858907828788e+00
-8.299847283458291480e-01
5.553056870563967129e-01
5.175823422098975168e-01
-1.028986587760830212e-01
-5.172899267630953757e-02
7.478998194612467287e-01
-8.011271674654482644e-02
-9.622668100114850631e-01
-1.850955833749960422e-01
-4.056434545052706730e-01
-1.023483331837898413e+00
-5.456255688405217130e-01
1.461617501819245213e+00
-1.447726725163127615e-01
-3.007984599882471827e-02
7.397253995889709888e-01
-1.260736083170640454e+00
-7.670434087309363491e-01
-4.131494782915760555e-01
-1.227815066514514442e+00
1.407920435625712591e-02
9.229051577125449990e-01
-5.628387284831098958e-01
-7.628856501834881954e-01
-7.200627515572743942e-01
2.825291985076394674e-01
-1.616763826953042216e+00
-4.924071189878261867e-01
5.724307913143679150e-01
-3.088991918007810700e-01
8.677796649689579755e-01
-1.250660806246919110e+00
-1.067554688497415416e+00
-3.190695619111586501e-01
7.302758990067678146e-01
1.850684332837991608e+00
-3.069641667368889215e-01
5.625033619694564946e-01
-4.541428567070192046e-01
7.327937786747305005e-01
-7.890670907489590880e-01
-5.353367025427157033e-01
