-8.243627300626126253e-01
2.572249009035368350e-01
-5.369108228983888731e-01
5.465368229796047084e-01
-3.360269839220836330e-01
8.444632188959249053e-01
-5.644858517205535442e-01
-3.059724456804623349e-01
-5.021222804026933551e-01
2.399811839563595894e-01
-7.782767348409941333e-01
2.327740550729143210e-01
-5.203592709421706042e-01
-4.206859253855438352e-02
-6.707803443169165769e-01
-1.197184910392939949e+00
9.106840435197987027e-01
6.244904971508818958e-02
-6.809539414024443627e-01
-1.657017279775252483e-01
1.233637290173201645e-01
6.277612517071956555e-02
6.770092329663468522e-01
5.685411817152943859e-04
3.293246261707639677e-01
4.553924467170905599e-01
1.501693327900606167e-01
-1.600817757133836117e-01
2.160768477439986568e-01
-7.444876253467720417e-01
-2.125098487639529132e+00
4.573173096866260945e-01
4.840239638656331778e-01
-1.415492202101549912e+00
-2.298658051149206627e-01
-9.815354934545879040e-01
-3.175025756576065894e-01
-3.801005545985911005e-01
1.618913489964839414e+00
-1.575722854348644286e-01
9.044046390780701161e-01
6.709857175758038306e-01
7.553096345616064911e-01
2.879709943254865623e-01
2.647699320370915932e-01
-7.608045594886659879e-01
-4.571839700366850945e-01
5.347886332325396674e-01
4.574738388685025692e-01
-5.731651371759841629e-01
-5.515490041215239669e-01
6.340899568231417316e-01
6.848124051774362453e-01
5.906795497899086644e-01
-4.097996753999919028e-01
-7.147652218791353818e-01
-9.370204976421128706e-02
3.853334974445738470e-01
1.004255747342685190e+00
7.938752692155158497e-02
1.322543106419950654e+00
-4.837618862314379542e-01
-3.215703678347088257e-01
-7.385561837730008072e-01
1.453163543399055291e+00
-1.098939417463490609e-01
-9.682218378954589311e-02
-7.341449011767782196e-01
1.620001197604760135e-01
-5.203487378582790646e-01
2.725066398479094598e-01
-4.588750920540393130e-01
-6.789552551595239294e-01
-5.100722713204451919e-01
1.044017067609170013e+00
7.275827825923718573e-01
7.397131946330797181e-01
-7.268981321101657400e-01
1.244502644631121924e-01
4.425743034286862554e-01
4.297287716746132080e-01
1.398577117570568129e+00
-7.906406059080225424e-01
3.289164161392524877e-01
5.148459889664322997e-01
8.099695892404095154e-01
5.865464222052856336e-01
-1.776338437378296664e+00
-3.238671744406959596e-01
1.052786372932065673e+00
9.279122269115990251e-01
5.927758774174871625e-01
-4.629145751927952745e-01
-2.007742343645867455e-01
-7.318364023064830026e-02
4.164084907136009761e-01
5.608197589124320759e-01
2.364743326305755455e-01
2.982429190809349207e-01
3.572343971191273004e-01
9.152257475083689364e-01
2.944901832557656474e-01
9.032672228275547832e-01
3.946229300383417848e-02
1.005930152859374482e+00
4.960893699549107638e-01
9.577733078484781393e-01
-7.558861084274508535e-01
6.354217284806714661e-01
7.826555506313841448e-01
6.843510649303258253e-02
-3.557001608668970416e-01
-1.815797074560420443e-01
-6.150411827078945404e-01
7.213664419172501896e-01
3.887295319666160820e-01
7.152532593111475823e-01
-1.054269262202429669e-01
-9.356786996244073062e-01
2.087321927073465311e+00
-1.753934150521274660e-04
4.944074150467651085e-01
-1.138729756986101682e+00
-7.394781690536422758e-01
-1.071888661826789324e+00
-4.091527172614355390e-01
-3.615416451349522942e-01
5.986656196529744900e-01
1.458206588744513366e-01
9.190337735174403111e-02
-7.281516999921351374e-01
4.004936410128069335e-01
-5.318203354653777692e-01
3.077950148728284541e-01
6.816628740712040724e-01
1.353886373199501891e+00
-1.098370203634484232e+00
-3.709696488925765534e-01
9.548782659696988251e-01
-5.345147163910994870e-01
-1.326535548243750751e-01
9.313293672954703339e-01
6.800932743207520614e-01
-6.524668858837257002e-01
3.189554020218194896e-01
-1.126912109119878047e-01
2.946716097736140072e-01
-6.531690332240897012e-01
-2.969363708105492439e-01
-6.960121663276212789e-02
-1.206270905824573081e+00
6.486130268437496627e-01
6.629730017281980636e-01
2.544871156796227329e-01
4.838993875217858509e-01
5.164762753463997269e-02
-9.698430429510720430e-01
7.307765732012742044e-01
8.754569121813827737e-01
2.115521967341500720e-02
2.677269334885725161e-01
6.179986694843243866e-02
4.104847877261738054e-01
7.300496988102667117e-01
-8.332602918821789828e-01
-7.723327483596524878e-01
7.929125642354706294e-03
4.386348502812378314e-01
1.246726848274291699e+00
-6.606089436182205343e-01
4.518804866867283665e-01
8.052714498947554089e-01
7.118080004465363597e-01
3.371497140105405022e-01
-1.594394924532967606e+00
5.977097640166176840e-01
-1.275588662318731137e+00
-5.698725762956187157e-01
3.000002922759861801e-01
8.603853219882289238e-01
3.631201829354993582e-01
1.390560947478337361e+00
-2.189366403069212819e-01
-8.231490572501695135e-01
9.296395710181231120e-01
1.212328497504463060e-01
8.795574215906332149e-01
-1.061467655719710024e+00
1.367818033393763733e+00
1.392061321575308319e-01
4.869749110747142451e-01
-1.327937484909366139e+00
-9.488888509219823852e-01
2.675371745749209884e-01
-3.827552198349154500e-03
-1.431829339731998774e+00
1.908127565249469360e+00
8.727485717262855047e-01
3.018275587975997598e-01
-4.152996202723066022e-01
-7.340226753229760481e-01
7.555981755841061354e-01
-5.230757709192430660e-01
-9.735074773221512601e-01
-4.270498387230104997e-01
-2.989771982583064869e-01
9.926891770154050443e-02
-2.176895387615341571e-01
-4.989389319738293804e-01
1.326428956030880346e-01
-7.278578922535521301e-01
-7.561863264695137810e-01
1.267181243444994720e+00
6.304523995193378472e-03
-1.069067126488566499e+00
-7.315624894936479938e-01
9.781301766848538026e-01
-4.214210499148265399e-01
1.289650105697774940e-01
7.451624567208794403e-01
-8.799056405280480941e-01
-1.222943221470527697e-01
1.152517652424366323e+00
-1.208209434733633625e+00
4.783537425464703952e-02
3.835412306520143422e-01
-8.207846641123487386e-01
2.423718457005518134e-01
3.296480029340536633e-01
-9.145947181474811671e-01
2.075813467422891745e-01
4.282936580355442002e-01
-1.006707346047266860e+00
-3.218315295454539093e-01
-7.398513321310253854e-01
-1.272929951597843834e+00
6.759036825358741840e-01
-3.751821187435933069e-01
-9.874020431207508608e-01
1.781530405734892131e-01
-1.110611545863865013e+00
-9.066013381538562399e-01
4.499134634181596315e-01
-8.318195930895483370e-02
-2.029966461525493315e+00
-1.587732253438641633e-02
1.197146679482538945e+00
2.147376862542143550e-01
-1.309499318524763201e+00
4.045446530782388361e-01
-5.236956359714067810e-01
-2.375355154559954940e+00
1.480994186387281641e-01
-7.049389658891684896e-01
-2.877719325481262747e-01
-2.222296695287873103e-01
-9.972563633467282918e-01
-1.986908385317707748e-01
1.870373297672141888e+00
4.829188554907252184e-01
-1.546926871959842797e-01
-1.761679271041835193e+00
-2.488822245384408882e-01
1.773406515959874863e+00
1.609201121847213978e+00
