3.190355507598566231e-01
4.777392551497431361e-01
2.633728775290904503e-02
-2.108594075749287700e-01
-1.813474104925558994e-01
-7.048101654239680158e-01
8.142017402735766129e-01
1.158805549352140418e-01
1.729556743097329652e-02
-1.280087248824668844e+00
1.576866955658005498e+00
-6.395183030471475183e-01
-1.842323491843588235e+00
4.945254702397362534e-01
1.124179662906904797e-01
1.913508789106954433e+00
1.605885185947075522e+00
-6.316526694161711530e-01
6.824458765452932063e-01
-4.882736150056969926e-01
-4.518842367624164025e-01
4.717523445774609581e-01
-7.291873049269939067e-01
-4.026181902770367693e-01
1.778437679179122044e-01
2.954135598709887178e-01
1.823999247715658800e+00
7.626590953762322211e-01
1.054707299416388855e+00
8.051805506582822292e-02
1.726892212736200471e-01
-4.960190285354604822e-01
8.253566898656580220e-01
9.093540270346798238e-01
-1.560618631982444993e-01
3.582761330163148905e-01
1.070104277414386740e+00
9.401014723866038536e-02
-1.435120421277308767e+00
-1.123438642231596951e+00
-1.032079437005195777e+00
-5.171441835218587579e-01
8.444884594995063498e-01
-1.061997094850679613e+00
-5.106261830949889724e-01
-8.841554586451896292e-01
1.576035675358356647e+00
5.085183637787046296e-01
-1.883961701962178825e+00
5.668005869000298791e-01
-3.960876421742728359e-01
2.908776186659018381e-01
4.377672842819500532e-01
1.716691818719999207e-01
-1.336616182456600965e+00
-2.491288670417346474e-02
-5.600165894121998944e-01
-3.463479081424776784e-01
6.816695700402007896e-01
3.477739457717938798e-01
-3.846632576063252484e-02
-5.437945021105187182e-01
4.450450316051229871e-01
-5.214986174795888108e-01
3.569175086959196497e-01
-3.580040339137146588e-01
2.588259739442787533e-01
-1.069484844119319877e+00
-3.851896075092851590e-01
7.059026798696015348e-01
3.698191846764045665e-02
1.288689935970676714e+00
1.099100568001821487e-01
-6.725038930924893688e-01
5.469190238797175807e-01
1.072719557900614795e+00
-6.596415591096771447e-01
1.675871904924240541e+00
-4.184047725442799903e-01
6.137309833247581725e-01
-7.628394930584083689e-01
6.554674084829194003e-01
1.066154044543266899e+00
3.412425800780539142e-01
-7.250934527733264856e-01
-3.320787414187184039e-01
1.167615465185457779e+00
-3.623029874219091395e-02
1.091167914189749566e-01
-9.665126179597582912e-01
1.107093395582030126e+00
-6.662322122578093753e-01
2.163579095504252758e-01
1.080097373193463550e+00
-1.706951462004287767e-01
-8.391625994006495226e-01
-9.770870693904109006e-01
6.315852578378903237e-01
1.257873189890903465e+00
-1.094006203280911249e+00
-3.637973355931458652e-01
-9.743301439880813763e-01
-2.130631872236487534e-01
5.265861740119019974e-01
2.410096965309344030e-01
-5.135820132016748474e-01
4.348995379520997351e-01
8.285705302305070852e-01
-1.323553835918508170e+00
3.632308815767294752e-02
-1.730037289028039382e-01
5.736905655407732452e-01
-5.202153494730119565e-01
-1.090978868204076857e+00
8.612300993582990838e-01
-1.064981973389967473e+00
-5.542657216287332211e-01
2.440040728927894975e-01
-8.576655505242497535e-01
4.220223159987136485e-01
1.813077282609541208e-01
1.190661452553561483e+00
6.684033349511960820e-01
-1.091004589590583551e+00
-4.893927051873450673e-01
1.306571262434268021e+00
5.855882565515209137e-01
1.788497661096367874e+00
2.117508053426317982e-01
-1.410925567869976804e+00
3.704985434526811283e-01
8.282138318087550743e-01
3.335050649326901095e-01
-3.515728024139160024e-02
-1.677762854179254415e-02
2.604623105996888843e-01
7.705747403575273768e-01
-5.566115123719674873e-01
-2.213435673196822162e-01
-4.925297474415876176e-01
-2.730345939586786286e-01
-2.673735073919589200e-01
1.176014451687094953e+00
2.212491734827433998e+00
-3.409645454469093506e-01
-8.871839890820172325e-01
7.269039915320298917e-01
-1.576457290822422252e-01
-6.732915727417480012e-01
-6.793271352397234342e-02
7.860248562664035044e-01
1.372019811682685386e+00
-4.671663024711406598e-01
7.719910167073836815e-01
-8.984394183949856449e-02
3.718262505451110922e-01
1.520235641865109455e-01
-1.211696056405577204e+00
-6.133151111413576162e-02
5.233816091988716668e-01
5.205805198904434050e-01
1.068422332087786697e-01
-3.636707474878761448e-01
-1.205413902567611661e-01
-1.501374119662053364e-01
-1.329317510148812428e-02
1.001373754476296174e+00
-1.281509294322427106e+00
9.374813421598793273e-01
-6.969080501908179182e-01
9.218635423257446337e-01
-4.702157055802179686e-01
-2.976235290236545761e-01
-3.301533635070711403e-01
7.541744206197594780e-01
-5.713589322907337564e-01
-9.092377770177266783e-01
-7.587539110409948773e-01
5.144598139743723486e-01
1.156092594942709884e+00
9.028506132711462684e-02
-6.523370621809507219e-02
-4.500067970257868866e-01
3.957789947267705277e-01
1.177979554437311283e+00
-9.071421413970692793e-01
-1.215316366513796154e-01
5.654850907931400217e-01
5.404348476744319507e-02
-7.829102141969196405e-01
8.768598425336318058e-01
-4.725571496097255575e-01
8.914306285023734233e-01
1.706048382161418075e+00
-4.317079010284752272e-01
-7.522560193779462834e-01
4.699671403364985567e-01
-6.791568739396669496e-02
8.322056739743194376e-02
-1.997489724633365049e-01
7.739419172934797198e-01
3.479505098900037008e-01
-9.101056207096771544e-01
-4.203681679648750558e-02
2.089817840309704522e+00
-1.329527555192959731e-01
8.927889297231031418e-02
-1.249823415508542368e+00
-6.683299476456244781e-01
6.889643350767377106e-01
9.677224042868168841e-01
-1.191642308503212178e+00
2.029067741851644513e+00
2.089061167281152653e-01
-6.203667084869723958e-02
3.395247905640226549e-02
-2.415516158987489337e-03
1.423290543872292258e+00
7.019808101492502894e-01
3.801266833798001565e-01
-1.120820230991607103e+00
-5.225896219425092415e-01
-8.710486589158511483e-01
-6.048982861088556540e-01
1.403765616248388859e-01
-1.044145252941286461e-01
7.475947983899049465e-01
-8.643445591851364185e-01
1.176387516572797498e+00
-2.086487722854378779e-01
4.520409352432121497e-01
2.503100833425329907e-02
5.626894102647175266e-01
-5.154820606221034440e-01
6.564519490188160944e-01
-6.555311113152387792e-01
1.619487366565544317e-01
-4.235413709678976235e-01
-6.532761203549916629e-02
5.358042423692241929e-01
1.706538275097793100e-01
7.895077094704887610e-01
3.593024211711283167e-01
2.481559645261638414e-02
-3.763040337598929086e-01
-5.503385125834807656e-01
4.651964921471869463e-01
7.653004298056853560e-01
4.633061464773858273e-01
-7.140008839749125702e-01
9.937968030105226447e-01
-1.348605951111659373e-01
1.046645890148674596e+00
7.974994983750672839e-01
-4.477202521358111253e-01
-3.885510051750271088e-01
-7.630173728671769684e-01
-6.493781509619980241e-01
-4.584810123128734705e-01
-9.071353692455619289e-01
3.435205365044784465e-01
1.503091794195691611e+00
6.911150659231719562e-01
-1.628889355082071555e+00
-3.623727598604846445e-02
