-2.605673103379427258e-02
-2.806729130887776757e-01
4.604653972830304864e-01
-6.715115760701302339e-01
9.758300331821700979e-01
1.810881258556370499e-01
7.843085145240669132e-01
7.830429720330915888e-01
-6.809001063580510937e-01
1.377212211838937161e+00
-5.276674752100295462e-01
1.940564078325966169e-01
1.609632240443337470e-01
1.394279723400099480e-01
5.451492818947660801e-01
-1.585260508147767478e-01
9.671279635486388360e-01
-3.984421957188550301e-01
-4.790316987597849074e-01
-1.172448527855593503e-01
-4.886758084387713974e-01
-9.923994595796337137e-01
-7.961270850412428546e-01
1.585793758915106655e-01
-2.731911771552283930e-01
5.702469237065732610e-02
-1.414163312776960169e+00
-1.309221544353534439e+00
4.482545948017783166e-01
4.193604606895322551e-01
9.202197926875302914e-01
-1.728361557537658300e+00
-7.052797264222175899e-01
-1.803606418206682438e-01
4.602324523933201683e-02
-5.064426946577557098e-01
1.716153685798293083e+00
-3.935624597542164427e-01
6.787467620752919428e-01
-1.246305436398152056e+00
-2.121050855600461471e-01
-1.993402826325919586e-01
3.416467291432484510e-01
5.422016721090283653e-01
-5.179194518947519699e-01
7.225014694259290771e-01
1.066355504119564646e-01
9.148247726181477635e-01
-1.169540163564487756e+00
1.333517044496421278e+00
-1.731489657843630070e-01
2.512276460024181479e-01
-1.800494015282378957e-01
-1.227194973865333827e+00
-7.795143836872800991e-01
3.842597048317203390e-02
1.156541865820065018e+00
1.065957299807679171e+00
-6.173516141428667670e-01
-1.512717921202416105e-01
1.307632622368525288e+00
-5.881083910007228743e-01
-8.371792100217314569e-01
-1.017754626497455073e+00
5.722581583158622975e-02
-8.866002025062521552e-01
-1.054504832840842260e-01
5.510485804904501350e-01
-9.377072930933502692e-02
2.064029817383046528e-01
-5.018145901989222724e-01
-7.982686420024051044e-01
5.966794870353436808e-01
6.642378204034585787e-01
8.707537480086739723e-02
-2.367556739560696399e-01
3.485314864865266676e-02
-5.756553900110066291e-01
8.436284761217622830e-01
6.640514038273022113e-01
3.153087239988958679e-01
-1.678802004233266976e+00
4.515267396655603394e-01
1.359548713780964757e-01
-3.983105725706355404e-02
-1.234350063431880473e-01
1.330358293617610821e+00
1.661563697260526884e-01
-9.888930093115669284e-02
1.386023995832734945e+00
-4.122499558984393242e-01
3.385523434541995447e-01
1.253272078879946960e+00
6.272421860776336011e-01
2.608383181900672532e-01
1.065740216712857957e-01
8.969022947728342299e-01
-3.706691249674919919e-01
8.278365618610233900e-01
8.242755653452611408e-01
1.293381351075657104e+00
-6.833451690299890968e-01
-4.918219223943313678e-01
1.796956166241594210e-01
5.750810914930539752e-01
-7.518678268228373707e-02
-6.241041558719480076e-01
1.086683802958555156e-01
-3.749647757484276256e-01
9.757345504833370153e-03
-6.997164064790551974e-01
1.783357300957885805e+00
-7.796027834457305850e-02
6.798995365610459307e-02
-8.916495808811816803e-02
2.632522145196259378e-01
-4.638769805775843080e-01
2.406844427908098882e-01
-5.073206431335139932e-01
-4.493644150111188451e-01
2.331253422021908883e-03
8.232143656657849862e-01
-4.407491210435027784e-01
-9.127967435304970012e-01
-1.041012041740154714e-01
-3.049891583025265973e-03
-4.358429785227412312e-01
-1.052759234565478208e-01
-1.122864409102981131e+00
1.243115374302608434e+00
1.214118408951908368e+00
5.581538491437958160e-02
-4.522352055167180307e-01
1.579326094819640258e-01
-8.198636148943783120e-03
-5.519517966021814104e-01
1.187484248442438606e+00
-8.886655567828897206e-01
5.632426090265323371e-01
7.279391318137540257e-01
-1.412499772790678787e-01
-1.036882845822996613e+00
-6.245446273950502336e-01
5.172991550200704003e-01
-9.027181368935809080e-02
-5.730171501945040546e-01
1.021985133529402234e-01
1.209944060015157197e+00
-8.638233181154106322e-02
1.378069551476171495e-02
5.373511869863862866e-01
4.362168953952760830e-01
7.763412883817974453e-02
-8.712000456262144477e-01
-1.800292232015904270e-02
-5.716124909791109321e-01
3.208516196533455211e-01
-8.159794902609858180e-01
-3.369888478170278701e-01
-3.859918651004086154e-01
-7.066675003641356145e-01
-7.687763845805741791e-01
1.204402397377529299e+00
4.070840467440363097e-01
-1.413153553021027298e+00
1.801596761672755287e+00
-3.144273911453555614e-01
-6.778551683268354555e-01
-1.234875426469325577e+00
9.176716733826936756e-02
1.808600477280724039e-01
-2.058447493194644817e+00
-5.194504965942329244e-01
-1.228210146553834897e-01
-6.574029470848403722e-01
2.843445268597830089e-01
2.582249663498566439e-01
-8.533620536406494317e-01
1.266582099684228746e+00
6.305553553535131472e-01
1.147970077330254107e-01
-5.957869515301325025e-01
1.011091658487337785e-01
6.383770941507456165e-01
-1.907467331483665984e-01
-4.933726892465653546e-01
5.151082293670859735e-02
-1.093799020412560274e-01
3.896961290548510704e-01
1.276516779641065913e+00
9.601787654981546183e-01
-2.205471013037574590e-01
4.586083471744400453e-01
-2.345575653403745575e-01
-3.707692329223538086e-01
-5.677460742310539432e-01
-3.597212784463186264e-01
1.734567543732523642e+00
1.203142896678495832e+00
6.126787695446089810e-01
1.076185542512412718e+00
-4.029854823757370585e-01
-2.071695342927114769e+00
-8.206832946684641805e-02
-1.330829430897253252e+00
3.865446200684207190e-01
6.892730090615719618e-01
-1.189380885841210933e+00
5.801510831619702269e-02
-7.282715596967479499e-01
-6.937460983335999032e-01
2.322385691801006069e-01
1.926455606138737675e+00
-1.153898413501890152e+00
1.682457202935867813e-02
-1.815745777829108620e+00
-7.421826325312455008e-01
6.267773583747474619e-01
-6.452687490690942607e-01
-7.599857316025484533e-01
-8.973568298153902223e-01
-1.025264253989580654e+00
6.275704919522514524e-01
-1.059345752393086038e+00
3.232749219147357245e-01
2.013112640960789540e-02
-1.405084253997557209e+00
-7.593120780249276169e-01
1.163875744934726564e+00
3.162621066268983538e-01
-1.100450016164767231e+00
1.863673426137843370e+00
1.801541813153938187e-02
-1.796325885471531658e-01
3.683220122302774957e-01
2.009178277498843007e-02
-2.215339477210374192e-02
-3.535082069058206322e-01
-1.689542234526328013e+00
3.594188276114748115e-01
-1.058425274740885769e+00
7.938223953123073606e-01
1.209789303017991591e+00
6.486719668836575803e-01
-3.631680119009856877e-01
9.747884603452916519e-01
2.456042668733208756e-01
5.173840438987034052e-01
-4.944490028595429632e-01
2.789887774622006322e-01
-2.861644962472924547e-01
3.704704574788812987e-01
-1.429040344192114897e+00
5.046032875786129468e-01
-4.221560656480697893e-01
-9.415347151396491476e-01
-1.121762297590275459e+00
8.649384524642058647e-01
2.759680251479212476e+00
-3.014933631492144328e-01
5.185275666430535502e-01
-5.782706788671636566e-01
-1.247754986277195277e-01
4.105808071456322761e-01
-1.555119422069199508e+00
