8.042747247237396202e-01
4.095677866495396890e-01
-9.003120497437618885e-01
-1.121045993540762842e+00
7.470433877578506188e-01
2.173726241722276686e+00
5.740166074566976917e-01
-3.889227204966896889e-01
-8.465240353105408788e-01
-1.256794558067041656e+00
5.274065080666541228e-01
-1.679821013876066749e+00
-3.213883362297679236e-01
-4.862420999325871573e-01
5.496114587380370731e-01
-3.238420100385597800e-01
-8.409189037824504886e-01
-2.112183325719909632e-01
1.283039734098517570e+00
-2.611607640902863792e-01
2.247119696535308797e-01
1.896529728574634754e+00
-9.262932207499481319e-01
2.122171361206696694e-01
5.045404321020476868e-01
-4.657445158768959148e-01
5.020050888978879744e-01
1.041291696089523988e+00
-3.183941988351488561e-01
6.349900551813096872e-01
-4.106463928177236933e-01
1.107522277321375981e+00
8.765697030424122183e-01
1.158017773131323036e+00
-1.406477882886943309e+00
1.170695233060880192e+00
-9.466049969716847645e-01
1.155888517727159392e-01
-1.510217468739857072e+00
-4.405593084899095402e-02
3.543881553412186469e-01
1.571239165777515989e+00
-9.350976920814545457e-01
4.579048082776826512e-01
1.512322097472863280e+00
-5.554729625554103434e-01
1.092272258836519461e+00
-2.882175662631967783e-01
-2.497802667498739970e-01
-7.835583704820466844e-01
-1.395727680246972469e+00
2.745189807462445342e-01
9.590760851024907052e-02
1.074791047941788147e+00
3.623208653107410360e-01
-1.397365104606713426e-01
2.068197885579731721e-01
-2.788081239195051575e-01
8.047818584393211516e-01
1.380046799999929297e+00
7.231163606216302053e-01
8.847443648787273185e-01
2.073179772926262432e-01
-6.920315934897283139e-01
1.739382108457654175e+00
-3.507983693428495808e-01
-7.585598387826769651e-02
-4.553422722233663178e-03
9.567209667565721443e-01
7.011706785056555091e-01
8.976205987248222495e-01
1.706672801921644833e+00
7.907650737247363670e-01
-8.330037743401907946e-01
-1.174481288745073959e+00
-7.304801363128603509e-01
-1.109700135284332978e+00
1.314358758967443919e+00
2.768096572203267436e-01
-1.092586757364051975e+00
-1.026392563305293493e+00
1.249556043205716893e+00
-1.215803192820035239e-01
1.086067782828084582e-01
2.140401185456300703e-01
2.035850485051439840e+00
7.397610833477780146e-02
-4.070341008651175985e-01
1.237451486255895849e+00
2.617023112655590955e-01
-6.143011860601206298e-01
1.036208076622920693e+00
1.254054078048524090e+00
-9.077601809803430566e-01
-3.155399351615352788e-01
-2.913110303246409516e-01
6.852219092568027081e-01
-2.182475616780877870e-01
-6.378029745580392484e-01
1.306859220059208848e+00
3.012342813351644444e-01
4.290414083237809040e-01
1.260508988348612247e+00
1.279543902337619277e-01
5.068117356218628800e-01
-8.911169472873661235e-01
-2.371173136521049774e+00
1.412944887118859461e+00
-4.301692611199918748e-01
-9.767669880857663411e-01
1.201017963274439992e+00
4.419991938973933387e-01
-7.712594678434854245e-01
-9.089478818486320666e-01
-2.627595397766362417e-01
5.626085582877022873e-01
-2.797751994693120636e-01
-2.258240446072893870e-01
-2.529918112727637669e-01
-6.563240076367311548e-01
4.495445855176462557e-01
4.467413111565965433e-01
-9.680891743562145546e-01
4.732573757699806150e-01
9.189715574140496779e-01
-1.439287153027085209e+00
-8.873788436441298888e-01
-1.315868477661102709e+00
-5.837163666609250789e-01
-1.596549414774622200e+00
-9.651804478523189346e-01
-3.827006249556827444e-03
2.176088193928981784e+00
-6.516253873567074972e-01
2.221470023327694610e-01
-4.011540687597666133e-01
-7.508781383527234343e-01
7.690067043960595594e-01
-1.082174493053198239e+00
-4.911659608475628658e-01
-1.395900612435743815e+00
5.788702168619324073e-01
-1.575357388076635001e-01
-1.197543785903049551e+00
-6.505919867730580730e-01
4.622449861096502577e-01
4.130399323691913427e-03
-2.075875246254793582e-02
9.177122422627583820e-01
5.088824492424739443e-01
-1.665939159646519507e-01
1.575342776656585841e-01
3.065723758922426212e-01
-1.059432143420531158e+00
-1.084379488918038703e+00
-2.544959576190197748e-01
9.160174593944129251e-01
4.900899849107014372e-01
1.467945994679379917e-01
5.690063159702916096e-01
-6.549405621254249521e-01
3.725000536185101296e-01
3.754643896899843569e-01
-1.776069771319822022e-01
-1.053752463247376314e-01
-2.448729742906937124e-01
1.339883169024874476e+00
8.471353314859073058e-02
3.914590289600966555e-01
1.125405344442444111e+00
-9.353368509479548232e-02
4.457441069668593991e-01
-4.101719940280824095e-01
4.711656118769997903e-01
1.963143079605547403e-01
-6.440891250102160903e-01
-5.672353974320076819e-01
-2.180361698051052954e+00
4.811074466783359371e-01
-1.086710326341106647e+00
7.621900334795028709e-01
-9.947577487511594097e-01
8.923437490992858212e-01
-3.996486061112097810e-02
2.308674353545083768e+00
-4.955519653715695361e-01
-1.187176670486911778e+00
1.156294910482417171e+00
-8.527578561102797661e-01
-3.314399199175212529e-01
2.058302804711148459e-01
-9.918558643852442014e-01
-9.813980216416575697e-01
-3.755378116921770371e-01
3.610972792829663658e-01
-1.139550915413129584e+00
-4.179666113240310121e-01
-1.048314518897823344e+00
7.924147379418736703e-01
1.307002358227065120e+00
-1.043699633769391566e+00
5.023071303174138080e-01
3.951712883659318498e-01
-1.422333231298671397e+00
-2.379083029316549636e-01
-1.335626406907284069e+00
-6.405334051700468656e-01
-7.744814960841646112e-01
9.334758188872163132e-01
1.029977446653832729e+00
4.377777298482668500e-01
8.204397690685548694e-01
1.208720954549024729e+00
-4.214696437117629313e-01
7.800411251091186049e-01
1.274953427414151630e+00
-6.598699706621570238e-01
1.230381944506343306e+00
1.696064569403108735e-01
7.952970406974397832e-01
-3.002332384409581723e-01
-1.064680313883212381e+00
8.167417952401048176e-01
5.920519199891431938e-01
-1.203429407084038782e+00
5.723703848673943329e-01
-5.402189970126882734e-01
1.380158016212256422e+00
1.086942534551800899e+00
-8.735999268812996155e-01
-6.537069139586298983e-01
-8.130058089302867330e-01
1.791750712234671195e+00
1.679138713869778865e+00
1.885107829768153387e+00
5.223231515652062562e-01
9.307207617010383460e-01
9.318508339965976273e-01
6.737693471409511581e-01
-3.271749952116934645e-01
1.163830777373958458e+00
-6.153900674155349249e-01
-1.632434990767005212e-01
1.308588716370151506e+00
-1.004533763667441182e+00
-2.481286449586072307e-01
4.558250051636619782e-01
-4.779748631305415496e-01
-7.389566450636536610e-01
8.411531229986076719e-01
2.840633037527945381e-02
-5.501516416242040464e-01
1.647526115422779380e-01
1.646082632566376325e-01
6.884876257865304439e-01
-8.428161192174615790e-01
4.162567778385134476e-01
4.277882318074336387e-01
-1.440248807477393367e+00
9.719912826130248928e-02
-2.178173658948467040e+00
-9.038639185110662611e-02
-3.924915057477815217e-01
-1.302948449745965798e+00
5.573956533754171883e-01
