3.555542370732781010e-01
6.101692816372602524e-01
2.722615051327004210e-02
1.627681997910770118e-01
-2.008522193240297238e+00
-2.635638079263989964e-01
1.041164712052297103e+00
-3.609222039928080550e-01
-3.476437802828691304e-02
-1.020497625377628781e+00
1.035654851677560773e+00
2.499319741766128644e-01
8.943502237947745792e-01
-1.656698416572238264e+00
-7.643815203060422281e-01
5.099222150416942156e-01
-1.407308244199162228e+00
3.666791955008266157e-01
-7.953161743387415772e-01
-5.817532402685180459e-01
-1.352092804333507647e+00
2.027892377136794044e-01
-4.151308337087289413e-02
1.262014894248078223e+00
7.198041120823183148e-01
-2.340850022564993527e+00
-6.395983592550169572e-03
-1.151581258859888379e+00
1.056675920577239414e-01
7.711220573034986980e-01
5.881172293706121712e-02
9.092398431458001973e-01
-1.683993913695613021e+00
-4.176427128919691922e-01
-4.571136565759785775e-01
-4.750992548676867266e-01
6.582771773647680957e-01
-6.086188415900919413e-01
-4.235883227318307798e-01
7.633363967817067275e-01
1.077072332205431859e+00
5.121214017570624444e-01
3.720159781405534272e-01
9.548648060445971697e-02
6.685042524967115263e-01
-4.243018756670420277e-01
-1.198203429416716537e-02
4.363844688049520748e-01
-2.783647096990443104e-01
-3.066229497289573169e-01
3.511112823444106912e-02
-5.270298324903951448e-01
2.006516286443082650e-03
6.941724995932195830e-01
-4.921354158379747101e-01
-3.695460093611346863e-01
4.985393771194002177e-01
-5.561331156662816522e-01
1.049933386691043413e+00
-6.452998038322521612e-01
1.505182743776201981e+00
1.470128976529452292e+00
7.952333150818681196e-01
1.038886097353810989e+00
6.836272698286889327e-01
-1.631675696110674867e+00
6.649836829835686913e-01
-7.112378799120907535e-01
-2.117070556828850869e-01
-7.429872500670534619e-01
1.160587599278922744e-01
1.941847322902122475e+00
2.492609679978124160e-01
6.223129004369361006e-01
-9.683178301798804899e-01
-5.192489487657050290e-02
-8.216945517947311650e-01
-1.246520944395998198e-01
-3.471220900884413596e-01
4.281574364873397820e-01
1.761318573229443685e-01
-4.829853518590292438e-01
2.624490883907270034e-01
4.771592615500762080e-01
3.442111580920395042e-01
-2.059930993988785819e-01
4.504457785125670632e-01
-5.225700009278115843e-01
-8.394862639432981721e-01
-5.550068704765831473e-01
8.368447536423204713e-01
1.778351796431120624e+00
-1.210851743231794231e+00
5.382798794586707292e-01
-9.338755017745949960e-01
-1.725493068549281750e+00
-2.973592555762050171e-01
-1.381942260422117097e-01
1.040082032677385193e+00
7.616300749523823299e-01
2.063676701147406090e-01
2.116101403044694240e-01
-3.513106359382190957e-01
-5.605545646890126577e-01
1.821240651415674927e+00
-1.865993176459283254e-01
2.684689456023432452e-01
-1.369542174508834531e+00
-9.792806382823436850e-01
-2.580101215294788863e-01
-1.570380411812815347e-01
-6.260105892030722874e-01
-1.032116580922694427e+00
1.314577829381211593e+00
4.216205535794443904e-01
7.099574611387392542e-01
-9.161299026380977928e-01
-2.639151306940637487e-01
1.378991354967837868e+00
7.253812221580180353e-02
-3.344475428755263047e-01
8.000664332619811248e-03
1.825717577335485842e-01
2.699474650563254974e-02
6.279551641659569805e-01
1.308367333083749973e+00
1.194862989671665321e-01
2.315172141988010301e-01
-1.380902967949138582e-01
-1.164521908340803380e+00
-1.330550931772578327e+00
7.078527941967147630e-01
-6.860273646506902523e-01
-5.117446052454479588e-01
3.708547757596877825e-02
-1.195569275065660353e+00
-8.206744781827086666e-01
5.338778801688692788e-01
5.631269120882959056e-01
-1.146950837236978105e+00
-1.885728571589990743e-01
-7.628032877131771805e-01
1.120620419746496177e+00
5.571149918968232306e-01
2.564304826362707734e-01
8.221299114106719319e-01
-2.639742267663898814e-02
-1.182059235423076782e+00
-3.177229994047470751e-01
-1.314518671081223555e+00
-9.899357940346092954e-01
7.309765206630123302e-01
4.070964868122339264e-01
1.016428180149780092e+00
5.555033505747963840e-01
2.980715269350614482e-02
-1.892457804735186322e+00
2.774833562847942026e-01
4.818152600001302521e-01
-4.912408164921850534e-02
-1.510157432502190256e+00
-5.291271893228626233e-01
-7.147427104478827342e-01
-1.226235529600142149e+00
5.576849058682314952e-01
-1.003361902921189541e+00
-1.697671397430185136e+00
-6.554729930021951922e-01
4.683483489197051153e-01
-2.371203422899560431e-01
-1.441836579814102237e-01
1.192014610697018417e+00
-2.401292207122313616e-01
-4.808956164957094992e-01
-9.579027982524146445e-01
2.699188828427234732e-01
-4.043637021728652137e-01
-1.355295738504067371e+00
-4.229247919360858976e-01
-1.945586272159581243e-01
-6.588170991774306984e-01
-4.868544281876268087e-01
-6.013596342227705005e-01
-6.624650725402788654e-01
-3.506116013924742703e-02
-1.419808260635477271e-01
-4.554298451459550257e-01
3.529741881664615333e-01
7.056978570852244781e-01
-4.304538677192769613e-01
-8.451035768824466388e-01
9.538196066695416864e-01
5.071317947952521665e-01
6.127698279635260259e-02
1.056825296912578649e+00
5.187329048865224612e-01
-6.858231354746795461e-01
-4.494401143014989386e-02
-1.397091752632468875e+00
3.995378317040122473e-01
5.507766996605081289e-01
9.841646073091692148e-01
7.095842173673390096e-01
3.409589377849244762e-01
1.234864410794423994e+00
1.372835628232781158e+00
7.312459802230559802e-01
7.411782643654786229e-01
-1.988866887776356007e-01
-1.147467626945250369e-01
2.479549457007927948e-01
-4.693722254743281641e-01
-1.617095694982431109e-01
2.326354984635319589e-01
-8.311234114417911378e-01
3.471418197668131311e-01
4.473741596498778117e-01
-9.002302202672581855e-01
7.805694046777431616e-01
-2.314716186054480151e-01
-7.474727266560639016e-01
6.705207691527619307e-01
6.970325778193913191e-01
1.303976096670551033e-01
-7.732838951620289725e-02
3.087992739575807222e-01
-9.971662383495442095e-01
-9.229858612745983626e-02
9.394296258177382564e-01
-2.099180224913765880e-02
8.150059249743462075e-01
7.124231911322269628e-01
1.511766793852577173e+00
5.157807182590182782e-01
-7.542643813813557641e-01
-6.840613531961471372e-01
2.738674556125588744e-01
-7.499639143407367536e-02
-3.948898700063908640e-01
-2.244202835399482510e-01
-6.944791787815396411e-01
3.503715776081536282e-01
-2.230484970490105301e-01
5.632571915759124748e-01
-6.670802909233717326e-01
1.028566195386684479e+00
3.248207798518177869e-01
7.961951697076635748e-02
3.975269057521480520e-01
5.513593812403568828e-01
9.236559335495924117e-01
6.024609776938180117e-01
-3.892196532559248912e-01
1.132415335050624972e+00
-1.554817362586683460e+00
7.729374286358011714e-01
-3.132871650113131512e-01
5.914530392074321963e-01
1.098513964870907467e+00
-1.680639288752095450e-01
2.638448599560905272e-02
-7.284837079527251014e-01
-9.911574695462482820e-02
-8.075250029327669665e-01
-6.640024930403923831e-01
