-9.558404680144045873e-01
-3.401465974635857759e-01
1.595090784192355615e+00
-5.636882089316958000e-01
-6.557238268877895182e-01
4.240920288167324137e-01
1.485221781025795940e+00
-4.574614561519603217e-01
1.101018048421105733e-01
-4.573285209808727880e-01
-1.750723773475058032e+00
-5.403266801215489412e-01
1.236100769081749151e+00
1.478704090055100506e+00
1.254526625806555717e+00
-6.182907343948313983e-01
-3.442439858640056194e-01
2.891828992016637345e-01
1.691778898480914284e-01
-2.735239002600233782e-01
8.794472769676981994e-01
1.035293860694824541e+00
-2.804414132329983711e-01
4.442040698711335334e-01
-1.109312713301535913e+00
-8.527714387214211378e-01
-1.534024522710405458e-01
1.346952601062030963e+00
6.072784435781894974e-01
9.470724362442632938e-01
-2.266401845610227506e-01
9.188610073225958463e-02
-1.901345413546456919e-01
6.428993311533763855e-01
-1.134044895945632403e+00
-1.775080885016175683e-02
-7.842551278468078424e-01
-5.551141865545976550e-01
-6.856961149028084623e-02
-8.487039271628217252e-01
-1.086543343827313990e+00
-7.753555140730481465e-01
-4.088803021032992868e-01
1.658754913686908417e-01
-1.424544161946539100e+00
2.841250114615256894e-02
-4.183362608941245120e-01
1.778412263179227182e+00
-2.318565945530179639e-01
4.496994083218461280e-01
4.145152463163175732e-02
2.393094555049678218e-02
-1.347405448318756305e+00
8.683845583539551161e-01
-4.995930104831006746e-01
-5.301276136289662100e-01
6.027687947086138864e-01
-1.836020443870988395e+00
-5.719690760743003505e-02
9.603373537324271236e-01
-2.570449342479299570e-01
-8.990997012559432955e-01
1.126350676269273210e+00
-1.845842629250510569e+00
1.215834334588168142e+00
3.089865797169021877e-01
-7.077749083463664714e-01
-2.657540985747678386e-01
-1.594182173243751111e+00
-1.049014164253439185e+00
1.729913877793241572e-01
-1.948437271092801293e+00
-5.467101671461036538e-01
-1.592970631571216211e+00
-1.011758287217820129e+00
-7.127072598322259367e-01
5.506809974817085118e-01
-1.410103216692601968e-01
-1.338641320281157565e-01
-3.163269788085282253e-01
-7.291577912892637237e-01
9.131520156323721382e-01
5.938954789323804828e-01
-9.104171170109057187e-02
-4.477393903085288840e-01
7.400642642259935844e-01
-7.787725556847887587e-01
-2.424040920226780693e-01
1.180268006003870163e+00
5.607847040330764532e-01
-8.509065182430728194e-03
-1.439664885573123942e-01
8.709830822164837949e-03
-1.122594119222380504e+00
-1.695934694630975292e-01
-8.524101594242694535e-01
1.473929836559348949e+00
-4.801809787202404589e-03
5.274486595224088248e-01
1.915339457363746112e-02
1.837106114561695147e+00
-1.772129413682181909e+00
-1.036182719962276844e+00
-1.863237330320673402e-01
6.905109139934124673e-01
2.112881226981296601e-01
4.747868289412817133e-01
-4.317481047484582612e-01
-3.741441561375713487e-01
7.882498894747441698e-01
1.411578685627180141e+00
-1.323699960466625525e-01
-1.892367929060476683e-01
1.492327805936294105e+00
-4.863918679150294050e-02
-5.445454395531035274e-01
5.164084459892082091e-01
5.378385312219994274e-01
-7.041473170305209139e-01
3.341499350742238028e-01
-5.484803965443042495e-01
-3.668123982097891700e-01
-1.941866166114989412e+00
6.794045100749613875e-01
-5.694768458569090530e-01
3.608113791817286198e-01
1.102893608888153798e+00
7.523512559260819854e-02
2.599096839081109778e-01
1.872679480788968787e-01
1.199671824476382098e-01
-4.944468129489718033e-01
-8.843649854472099836e-01
1.795527036070995730e-01
8.442981180527391327e-01
-6.348877111861649380e-01
-1.032160334401202695e+00
-8.121677510900707775e-01
-6.802648009783179850e-01
3.668146715551776627e-01
2.409693088613620304e+00
-1.071141836506314338e+00
6.029081049105649015e-01
-1.014966784157910890e-01
1.106473074581621363e+00
1.023532742178498545e+00
-8.048705060184904170e-01
2.531995352163744495e-01
-2.921869038149382813e-01
1.095565758167140885e-01
-9.149856301219555510e-02
1.448346277363651846e-02
1.150305704175709653e+00
-2.856857976048080006e-02
7.793381572471431706e-01
-3.043973757178461970e-01
7.354290512881515030e-01
1.303785019197414574e-01
8.708823261283726858e-02
-8.213393195393582369e-01
8.928494726322757646e-01
5.101091446479217861e-01
-1.421727389453218526e+00
3.509731338526873856e-02
-1.101577966718327375e-02
-8.308033987488493421e-01
1.490965475976504973e+00
1.880785334691004174e-01
-4.771883143101972591e-01
1.078099461895363348e-01
3.669716298436591084e-01
2.982802214934775487e-01
-5.900442979574892499e-01
9.051640943082379653e-01
-2.747474686016357914e+00
-1.772923286371722862e-01
2.617743731211293889e-01
-7.531821264993512344e-01
5.498408550238425008e-01
-3.781366466383440095e-01
5.882630875114642777e-01
-2.498128337483561889e+00
-2.256570572473436398e-01
1.387147516831634397e-01
4.086368094578428090e-01
-2.742957736216690146e-01
1.204421736245856689e+00
-3.993746985727927856e-01
-6.048072082239475122e-01
-4.497393966422312817e-01
1.063548725211970414e+00
-1.521707156416150175e+00
-1.212215476161534022e+00
-4.233403232453598203e-02
-1.195934853119179131e+00
-1.639677743419740930e+00
8.140968309707058426e-01
1.259033144588845188e+00
-4.223762020154895325e-01
8.123999425685853870e-01
-2.936152506694284514e-01
-1.001535883875427135e+00
2.243080560126785361e+00
3.497735016257920160e-01
6.561891591984869709e-01
3.227013438867918360e-01
1.817901118778900482e+00
2.135147586348195570e-01
8.895657095216088495e-01
2.874834117674004985e-01
-7.642527721768255233e-01
-9.460162973830311683e-01
6.895395478674000156e-01
2.906969294359623701e-01
6.966216180835765881e-02
7.377385107452707480e-01
8.132085675836772110e-01
-6.167352629726814417e-01
1.350513029353460182e+00
-2.324344030379318082e-01
-6.903286581000308425e-03
-7.293576235480651038e-01
-9.371166657729630700e-02
4.425409118971145306e-01
2.362729288656162385e+00
7.352758128387502923e-03
-1.594314129689170523e+00
3.967041577000579577e-01
5.235247904810378383e-01
2.311726595817873986e-01
-7.198508675761179365e-01
-1.125156199735377616e-01
4.606997712519187993e-01
1.565318560482495680e-01
-4.935343009840906792e-01
-3.616108023590351994e-01
4.541156418346915802e-02
7.904075787208771908e-01
-1.030260597756889940e+00
4.319133000310527160e-01
-1.567691597922152624e+00
8.440919388700764969e-01
-8.812880897508855726e-01
2.022469901605458975e-01
3.368258310357344354e-01
-9.938396041799164582e-01
-7.598384424101211065e-01
1.389655468294716645e+00
-4.295374305778328905e-01
1.695657047042564702e-02
-3.497272017382855314e-01
7.364617306306606159e-02
4.959571779463641805e-01
-3.368112605623505562e-01
3.709830106122725124e-01
-2.184933392098874494e-01
2.662721389823622387e-01
5.012978294282408598e-01
-1.613451487900108949e+00
-3.950404633222987655e-02
8.457911641856604712e-01
1.686982769903104584e+00
9.490888046217697827e-02
6.966149914566753809e-01
6.859579205108845557e-02
