-3.698423640265173229e-01
1.369031490235406601e+00
-9.748139961444783896e-01
1.396085081363852343e+00
-1.280116832790908765e-01
-1.365699377236125001e+00
2.810101898372147425e-02
5.758131212635553275e-01
5.775939030147451136e-01
1.898444084175546220e-02
1.018958411885280357e+00
-1.006700414383127073e+00
3.458911502329395926e-01
-1.444772288188701959e+00
-1.771627873125695807e+00
1.205094145080355839e+00
-2.755673081543211778e-01
2.440163593052215307e-01
-9.279344874357972062e-01
-6.294862584951488316e-02
-1.214680222068724502e+00
1.539424657128553253e+00
1.889421667020205309e+00
-6.632963400989803082e-01
-8.749196341099736429e-01
-7.699150645946810645e-01
8.829025601859225025e-01
1.306897861838292041e-01
-1.449161015106525507e+00
-1.619025473373436330e-01
5.002842019814667252e-01
-3.917449993359022886e-01
3.941536801556080882e-01
-1.317964602671219509e+00
6.174847399762097844e-01
-5.105172049533484024e-01
2.523320474296023574e-01
-1.313386130849519273e-01
-7.093775994700054488e-01
2.763564276442258549e-01
2.298836834420367736e-01
1.580322642788528076e-01
-5.248614259111883396e-01
3.556013675773313509e-01
9.461172790153785650e-01
-9.418522974158746175e-01
-1.399884805463113002e+00
1.573782731872275242e-01
8.525330559357244820e-01
1.019740619845454360e-02
9.401423597023109147e-02
2.456918263831789684e+00
8.778539815043304717e-01
4.949303111951270373e-01
-8.723010397640873492e-01
-9.986371170063532698e-01
5.831796510571847225e-01
-1.323192260609275639e+00
-1.411432437127996709e+00
8.242505458648468064e-01
4.807066968991166589e-01
-9.271090487903779209e-01
-1.214721090690332073e+00
6.791046476514248642e-01
5.785132571742727103e-01
2.909096990306811459e-01
1.284494001636080629e+00
3.337835719252058020e-02
1.345197809424403923e+00
-1.971622060835210299e-01
4.468055404965854405e-01
-9.342686878583752463e-01
2.022816205209935436e+00
7.160624771523687038e-01
-5.019925223510967038e-01
-1.806588541467336606e+00
-7.919449042774029390e-03
1.277758751692244399e+00
-4.531590895642730876e-01
7.680164910447851989e-01
-1.478092977892258908e+00
-1.559453745205780506e-01
-1.041560400087841454e-01
4.634675824708712755e-01
8.802221209861604834e-01
4.832001690165125818e-01
-1.184290285308418289e+00
-1.073309101470884819e-01
-1.387296769707377031e+00
-1.244437140494991434e+00
3.767819838984059477e-01
-2.842531234965318121e-01
3.225467794310991620e-01
8.059273191756358701e-01
7.247823261932184735e-01
-5.286243889664151707e-01
5.094193911878438508e-01
-9.830640888245397724e-01
8.491202910782001956e-01
6.622156981382015806e-01
1.133827536491686383e-01
-5.982537447768220273e-01
1.765995100680771257e+00
5.256082049309589443e-01
3.823488143716608501e-01
8.450465181301602957e-01
-1.008089322080228500e+00
2.778654249056208836e-01
-8.807451982704964100e-02
4.535436329672144495e-01
-9.833657775332834694e-01
-1.012657769573798439e-01
2.849419844364218801e-01
2.640347873889281050e-01
9.618945147849368438e-02
4.844961427951809396e-01
1.543829527581480066e-01
7.512909880582542277e-01
-3.853393154171299018e-01
-3.115943495953757414e-01
6.195554854962345148e-01
8.335233800670653892e-01
1.082558742365238080e+00
-4.519190569437536165e-01
-7.091035810064145739e-01
-5.387510368965673369e-01
-1.180802033866169998e+00
5.460617797393915174e-01
4.660063223135433863e-01
-5.150811255905944908e-01
1.311879468782952918e+00
3.848551156967551234e-01
4.812624594645171228e-01
-1.269274660531276133e+00
-1.334697178833901543e-01
1.219250360807464795e-01
1.228240708178614859e+00
-7.884584868833177662e-02
-4.388384108951368656e-01
-9.678413058755858112e-01
1.490860888981533350e-01
-5.942624783992300763e-02
8.930247894495005889e-01
7.489575065827677181e-01
-2.725278472510164751e-02
-4.507109268681126490e-01
-1.932580533815470847e-01
-1.480853082261281706e-01
-5.589503857941652276e-01
9.743649146627993973e-01
-5.642381120740667944e-02
1.158154326358691755e+00
1.380798928235960066e+00
-9.458507008639099878e-01
-6.853938727304131895e-01
-1.843112586715488943e+00
3.146801408255308075e-01
1.600844748964197928e+00
8.437224710467572386e-02
7.527884229701538032e-01
4.292157721826855288e-01
-4.678966069048418053e-01
-2.593993657541889264e-01
-8.493336075647529571e-01
7.690100166344775445e-01
4.554637821150630539e-01
1.948928340178090135e+00
-7.441930494484423342e-01
2.973089051805850591e-01
1.406174711056021875e-01
2.083151524791938769e+00
-1.268243665747185833e+00
-1.728545795680054065e+00
3.080891602007399532e-01
-4.362857409657434626e-01
-1.330602749429019127e+00
4.453295073373517154e-02
-7.105622651230465436e-01
-6.343132980640898699e-01
-7.607473053687312525e-01
3.103348150415263240e-01
-1.193227774601109820e-01
-5.484233392942567953e-01
1.284261340063207690e+00
-5.211882351776087052e-02
5.457074338447288897e-02
6.508670424007050315e-01
-1.511789192887830868e+00
-1.087570857054622753e+00
-8.042416976514137339e-01
9.928164983443063529e-02
-6.498048796168922614e-01
-4.968636760973668687e-01
-4.101210719660261517e-01
6.842997480613894901e-01
-3.889517915720271113e-02
6.764774054710893936e-02
1.842514408437944673e-01
9.468236843786400625e-01
-9.398111108895314258e-02
1.510836075646105336e-01
-1.063415625800271824e+00
4.601422332068952348e-01
-1.165436527353410773e-01
-1.054364191165954256e+00
-6.275075575176159992e-01
1.020883181474814050e+00
-3.162606940642342934e-01
2.112036077643957732e+00
-1.531046930314344579e+00
-1.082944568004090113e+00
-1.132315053075653832e+00
-4.731814709752949488e-01
1.445764743675820752e+00
7.810488967274764605e-03
-1.254323593672125758e+00
-4.794329992889533876e-01
7.597286169953790247e-02
-5.704295524356083336e-01
1.344078560941634359e+00
-3.129979527178644583e-01
4.388387407773555737e-01
-1.936183462360048790e-01
-4.190706199866471304e-01
-1.381751285099171334e+00
-3.550200222556682550e-01
2.538653898016772215e-01
-4.864817542591003963e-01
6.684691015501191824e-01
-2.855452637829474782e-01
-3.066516327254842356e-02
2.622039087654222111e-01
6.081152545103818419e-01
1.462836469533038974e-01
8.523798891580109949e-01
-5.079175128309521003e-01
-5.157879550469571805e-01
1.310541846614002859e-01
3.227056676236851884e-01
5.814100631391432294e-01
-2.151873191682438513e+00
-7.778150062961443068e-01
-1.444393599131537975e+00
2.089067899889726632e-01
-8.817414841319644037e-01
1.297505808941160355e-01
1.094394489082318511e+00
-1.212717515704188481e-01
9.406641902976790037e-01
-1.005657980176820399e+00
5.695573157915400087e-01
-8.584303657902446483e-02
1.263387074828418832e+00
1.049406449275416264e+00
-2.570273731309169474e-01
2.847583857462227530e-01
-1.620981101487589671e+00
-2.660589775166302129e-01
-6.744710569564650315e-01
-8.412290950440244330e-01
7.829567550561884748e-02
5.372795971946312671e-02
1.238283840907670186e+00
-4.743112610096816839e-02
-6.188801705702526856e-01
