1.273848651785376984e-01
3.468316867780429913e-02
-3.430905829155886377e-02
-6.011216768790517140e-01
-1.961868005235628543e-01
-4.195128076473829404e-02
2.594254687535716974e-01
1.014455507215865360e-01
-5.640382536435141203e-01
-4.373438532146878277e-01
-5.413181892074922508e-02
1.990233233634358945e-01
7.698359379989135887e-01
-5.869988174903149891e-02
-1.116352879278946358e-01
-7.682010638576027006e-02
7.061872262928842181e-01
1.522415704088373178e-01
-6.365363433880211197e-01
8.183793107899127728e-01
1.358236284706967334e-01
1.011198184945942158e+00
-5.431965298445891044e-01
4.001821251984633565e-01
-1.403327955875460220e-01
5.873332580562338201e-01
-4.952942572203691274e-01
-4.660109245760811758e-01
2.300511889776414853e-01
1.754485423582289316e-01
-8.302779175937587963e-01
-1.759618210632027391e-01
-1.776541705111689851e+00
-6.989515030618680402e-01
4.041040013587183233e-01
1.506433921372301865e-01
7.229676753103356779e-01
-3.456626035500726668e-01
-2.814772596259826898e-01
2.821767123227352653e-02
2.085949039561702523e-01
1.764052039634330660e-01
8.378416597667731613e-02
3.157524652264550591e-01
-1.005022419168573045e+00
3.152718396509927024e-01
-1.360155982144542586e+00
-6.813977003633500673e-02
2.968776069708417009e-01
-2.660084650517846594e-01
5.295361760981361909e-01
-3.848951321556058902e-01
3.290706479073703394e-01
-4.770251964338810269e-01
5.950567469124627973e-01
8.113020106411558130e-01
-1.063858576558081998e-01
-9.882834986624353668e-01
-1.214892393642045265e-01
9.130742878019720843e-01
-5.954079427910859146e-02
-3.077600090308723058e-01
-9.218424061484520315e-02
1.821253377363261650e-01
4.566963900497969520e-01
-2.148548085214234404e-01
-7.914000793142401680e-01
-1.233000644149786718e+00
9.576487872726276163e-02
-4.264853986990263524e-01
6.509559876987813798e-01
-7.410348274480549335e-01
-4.244441883674115457e-01
9.571895788400248684e-01
-3.511586321256595644e-01
-5.267046445880858574e-01
-4.372616923759158336e-01
1.185567340182399482e-01
-4.297888132171126530e-01
-2.940643779707386996e-01
4.989765389355697023e-01
9.183332877875927114e-01
7.110279890547930304e-01
3.325840548204379021e-01
6.416655991550519467e-01
6.811448741432734044e-01
-5.474482949428469691e-01
5.780002139046407361e-01
1.001537743485475355e-02
7.492174889353241385e-01
-4.861756107371119073e-01
-7.123864029947172272e-01
-1.478583868006312363e+00
-2.231465853296097923e-01
-1.561849986942768498e-01
6.123326809682750893e-01
-3.780091979708245509e-01
-7.277369768646042569e-01
1.853389496721818130e-01
-6.753760727918421969e-01
5.372791902580842383e-02
-2.447846285190782845e-01
-9.647195783596040908e-01
-1.000566929429707486e+00
8.504321758463501135e-01
6.234331654794064148e-01
-2.728940797668326645e-01
1.173372526816572198e-01
7.165131366435781857e-01
-1.818964720293448911e+00
4.638072590472849810e-01
3.731491859061268901e-01
2.153888554313513892e-01
-8.718650720422027600e-01
-2.003310743085702783e-01
6.128752690303858053e-01
1.000908478204594887e-01
1.697318248394588391e-01
4.429153503844378559e-01
-2.571162017004448297e-03
-4.796225187748007213e-01
-2.294071997115874617e-01
-2.460078402008178400e-01
-7.924885185696982637e-01
1.172229940660098751e-03
9.933677233234221304e-02
-5.847941110022611966e-01
-1.981660852737558709e-01
1.915665120214792572e-01
-2.031661686064546446e-01
3.054144062677962013e-01
4.946521813764176989e-01
1.020980509270509318e+00
-7.356197218555660111e-01
-1.491405474003473008e+00
6.899879251408361225e-02
-6.809424179037936176e-01
-1.051191233214173071e+00
7.138235650546882471e-01
-3.474198062030501855e-01
8.080203917016663961e-01
-1.051808104191813698e-01
-6.493560378365701435e-01
7.944413974267428014e-01
4.153622157409512794e-01
6.117784228176813555e-01
2.565999820110620444e-02
5.858864367816938312e-01
-2.559248578720633160e-01
-3.639137634917976594e-01
-2.753324856066206583e-01
-7.085729739789751180e-01
-1.038368308864361378e+00
-1.215439177709571661e+00
-6.303932710595363531e-01
-4.652617401349010695e-01
-4.126068341568965847e-01
-1.020140512098230978e+00
1.182891061666906163e+00
-5.441333039779288061e-01
5.131281242948583232e-01
5.485073950277415955e-01
2.522860574687136870e-01
-1.025537457914034611e+00
-6.411060418596592481e-02
2.088053395902967069e-01
1.351197420239745872e-01
1.362439439264679919e+00
1.945305800823823317e-01
8.955234378348480018e-01
-8.324668246207117539e-01
2.915380536528073829e-01
-2.404448502086521389e-01
2.079199277764665066e-02
-3.355835344522307695e-01
-1.649170876603405222e-01
3.140728371055543922e-01
-5.466182873443286017e-01
2.385357125587287963e-01
1.785327903574292219e-01
-4.866775026257204040e-01
-1.266691812748525214e-01
7.756502352178628046e-01
-7.471270667172652535e-02
1.278188959904228983e-01
-4.576066648096708822e-01
-2.195054732034184830e-01
2.604565911066082373e-01
-2.552080252184356010e-02
4.663620894137802120e-01
5.631946025561297420e-01
2.677304361049744341e-01
7.240060926082059201e-01
6.243929629721572949e-02
6.615914059374933265e-01
-3.514029248518957260e-01
6.140961606396131423e-01
2.601319265065514807e-01
8.459225110083086197e-01
-2.334385538122348003e-01
-2.719270102286186486e-01
-4.863690484083263987e-01
-3.818983740504161561e-01
-3.339918286428314453e-01
6.437316474878782557e-01
-1.753655984930691247e-01
-9.354435820248104827e-01
-4.925573797662394226e-01
3.986901592016844353e-01
1.079064931556197982e+00
-4.554252983343358152e-01
-1.232863540791850343e-01
1.427581015969077383e+00
7.804418534259766060e-02
-1.267170040949225918e+00
-1.303793637482114076e-01
8.438892726144668899e-01
-4.847735677437693402e-01
1.145575725981624826e+00
-4.194092753808005281e-01
-9.650628946596118141e-02
-3.327344752021288432e-02
1.836454709616811010e-02
7.235433779641310681e-02
9.207433828370619189e-01
-4.832885985833902942e-01
-3.298189222612490923e-01
8.753179894412029816e-01
1.706449274637100444e-01
1.488399347625065205e+00
7.089063693020308810e-01
-6.963391045062500284e-01
-1.377459763174509466e-01
1.830764215323524846e-01
3.218923724958816512e-01
-9.736803117652990947e-02
-2.811545477818195859e-01
-3.234924236760047811e-01
5.901753177536985806e-01
7.584490896601217003e-01
-6.576571566472806385e-01
8.454690384807180825e-01
1.415073775369111386e+00
-5.823991480683354816e-03
-4.163031066451441387e-01
8.911538253521025243e-01
-1.709708135045351907e-01
-4.769084535342942022e-02
-8.443713486497467224e-01
3.529194718874346937e-02
-2.491408765451638974e-01
6.064546790201240656e-01
2.820983145248323609e-02
3.292493246920689259e-03
1.069945352985038456e+00
3.160590902906481592e-01
-1.317949673902664709e-01
-3.923490443557794971e-01
8.396845113714260789e-01
-6.093718784040953462e-01
1.279918649884609794e+00
7.856192391731841029e-01
-7.121762798994475396e-01
6.144864849860417477e-01
-1.271487522461060671e+00
