-1.046873395459823275e+00
5.341900019029662827e-01
-1.363928607815805494e+00
7.448064852669287195e-01
-1.620177152693367539e-01
6.693147631576993328e-01
8.825090400911818067e-01
6.338031715229687224e-01
-1.024176208999599380e+00
3.919624712822411539e-01
7.154370676000085805e-01
-1.526398663083627927e-03
-4.411871275893445299e-01
-1.779466606670770057e+00
8.736349992977033851e-01
6.273909792640942618e-01
1.086037821164314909e+00
-7.007288510436435192e-02
-6.380296544031359707e-01
-1.203238814833728965e+00
7.832257548678368542e-01
-2.007579681308201636e+00
6.863836808173870985e-01
-3.979199237929355037e-01
4.098169776664304931e-01
-6.726653803710597179e-01
9.706557386708419832e-02
-1.152915098658611415e+00
1.320846361602271868e+00
-1.262952829159455170e+00
-6.612141677629921332e-01
-6.267111090451523703e-01
8.436201755924398471e-01
5.329533946519269261e-01
-1.700944756154560755e+00
4.884945718745031251e-01
4.152378238809358857e-01
-5.574193393808130059e-01
-1.352880684851769821e+00
-5.477663693866512418e-01
-3.491933933533116763e-01
-1.486270081822994513e-02
-2.131397063922829127e-01
-6.765379753293515597e-01
-1.260261908456613567e+00
-7.402031062871765599e-01
-5.102957350688592797e-01
1.830261310089215387e-01
-5.672507593270552650e-01
-1.188945261161224121e+00
-1.106691329494619680e+00
-1.593950226352130350e+00
1.459858918515743564e+00
6.027724545435693138e-01
-2.030023729125365883e-02
-1.655026171176766370e-01
1.255365427141438062e+00
-6.362115461823106832e-01
-5.134792084769761455e-01
-1.073523113817472563e+00
-7.931565909637882106e-01
6.097764060823531729e-01
-5.801767519495985015e-01
3.893208800984356288e-01
1.130228119913382567e+00
-1.792424497821004103e-01
-5.407232464230701252e-01
7.230840427182220198e-01
-7.141533607230227121e-01
1.304941348437159032e+00
1.666430800310155780e-01
2.794637838801092844e-01
1.626597355663554012e+00
-1.125003025975058524e+00
2.691104467145578605e-01
1.198067532986504535e-01
7.658450690414035922e-01
9.397943144181974962e-01
-6.240587881686845417e-01
6.421312919238719719e-01
-9.650174367930458574e-01
1.071758793596475634e+00
-8.924335210811484842e-01
-1.065427981432069959e+00
-1.018688750313297753e+00
1.389684529652177591e+00
2.118871791530012594e+00
-5.229879845336953270e-01
-3.401956765829206586e-01
-7.120115929365693486e-01
1.397869942254200692e+00
-1.359538660886382144e-01
1.561670565830627355e+00
8.199454098071038421e-01
-1.714863218005974854e+00
8.363947331125914930e-01
1.019224266232387155e+00
-3.302963000834474028e-01
2.476760390086723829e-01
-6.042280214237544245e-01
-4.416689890775146038e-02
-6.305313093726836460e-01
-4.949795905688399167e-02
-9.275562122393388176e-03
4.233847549077648376e-01
1.270032880923217089e+00
1.923490966663083668e-01
-1.454219075928432803e+00
-9.993489163216351390e-03
3.949083825191467834e-01
-1.785354640707538798e-01
-1.203970605479977918e+00
-3.953953471858719371e-01
8.583567181357333320e-01
-5.719993937488576652e-01
-2.278142242196428413e-01
-2.851820614014639044e-01
-7.217092892281178340e-01
9.765272520663094147e-01
8.095543519768193530e-01
-1.137415785428996795e+00
-1.305011818238226651e+00
-9.957120124162920360e-01
6.719168699324977734e-01
-1.223897946733754072e+00
-1.129672983197387071e+00
-5.141966350477804593e-01
-1.308274095431979811e+00
8.977606636018735653e-01
1.008696371939577174e+00
1.040569462244784971e+00
-8.679996217126774161e-01
-1.048416041127974596e+00
-1.084462330022183840e+00
-2.005988789100287217e+00
7.364271535333608565e-01
-8.064091910940404118e-01
-3.631918416177262188e-01
-7.903809477663925609e-01
-1.837448397869503758e+00
1.309912764651630923e-01
4.977679756669358691e-01
-4.028460926158189404e-01
-9.363463887005963882e-01
6.858793350874574646e-01
9.015226276259298288e-01
-7.901328285166355769e-01
1.938232130527708930e-01
-4.765432948548132819e-01
1.303642826531705046e+00
-2.187478314069688790e-01
7.320964919374794988e-01
-4.606550560224713375e-02
4.845900156637983347e-01
-1.101061700618896522e+00
-3.387347099690827257e-01
1.393373913488386018e+00
2.852570046007215851e-02
-4.033227227033714946e-01
-9.519653000050798397e-02
1.663764038834205927e-01
1.598473819219486503e+00
-3.480357874329180756e-01
-5.806493656596026787e-01
8.585890988581226235e-01
1.208305637074657213e+00
-1.326276790345643386e+00
-9.760985298853581682e-01
-8.331457379577128508e-01
-4.670154472208737917e-01
-2.000192883965161705e+00
2.319387314929540533e+00
-9.878248474462754114e-01
-3.627188816194447663e-01
-4.385533878496506999e-01
9.853115304503388128e-01
-7.937964042885767846e-01
2.101290159221674170e+00
-8.424771341624449628e-01
-1.617681646544826712e+00
-3.675740912657700643e-01
1.227476440317620376e+00
2.003720087400862396e-02
2.476557899634611315e-01
2.150966574599933456e-01
-6.227452636278484333e-01
-1.148690190708935521e+00
1.060575910770565622e-02
4.553387369620019443e-01
-7.231138306401821980e-01
1.037996502082478623e+00
6.916643747840613976e-01
-1.041264013699985114e+00
-7.727577090411803518e-01
4.196420918685792589e-01
-3.868717703410030628e-01
5.235339389539906962e-01
6.677177413099580905e-01
1.270529401248903456e+00
-1.018386312593216214e+00
7.293726692735250650e-01
-3.060836939263895107e-01
6.659337893927638197e-01
9.958498084300656528e-01
-7.414487109333365300e-01
8.267839156574545711e-01
-6.427777869698926283e-01
-6.860086930242003112e-01
9.645900640896956091e-01
1.061594317718499658e+00
7.625261449892581922e-01
-1.888340010962935855e-01
-1.089421176520043666e+00
1.497915071049858327e+00
-7.442107815638531187e-01
-1.595239530854884180e-01
-3.775002795147066603e-01
2.413965195611787184e-01
6.828907760873074162e-01
9.200349075751032002e-01
-4.847665841498222661e-01
2.397111336080461064e-01
5.565602575095540683e-01
1.465812934521686928e-01
8.570978305022119992e-01
-3.799413396349282102e-01
1.648409245370273113e-01
2.098309423791894446e+00
-6.442415913103475278e-01
-3.256061488162486639e-01
-1.017345118141798288e+00
1.687477054842793089e+00
1.164836093965985198e+00
-6.391754400468532271e-01
-6.919296951846232169e-01
7.063168719088439573e-01
2.343605656364622369e-01
3.552684113770092078e-01
-1.257102288456274142e+00
5.712946889169439046e-01
-5.249534996336100434e-01
-1.663614318557693483e+00
7.092768578154715620e-01
6.157578683101713191e-01
1.124680087785991933e+00
-4.639794653116929291e-01
-4.835821318717356543e-01
6.678337328633736636e-01
-3.390005833813553027e-01
-4.628098440493870758e-01
7.321055277524711746e-01
7.628413077306697154e-01
8.071904578082889081e-01
-1.735570961657230571e+00
-5.084264858457133718e-01
-1.198776281377992747e+00
-9.275445006408168380e-01
-1.131657111724570397e+00
1.873446284481004920e+00
-1.718682366650542415e+00
5.567407772879804373e-01
-1.973989963125484692e+00
-7.588806128101321935e-01
1.765548374553984834e+00
-1.338356550916130483e-01
