5.266209399276072789e-01
1.464981267080772975e-01
1.359907315056736732e-01
-7.083422901156605223e-01
8.609794565714981029e-01
-1.346261487953634095e+00
-8.003938498281415459e-01
4.735810174527274041e-01
1.064543499157858397e+00
4.461639091920248656e-01
8.954459254103441790e-01
7.081055076160372996e-01
3.866203890504884555e-01
2.139299050081511500e-01
-5.481335752697328451e-03
2.866007034912262386e-01
5.599751574401763410e-01
-5.855071007075185463e-01
-9.305944107938916021e-01
-3.852770084316637922e-01
9.772935233048763992e-01
1.951014441245273234e+00
-9.060041315493140568e-02
-1.614632228388540369e+00
1.370507959238063123e-01
-2.931775107459984597e-01
6.877726873457056245e-01
-1.447449959199055280e+00
-1.050125251483785965e-01
-7.024564041822447535e-01
-3.406434085440298576e-01
-2.874368704058175017e-02
-1.162683038170971628e+00
-3.598376072413062010e-01
-2.146771941892321733e-01
-1.538513338784730733e+00
-6.101538417422676108e-01
-2.377357319978401773e-01
7.886216683409608130e-01
-1.322164945524393898e-01
-1.885562617446028710e+00
-2.373876341808468793e-02
-5.056228766864052648e-01
-3.433966482497959882e-01
-8.382541535062307814e-01
-3.300891195089794561e-01
-2.049808943248655480e-01
-7.197734621532717592e-01
3.646062840615171829e-01
-4.257770087859813479e-01
-2.839195012356265924e-01
-2.406620944498761849e-01
-1.362497787974315644e+00
4.545162154253321596e-01
6.668837984353596093e-01
-5.679554979197624087e-01
-7.959456789821177658e-01
3.581078973837075741e-01
-8.038830232495062234e-01
9.741711434456969965e-01
-1.017974070704249723e+00
-3.435433521164116266e-01
-1.618510319839865930e-01
2.970510623252361482e-01
-5.062068874749415803e-01
-7.145846411571021850e-02
-8.545093773961650596e-01
-7.670500272745930936e-02
-8.177144613817215191e-02
-2.091968305096600922e-01
-5.912177757993234417e-01
-1.399088750706394935e+00
-3.547663993638803248e-01
3.029244305079380473e-01
1.070842454025770385e+00
-3.803026303911252182e-01
8.974710969102123181e-01
-3.285711522970269360e-02
-7.406430813130848723e-01
1.329749773613494002e+00
-9.493703125550679855e-01
5.427340885959699435e-01
-8.005660232174149904e-02
5.219237125952358447e-01
-9.741802532878752752e-01
-2.124781610638603047e-01
-1.958015947063980744e-01
-5.719018416724731546e-01
5.602970838855165781e-01
2.607787762994017711e-01
-1.122071615017239121e-01
-5.633592649015933818e-01
4.365038512481246302e-01
1.138064410712048780e+00
-5.122030954583115525e-01
-8.678719403475967931e-02
-9.917964876885189129e-01
1.656018686231167436e+00
-1.785280398817930436e+00
-8.388590445870826029e-01
-4.520536448009482844e-01
2.270212590549716136e-01
-9.027122430725058599e-01
-4.847210176617201549e-01
8.000102547762306948e-02
6.128242598067905611e-01
-3.568464187302177737e-01
8.593043795113768368e-01
-6.164149420208626662e-01
9.531599861883661706e-01
8.452884299044171046e-01
3.546803868618274014e-01
6.111731237947729545e-01
-1.493116411771173047e+00
-8.983233300399023902e-01
-1.037137468419075503e+00
-5.904913873810119229e-01
9.710989452841732872e-01
4.615349825349304713e-01
-1.267538667322655410e+00
-4.730700066466559384e-01
-9.946781875975965193e-01
7.969033459154888366e-01
-4.561313405819976408e-02
-1.571445846388221934e-01
-4.816298345233192557e-01
-9.797273379088293765e-01
9.904659512554199186e-01
-8.441514712984201640e-01
-2.905359095000322744e-01
-5.890877550069976154e-01
-8.514828374006843115e-01
5.469434460727213843e-01
1.812095652510133381e-01
-7.072927327368311312e-01
-2.190397084059848010e-01
-3.940359545539298680e-01
-5.833883766680962868e-01
-1.327520471668405533e-01
-1.964304745297392740e-01
1.446207116470268783e+00
8.255565680291127029e-02
-4.435326191231478976e-01
5.466536802452299781e-01
-2.050843002028987172e+00
1.664074043244979650e+00
-2.347337473054436630e-01
-5.406992553708643845e-01
-1.809476385294184198e-01
-1.806862914053031677e+00
-5.326091009272211352e-01
4.103493405266143701e-01
1.563209364072048468e-01
1.650436846087911524e-01
-2.270362137017543358e-01
1.485986515588759160e-01
2.222803949907668219e-01
-2.431624045701906989e-01
-4.163780436641025817e-01
-5.527883261440528218e-01
-1.064957110944096508e+00
-3.143717051453569500e-01
-4.181193907313035529e-01
-9.017827529100669315e-01
2.952899334615821103e-01
1.258034701098503794e-01
-2.128921420409271847e-01
1.085058261085099618e+00
-1.237944575974423422e+00
6.274530423671164092e-01
-1.418696947052033419e+00
1.350831572827997817e+00
4.072667645580419493e-01
-1.542706081410920027e-01
-2.900609802050452268e-01
1.210215678407785767e+00
7.729819430987361351e-01
-1.628188974397549171e-01
-4.605053979725775570e-01
2.456860846856130653e-02
-1.003890614808921944e+00
1.973605213379923118e-01
-2.928024227453965844e-01
6.520978621481814397e-01
3.098893012256764834e-01
-1.954210821951826160e-01
-2.249090716512331667e-01
-9.299062344929621693e-01
6.770358002477405712e-01
1.580351084874280776e-01
8.939001621858742030e-01
-4.715760221246486639e-01
9.802239944500193425e-02
5.075111266613691052e-01
5.863005365152935688e-01
-8.171896912121356937e-02
2.438795470712593061e-01
5.491721483407430160e-01
2.059711628137212425e-01
-2.266198059090458461e+00
-9.195527151383363629e-01
2.483067798001363513e-01
-2.728487893213034643e-01
8.105330061851282464e-01
-3.477831147681625934e-02
-4.956499218223537825e-03
-6.858332301388395669e-01
1.419249050585890126e-01
1.185157666366443152e-01
-9.833776266821600553e-02
2.136920717905728129e-01
9.686270127760546744e-01
4.763639049164463124e-01
-2.332189457130063315e-01
-1.993397752842157145e+00
1.554933148620558647e+00
-4.453230743613917353e-01
4.146433840359433631e-01
4.594782029914905586e-01
4.130913220313816026e-01
-5.283765473106267763e-01
-9.501612012805002450e-02
1.535512797958020759e+00
-2.431311505773685600e-01
-1.776703391783912012e-01
-4.601019653902946871e-01
3.632314520845528194e-01
-8.336946260114744822e-01
-8.336287515934514003e-01
4.504578483011985046e-01
-4.627803375747008285e-01
-1.136298281470692784e+00
1.169780248746714157e+00
6.250143489947638242e-01
1.128767426358683990e+00
1.168112859935650505e+00
5.758384099621499663e-02
3.986863481152629340e-01
1.911089962585236224e-01
-1.651357590740651471e+00
9.411716820113896764e-02
-1.538826101643823163e+00
-1.524884723210788440e-01
4.414494769958635656e-01
2.658755127365538540e-01
2.582471459561966887e-01
-6.663926762889531563e-01
-1.762462559444143873e+00
1.848782087152918696e-01
-1.053303529200995570e+00
2.322984876263874954e-01
-2.199256528150014267e-01
-2.263647131177194405e-01
5.475467351226952495e-01
1.874980924539346450e-01
7.134898405657133513e-02
-9.120217453980292710e-01
9.543916312023830173e-01
9.742454731181596772e-01
4.117225857603038497e-01
-6.842699900188116136e-01
7.951157573052224370e-01
4.664787041213120933e-01
2.908303737858964344e-01
-7.480996166068891728e-01
