1.505574839307347590e-01
4.608144464987338762e-01
-5.194060970348821638e-01
1.017339179551978390e+00
-4.285481777870259745e-01
3.524384517862325095e-01
5.281465871651280786e-02
-1.125702348788396812e+00
7.249167536854866922e-01
-4.038747475724677738e-01
-3.095566357764723553e-01
1.210650784976762484e+00
-2.481059672250429116e-01
-2.131765933574130689e-01
-5.721999396469588106e-01
2.048028535852495363e-02
-1.455742025763294423e-01
-5.260668399001006135e-01
4.470357844874456310e-01
-8.546477291465253145e-01
-9.335156056223209431e-01
2.716595926553620755e-02
-4.020605788002876158e-01
3.263636383326383172e-01
-4.468048611807058645e-02
-6.035960666475780334e-01
1.442042925789031260e+00
7.441196229425928177e-01
-3.868168830142586501e-01
-2.849955998970293281e-01
2.381194884515640264e-01
-5.481938447988499163e-01
1.818357112917731999e-01
-5.935977400938315940e-01
-1.949353092449391256e-01
-3.766687705226847149e-01
-7.521883495383809848e-01
-2.179339284573995061e-01
-4.804225088726405968e-01
2.484654389754999415e-01
-2.149875291824281387e-01
-1.308953985818684385e-01
-9.037702914964000911e-01
8.195925747481667134e-01
-2.954568529840095326e-01
-1.783789280101038821e-01
-8.372083235512285393e-01
-1.022973682189405320e-01
7.080455896530878368e-01
8.268430285112033928e-01
-1.526823602028007487e+00
1.331617077250070169e-01
8.821049429573898371e-01
-2.021234614671058027e-02
-7.327061606652324199e-02
-7.176545638369330460e-02
-1.690156440619401956e-01
-2.682028422749328511e-01
-9.745644611851602690e-01
-2.967099645493984639e-01
-5.256617136990547889e-01
1.368855918565624330e-01
-1.318625448486348217e+00
9.719427083957804525e-02
2.202488154624075434e-01
-8.687365153858965794e-01
-1.018844498751585170e-01
-1.475240521955146489e-01
8.382386840199745892e-01
3.716647289680090616e-01
-9.732482082594462458e-02
2.597011595221535574e-01
1.202198884928514122e+00
-1.090851797165804937e+00
5.330018628154178373e-01
-5.641853020661113938e-02
2.528399573224319186e-01
-5.917973836945785715e-01
-3.180980503806760118e-03
-9.877847572569192769e-02
-2.784438073464638452e-01
-2.300068796793164061e-01
-5.099006770923054654e-01
-4.237209653963160960e-01
2.305280008141162851e-01
6.524537782783150774e-01
-9.974597076536788620e-01
-4.685614557184176326e-02
-1.954416243605569536e-02
-2.679712844681541029e-01
8.223002338012894707e-01
-6.456442180292656374e-01
-6.910121791072829089e-02
-1.777474459561273756e-01
3.871169170742652099e-01
3.550994032770533049e-01
7.994752998394993870e-02
-7.523504574687990276e-01
-1.401809256635536127e-03
-1.096278188109858664e+00
-7.065791483196095513e-01
-9.764538118734993333e-01
1.853716852313340935e+00
6.071751476021992888e-02
-1.061088156445416431e+00
-2.477359265066148564e-01
-1.912389748735742745e-01
6.276714264472921245e-01
-1.758653791051665860e-01
5.402653957374103921e-03
-1.880683976178254280e-01
-5.900314117119755120e-02
3.626599814000095456e-01
-1.613475870034447590e-01
1.541024948505260284e+00
6.449496437009601957e-01
5.524655180332649351e-01
1.381226110188124023e+00
-8.187547425538178603e-01
-6.460323051329017741e-01
-9.269376783560341337e-01
-8.774142461044655006e-01
3.762526462423695928e-02
-4.726398199818511170e-01
1.787392099894265785e-01
2.512258224616173430e-01
1.871439700967085507e-01
-5.913717031446896755e-01
-7.885551329326909165e-02
1.048724352127765824e+00
1.509539105339614995e+00
4.540448869507561769e-01
7.744667954368695817e-01
2.345928891384642112e-01
1.072155078170379028e+00
-6.331253098190003925e-01
7.585598629265835058e-01
1.150681627397072138e+00
-6.029885943011659144e-01
-1.341635469751984167e-01
-2.307360248812673764e-01
9.113221023324654668e-01
6.692190273720092231e-01
4.543350962358976841e-01
2.270114753571539634e-01
4.154284521997870239e-01
3.391143756936272902e-01
-7.656530008808447585e-01
7.613008873781124813e-03
-6.717720412511065664e-01
3.750354798520288968e-01
6.868562005800704640e-02
3.194844498062637816e-01
-4.473542782448403643e-01
-3.443926467166710248e-01
7.248981632320421198e-02
-4.788302524854348152e-01
-6.295426381730386822e-01
-1.497186890237625967e+00
-1.519137894466374983e-01
-3.097154719687747471e-01
2.401985981021671768e-01
-9.575986515350343176e-02
9.454840959871885220e-01
-4.411793580253569047e-01
7.310335794369369200e-01
-2.057897868781929374e-01
4.243233021724501230e-01
-1.324237160620282960e+00
-5.093375609735859566e-01
-9.506921113753200592e-01
-6.638557832303023654e-01
-8.717108772442596631e-01
-5.376152063523795821e-01
3.806081243163800809e-01
4.236825120600333228e-01
4.211898090397771521e-01
-2.726474315196775189e-02
3.918763922510288822e-01
-7.061169851829963984e-02
1.402061303137265069e+00
1.104956444501625112e+00
1.164049911822224947e+00
8.045208764658735856e-02
1.916046140534698530e-02
9.864942110657110019e-02
-2.241134985405332625e+00
-5.853242721368111523e-01
-7.483916725047518037e-01
8.429428680156580977e-01
-1.516846994910508450e-01
-9.153354622299955667e-02
3.569857750362060989e-01
-1.830814353074601275e+00
-2.076962337674544135e-01
-6.595191230603251187e-01
-9.041961332889616454e-01
-7.035728057388046519e-02
1.110501870774183164e+00
-1.901995923693821922e-01
-3.457276478533476416e-01
8.860118891792276297e-02
1.217828708041357733e-01
9.191336544356311089e-01
-1.519812574812897443e+00
1.238372308038397235e-01
1.073532160134454738e+00
-6.679337085544264641e-01
5.334116986527827342e-02
-6.928409796565291323e-01
2.201252485413043580e-01
-1.258461418530806286e-01
1.426164209745217404e+00
8.139803852780738147e-01
-2.734788324938732251e-01
-6.443299420314999582e-01
1.055669490830708046e+00
1.130226113068412003e-01
8.260148446791497623e-01
6.442942939327831464e-01
-1.959958273835933906e-01
4.758463546853843873e-01
-1.781872134009493125e-01
-7.476962674037207490e-01
-4.477990843848458358e-01
-2.635123954564786430e-01
-3.955120481805426413e-01
7.101797275253012021e-02
8.252535525290788376e-01
5.749592550168208804e-01
-1.833698907550514123e+00
-4.962732679845222039e-01
8.526349751683713896e-01
3.028078602545461462e-01
-4.059886795313733532e-01
3.956086632253044688e-01
3.251947549065872800e-01
4.580286222120409367e-01
8.216111706467540410e-01
-2.392475109034610248e-01
1.508493454803573608e-01
-1.067536926338289893e+00
-8.547210661544246690e-01
-7.173014799019803434e-01
5.971685143844476240e-01
4.723973961607693117e-01
-8.341704039341073518e-01
1.699888730692560745e+00
8.321130935666916084e-01
-6.036662690384796415e-01
4.908452461735114958e-01
9.216473229257332589e-01
-7.797313486089357815e-02
6.782408195998860245e-01
-1.020568553909185106e+00
-7.709216649952214118e-01
-9.108193026998792630e-02
-3.151942758563255897e-01
1.371404583380269715e+00
-5.293989446024157663e-01
-1.466730625729921522e+00
-7.091475879419743000e-01
-6.050043571042919011e-01
-7.383071703517247730e-01
-1.201033526599162959e+00
