-2.522848313051474500e-01
3.747912414041353057e-02
-4.737617581197721695e-01
-9.625338789090083225e-01
-1.924866102286999225e-01
1.167114002866298295e+00
-1.511617457859926739e-01
-1.890292241561527808e-01
5.503346748539404004e-02
5.395780203909302797e-01
-5.362760818517692263e-01
-2.142119360999253375e-01
-1.073151502163689264e+00
-9.859587260364066630e-02
8.237965767539243700e-01
-1.930257693457949064e-01
3.209642774743001192e-01
-3.210571714421696365e-02
-5.678421023095492348e-01
-1.352883952509781329e+00
-3.533490692279090961e-01
-1.087157913597827652e-02
9.054683830997134475e-02
1.263656764428796597e+00
1.239344896727910261e-01
-1.629840657078597266e-01
2.608197689346333226e-01
-6.660380584129077519e-01
7.443641674602150538e-01
-5.063352630709234692e-01
1.705266032040583912e+00
-7.727024811730083265e-01
-9.383282340075174144e-01
1.387378381597133836e-01
-1.137968600547964781e+00
-1.372929215415198412e+00
1.201132762292227651e+00
5.258145487171547172e-01
1.368432294751546152e+00
4.754049317668572749e-01
-8.612107068830283652e-01
-4.389918391876924675e-01
1.220779272967319473e+00
-5.189682519825777884e-01
-1.403075890558376448e+00
-5.858603712846117695e-01
1.169463133747478123e+00
3.236757382254016324e-01
1.428850910066745250e+00
3.117383358464699272e-01
-7.810348734867847975e-01
-2.768083713525170686e-01
-6.901067169038272997e-01
5.897707339352925571e-01
-2.272132099176364051e+00
4.077225659204747332e-01
1.135737716731624491e+00
6.229323963231855332e-01
-5.017606249783591599e-01
1.091739483079743112e+00
3.476522149700335129e-01
2.959899097595511952e-01
1.448406790456502780e+00
7.008623599109553570e-01
-2.085185361194900611e-01
-1.178474073348375173e+00
7.366028996583280364e-01
6.159650980915150065e-01
-2.966367094735586907e-01
4.706043810914086745e-01
2.736397420245602619e-01
8.325606151223889917e-01
-5.990696408555417074e-01
1.149688585807212782e+00
1.429275529191271765e+00
1.077248343756819882e+00
-8.823368806162741329e-01
-1.623098352555364665e-01
-3.939036004889143183e-01
-6.691686373707248503e-01
-1.659579514552509127e-01
1.263902260925933607e+00
3.835499893255659432e-01
-8.990447560401135241e-02
-9.903522308649850281e-01
5.330912720141331995e-01
1.013110866659437725e+00
-5.620847834357411976e-01
-4.940788193258033312e-01
-6.800847457599533408e-03
-1.240653255442417391e-01
-8.370711527997468648e-01
-1.689131053397266102e+00
-1.852401408172989372e+00
1.454058681484793336e+00
1.877794788810767668e-01
8.427749885429421939e-01
-3.254952681079481547e-02
1.615391814680898208e-01
1.074312465316815013e+00
-1.708797719776059765e+00
-6.665048316127177852e-01
-4.702707950727303410e-01
-2.674886130007833596e-01
-3.834575170431522850e-01
-2.974054180403095660e-01
-3.036599212907698520e-01
-4.933467307762062770e-03
3.100623531392047161e-01
4.249106665848370601e-01
4.247397281151139015e-01
-8.514343175694168986e-01
-5.081561313578191186e-01
-2.903190589412603106e-01
-2.339786645434725060e-02
-9.860330319747890870e-01
2.386729140167682672e-01
1.400014277532427021e-01
-3.065019936629603814e-01
-8.546351333887058921e-01
4.849763316294674054e-01
6.319021029285988578e-02
8.322896647337254539e-01
2.880675754815663625e-01
-7.934660986097337165e-01
1.152533299483640139e+00
4.160014632379054333e-01
3.889689530441314269e-01
-2.480127862721182574e-01
-1.420009970493584239e+00
9.388991817629892545e-01
1.062183466686721783e-01
8.591897831884749426e-01
-5.719399121371566974e-02
7.883049157147574704e-01
-1.038692743075420921e+00
8.285623447807172193e-01
6.399928449975285094e-01
-1.124209349062876617e+00
9.523509476552223241e-01
-1.147810909352711350e+00
1.433338811685750613e+00
1.411197631366874150e+00
8.746527175816301014e-01
1.118003649531770227e+00
-1.207327825557245327e-01
9.504811574360303439e-01
-5.218546361876061912e-01
-2.296803040225662840e-01
8.212608740478065661e-01
2.856241034871218609e-01
5.330916408105565996e-01
7.625825468735827339e-01
-2.573130413948211681e-02
5.659033731639824261e-01
-1.243020839365669428e+00
-4.624102378992404061e-01
9.194939668764678942e-01
1.224393489602461527e+00
-5.814325723189631701e-01
-2.021746404222789506e-01
-9.020094249172851963e-01
6.648440813037870267e-01
7.698904906765350331e-01
1.580162886209081963e+00
-9.387149806868849700e-01
5.597110661898525574e-01
-4.060009231306994648e-01
-1.543330874761876137e+00
-1.024238865554255584e+00
9.191924646022374690e-01
1.768784299149869232e-01
1.244324997255913112e-01
-2.244429007638076567e-01
3.821388247154382523e-01
-4.161187619650684455e-02
5.420039082800215402e-01
-1.062435512987626840e+00
-8.703417579859465958e-01
-1.623464891810937338e+00
2.540091857270866393e-01
9.949766827873094410e-01
-1.041669062129268575e+00
4.240812938084052575e-01
6.663138144835870635e-01
1.360452441644435240e+00
1.885143304418431254e-01
-2.852271668218156475e-01
8.668669445444756594e-01
1.193910185190617756e+00
-6.335245239612391499e-01
1.830189069508787236e+00
-2.343889717241833814e-01
-2.739510935275051295e-01
-1.079894464358694961e+00
1.126078694694766957e+00
-1.733265340594391635e+00
-6.818617728143445689e-01
-1.083304420660082590e+00
7.365198685462084338e-01
6.988450784248607661e-01
-1.758690473568413626e-01
1.485731662963736710e+00
-1.479102196125653412e-02
-2.013750315233321930e-01
8.710251489938252156e-01
1.176277797616182896e+00
2.099482468900010002e+00
-4.966208308574351915e-02
-1.406493884007218531e+00
-1.921824580129144755e-01
-1.425938439555181070e+00
1.599632468137982821e-01
5.077295498210869784e-01
-9.980395939815834838e-01
-1.801448989092627739e+00
-1.652663202251333230e-01
6.430389122882189668e-01
-2.334645520746162217e-01
7.267721102061031058e-01
4.441184547587555542e-01
8.406557615846650400e-01
-1.210123835640598777e+00
6.204152795564051859e-01
8.609774445324711589e-01
4.921279387772463654e-01
1.157421652796972456e-01
1.708098044732049070e+00
1.679422067981954703e+00
1.410925763101518182e-01
-1.972724687182037417e+00
1.087834406198115333e+00
-1.546876083439724603e+00
-6.668812916593866436e-02
-2.346556654783134299e-01
-1.425587070039031623e-01
-3.286101983105823021e-01
4.708800443910621247e-01
-1.215185253302247137e+00
-5.720796280786187848e-01
2.786086115537800834e-01
7.074846068478787831e-02
-3.134385463111858949e-01
-5.973530062851478695e-03
-4.506745898898943392e-01
3.223576239602922722e-01
-1.243106530183295755e+00
1.920914502078731489e+00
-1.524076766240853309e-01
-2.679617428074397845e-01
-2.973133818375449100e-01
-9.333069710033830013e-01
-6.800922244908771397e-01
8.172249490330989463e-01
1.884171821658120471e+00
6.044280353650480775e-01
1.794988080375372608e+00
-4.602169274578227220e-01
2.448820324075177690e-01
-1.341998546714473051e+00
-6.394827880771055684e-01
-8.201069435119403561e-01
2.036182764692192060e-01
-4.828463820183090949e-01
-2.212843805480768644e-02
