-1.306642278196447071e+00
-6.533758823179967035e-01
-3.248005917009582633e-01
-1.317806208341997909e+00
-9.153084808245411930e-01
4.888358570441961870e-01
1.413333071774229177e+00
-4.517876079196307959e-01
-5.070988290081439587e-01
1.140780371080753586e+00
1.693733754613731879e+00
1.237544578765505499e+00
-1.053243765710663693e+00
-1.252166126668283974e+00
-2.437431917102268475e+00
2.190378921091981734e+00
2.217261960410841670e+00
1.454898869391245908e+00
-1.269126105315927289e+00
-8.762627647854643459e-03
-2.716006690091167464e+00
-6.882819124495378471e-01
4.416786971997919697e-01
1.172089460972440156e+00
-5.462551495701630788e-01
1.047821978882686800e+00
-1.993910313723475936e+00
-9.691884681725118078e-01
8.563032223355646622e-01
-1.975635214899243985e+00
-7.333917057935473993e-02
5.945739157201550551e-01
-1.824448523348492501e-01
1.232352893643821723e+00
1.178697730505004204e-01
1.633569558095893992e+00
-2.406908184417860808e-02
4.280147773170717151e-01
8.021173295381506252e-02
-1.772392846254924992e+00
-2.466913679976086460e+00
7.179529795643774248e-01
-1.227534762975650118e+00
-1.362841414513555449e+00
-3.497699887266180196e-01
-3.002538965348547362e-01
1.661349697972735795e+00
1.290938596517335002e+00
8.438639268813655780e-01
1.255331295526346480e+00
1.548682154856063642e+00
-2.091293668028950226e+00
2.131104704782385006e+00
-1.203292598021452386e+00
-4.537762898689683966e-01
-1.285875833536602730e-01
1.146947384191807640e+00
-1.773412152610175374e+00
-2.332841815261871288e-02
-2.561878454705454278e+00
1.372574114945305512e-01
-1.327928905614872146e-01
-1.477722679191550759e+00
1.343606073719293192e+00
3.748566484648422348e-01
8.199530223952208319e-01
2.786919572647347798e-01
-1.483867094765753514e+00
-1.428235326003680861e+00
-8.846077275943553531e-01
2.242845032070078570e+00
-9.938737791120396681e-01
-1.835667817103569410e+00
1.112451484286958170e+00
1.948808687937701734e-01
1.349874718612707136e+00
1.261001456183758140e+00
-1.533320931821317679e+00
1.109285506080629924e+00
-2.781514959887904648e-01
2.267897222716393379e+00
2.570123675274218478e+00
-2.777193515450377959e-01
-3.201324181842924776e+00
2.408568884629696427e+00
3.694522502390078511e+00
1.635960144927642856e+00
4.493158938630151811e-01
-4.142739739021585321e-01
2.387245133469880987e+00
4.884698791442156351e-01
-2.003007878148292675e-01
1.070040920302222309e+00
9.432741733223144465e-01
-1.518883064179066711e+00
-8.864827109211642631e-01
-8.096992753536706999e-01
-2.119107504679555110e+00
-5.427769930615796712e-01
-1.251431802678535377e+00
4.819425929998149560e-01
-2.856131542496515019e-01
2.663424972865095164e+00
2.178775159996460875e+00
8.621239444295869525e-01
9.430143535935978649e-01
1.383194383335203170e+00
-2.105902871514536034e+00
1.158098116568951674e+00
8.571836028559228771e-01
3.429259249671713139e+00
-1.410421429825026607e+00
1.870601713088762830e-01
-1.934093288907880348e+00
2.255726545679336503e+00
1.432816016397052694e+00
3.040593070535366316e+00
2.313093353984711609e+00
-3.790560590449753020e-01
-1.957358062430895052e+00
9.880801048835174960e-01
2.056728614964752566e+00
-3.035884504020346930e-01
-1.998003325386999096e+00
-6.096141486314944624e-02
-8.766004942863148131e-01
-1.794300414372395291e+00
2.370723968991244934e+00
-1.272943690834128061e+00
2.270180474273526983e+00
8.507524129062833396e-01
1.282790692460979542e+00
1.021332064888914593e+00
8.361126330002243146e-01
-1.809955231513667773e+00
8.971338741131351657e-01
-9.187752265314550471e-01
-3.027396087165139971e+00
6.737507605060540916e-01
-2.621360907285747444e-01
-5.327081048525652562e-01
-1.484125635269948063e-01
-7.254796826684878353e-01
-2.598333136202329641e+00
1.105614883489061118e+00
7.100294529267048294e-01
-9.930457047530084624e-01
3.624347992973238064e-01
1.324983642640388481e+00
1.996584138134555264e+00
2.567000480880617941e-01
-2.223568859017385435e+00
-8.086984357123413458e-01
-1.074166104095269691e+00
9.364305944232322876e-01
8.849441945952176702e-01
1.284855891432715946e+00
9.556661022944661077e-02
-1.142915705232744328e+00
2.129611730983096973e-01
3.467619990256400886e-01
-9.294894614323294668e-01
4.222277541191067907e-01
1.074296473647791128e+00
-2.879982712670612344e+00
2.079087119149965468e-01
2.009324462029478564e+00
1.766238659421855095e+00
-3.133822734131694876e-01
4.448318926024695252e-01
6.146063381045275831e-01
-1.921036257216293328e-02
9.431600495575569454e-01
-1.504903740971240911e+00
2.645874073900542633e-01
-1.950827848386638363e+00
-9.078383117482016207e-01
-1.565957008021327534e-01
-3.502536218148509517e-02
-5.716159551207645739e-01
1.130805694400534911e+00
-6.242867485030804131e-01
4.154566502397961658e-01
3.520274176550226564e+00
-2.808398789411890917e+00
-1.275421905363622654e+00
-3.621930017528857793e+00
-6.183359545444639532e-02
1.283987052096950299e+00
2.096131111745367370e+00
-4.157391510125836853e-01
-3.531413277511556981e-01
8.916772041682552441e-01
2.063163062619695065e+00
-2.217627378426808793e+00
1.731647711674860757e+00
2.418694587055298939e+00
-3.537311576020554793e-01
-1.188417195446314967e+00
1.015676451590776130e+00
2.370820374133828068e+00
5.028546851010560204e-01
1.735330930297125152e+00
-7.226014355332568417e-01
-3.756286960217940507e-01
-1.352317339604591773e+00
1.760825285950753605e+00
1.716531924961724576e+00
-1.399772190872014876e+00
-1.013830331412925334e+00
-4.988879279902699859e-02
-6.961407096199133671e-01
2.179987177510580132e+00
-2.322740893659051564e-01
3.113936442757756495e+00
-2.083273427490890395e+00
-1.340162074134355175e+00
2.702133121895698764e+00
-1.617781813828153004e+00
-1.427722301037503971e+00
2.988760318700750193e-02
7.613242316403671106e-01
9.405674845652873817e-01
2.234788975041297920e+00
4.020520220625363184e-01
-7.148555640710640979e-01
1.124532242330455567e+00
-1.047262152237895316e+00
5.403789459546353147e-01
-1.687132814825532401e-01
-6.912424179858918383e-02
1.009049754355347162e+00
2.008917049697570789e+00
1.448809833241669454e+00
-2.462299749651264413e-01
-1.388578985278677180e+00
2.497365937422983684e-01
2.735221529546048469e+00
1.067719354045500779e+00
6.067636794030271119e-01
-1.019689226925315495e+00
4.095548435842962243e-01
2.115294587172897867e+00
2.739589892258995629e-01
-1.708236872667215467e+00
-9.929851765245792938e-01
-1.712976702449099609e+00
-1.439255340027082886e+00
1.578803023488209556e+00
8.703093228919589475e-02
2.456845450946854026e+00
1.629068855628710732e+00
1.252633530203022483e+00
-1.658534987763553570e-01
2.772037822527673168e+00
-3.383771906378194583e-01
-1.421517361803261492e+00
-1.273078481471375811e-01
2.300295574218217620e+00
-7.424326412934736941e-02
-1.178176734098093759e+00
1.444603800590963383e+00
-1.124363047773526914e+00
1.290249623918181321e+00
1.191998495349857023e+00
