-4.197518968552278462e-01
1.933059174075823838e+00
-1.167059354552228534e+00
-1.440447208523450096e+00
-3.830916366547140739e-01
-2.677278151987528276e-01
-8.072490868441630774e-01
-1.675139499331888548e-01
-5.730628717679380202e-01
2.632301590300226923e+00
-1.525156037103534978e-01
1.057601474426081323e+00
-2.435395670860692530e+00
1.018028196916478390e-01
3.718767253638282644e-01
-1.189362672870099003e+00
4.661492533109373171e-01
-1.186350523328389306e+00
1.842316804459149526e-01
-3.316625588682250991e-01
2.051665542060940428e+00
1.881410901182796636e+00
4.652772414639763099e-01
1.005877060332303286e+00
-5.063274357966762729e-01
-3.086236510313421499e-01
1.732428988677425563e+00
6.284160537855712492e-02
1.384852823193180260e+00
2.473931974780288812e+00
-3.546682234585541438e-01
-2.231705311485915999e+00
-5.988389470617210275e-01
-2.154507678289620198e+00
-1.896142775719184437e+00
-8.527570436524188890e-01
5.301248746502618125e-01
-1.922224861068267066e+00
1.164917301917972603e+00
1.947637011693438280e+00
1.665859525889758608e+00
3.627221756217208215e-01
2.778841162536581866e+00
-1.803792530689990681e+00
-9.144194626478461263e-01
-1.039008098509403899e+00
5.117084966000399193e-01
1.104929532173368534e+00
-8.879492427816404465e-02
-4.714078399807756226e-01
6.616235456584753649e-01
4.540869905921637306e-01
1.359543538152757636e+00
-1.303244135902843714e+00
9.577625854435125596e-01
1.393000399783054233e+00
-1.370146962153733661e+00
1.199195059000975894e-01
1.721496458680048247e-01
-1.695710180431179159e+00
7.963396923891722379e-01
-1.032352762711673755e+00
-1.248684771932023096e+00
5.444570010429647944e-01
-7.713969545631962910e-02
-1.421332943368206037e+00
9.580373537074611257e-01
-1.276094429420404852e+00
5.215742103603262514e-01
-4.350028218250108214e-01
4.973869163270558946e-01
-1.594737009184427512e+00
-1.243983638052083895e+00
1.524969090012719741e+00
1.238388138018977846e+00
1.359752245327616071e+00
-1.043755736053099126e+00
-1.422412611418314654e+00
9.519814157500255947e-01
-1.397300186386011500e+00
2.371296566095565161e+00
4.646409891510245860e-01
2.146541838523711998e-01
4.936606997607058123e-01
-1.667074218138925534e+00
-9.572547504472163071e-01
-9.635340276867623288e-01
7.393750485058618871e-01
-8.160327425771158882e-01
5.908928948960308070e-01
-5.120249216260172043e-01
1.741672201723880598e-01
-1.119015691390488731e+00
-2.663717143974009716e+00
-2.893340943652967720e-03
-2.564329733925041488e-01
1.240281393203757299e+00
2.954371972881239206e+00
-1.532767373389190557e-01
3.305877340348748472e-01
1.769033396670470770e+00
-1.343068156487683129e-01
-4.496396400775951041e-01
1.562370487725467605e+00
1.370047398018673812e+00
-3.405487216077160428e-01
-1.238362459640145241e+00
5.300752733820280893e-01
-1.810962716992141397e+00
-4.875741395937618350e-01
-2.004325887091712222e+00
1.284744206865616079e+00
1.379820267671822975e+00
-1.414692995685670196e-01
-1.486024335240898830e+00
6.355331291000057004e-01
1.217625255910871340e+00
-2.096435913687857144e-01
1.178039621290969841e+00
1.035199718864397544e+00
4.377691949485801315e-01
-5.468733969151601260e-01
5.904735677716476117e-01
1.042395900609013770e+00
-1.462094228013605668e-01
-2.327787134816661663e+00
2.113855597961286636e-01
-1.779376925343766569e+00
-1.065912498054810920e+00
-1.607065191271475069e-01
1.350735538711607786e+00
-8.211460168650340785e-01
-1.050050100742080161e+00
-1.582585240710458807e+00
-3.214777133145114152e-01
-4.172718490587875584e-01
-5.204319248801495545e-01
2.119699845473935529e+00
-1.693065738132008891e+00
7.425919371078959497e-02
6.946932560241443622e-02
-1.804231934677023474e+00
8.003265949047326799e-01
-1.840358602720409409e-01
1.197209535690024973e+00
2.992213896805779316e-01
8.913893462796385059e-01
-4.621098556968196713e-01
-1.411792457182685867e+00
-1.138170448499834286e+00
6.538307619452091712e-01
-1.867970350596989793e+00
-8.814367069618124217e-01
-2.656375239112280795e+00
-8.082662689191690841e-01
3.844276283724126775e-02
-9.621624628193197193e-01
-8.292134520230406425e-01
-2.728605053452591633e+00
-1.794605010680904611e+00
1.718063725519645812e+00
-1.457174800297053263e+00
-2.259761925441090558e-01
-5.125924413210825037e-02
3.079978648173551381e+00
-4.307712154842914809e-01
7.362665634237643975e-01
6.182004213864242814e-01
-7.705922907809188427e-01
2.441147179886762053e-01
-6.632149624779414276e-01
-1.682414804883827220e+00
2.806330265851520789e+00
-1.197935616027087535e+00
-1.938097564194198652e+00
-2.034101347006894933e+00
-1.111925831444957602e+00
-2.385553962593060628e+00
1.873040166279384688e-01
-8.542158992119612826e-01
-8.413730384048424549e-01
-6.625403241557901168e-01
6.550303408904911695e-01
-6.540061365662529491e-01
1.429712527404064792e-01
-1.543142393358660991e+00
-6.699090297882891454e-01
-5.010422792948581172e-01
1.841700710521072093e+00
-1.157659502089930514e+00
-4.125537160537480208e-01
-2.284424400668308319e+00
-5.222100800130290432e-01
-1.205780557861360514e+00
-2.086754710914373590e+00
-1.908554619236592531e+00
5.762762595794806986e-01
-1.058033793402360923e+00
7.766113244539573079e-01
-1.755465088433717513e+00
-2.670611109007060779e+00
3.148455089865169199e-01
-1.444327768984007276e+00
1.964971759850425492e+00
1.378759683882762710e+00
-7.782529114704811457e-01
1.108236338825912881e+00
-1.349417288738126608e+00
1.516245395645771321e+00
7.153429129272719234e-01
2.762886107376834488e+00
-9.104775673146819903e-01
-8.952969409746282248e-02
-2.539417622590373069e-01
9.775754865177147535e-01
-2.248409322994952220e+00
-1.998914183120763965e+00
1.617637794808514107e+00
-1.065311767097730788e-01
-1.183501555474837819e+00
7.823749347740824867e-01
5.457387177052055449e-01
1.471635894802207689e+00
-7.429033994867280111e-01
1.964595064679918401e+00
-8.531746488213282076e-01
1.227704379362430709e+00
5.220589174918260911e-01
2.868231203710188693e-01
-9.107925346687653079e-01
-7.849101914096346944e-01
2.088814853574276764e+00
-1.136690957685742021e+00
1.893327971046175062e-01
-5.644028241893679354e-01
-1.285054483091546462e+00
8.664538686127010170e-01
-6.132283299813783700e-03
6.689497038901625059e-01
2.396052235389530161e+00
7.767258415350866141e-01
1.870787927150228569e+00
-1.721471405930186938e-01
4.284095917508587426e-01
-9.737429152152556888e-01
-1.686583110395161622e+00
2.858288863879181019e+00
1.562874543502686953e+00
2.684223787881943046e-01
1.319403670927316252e+00
-1.268944642964800751e-01
4.172787813279874719e-02
-7.495177104561472070e-02
-2.662169610302996259e-01
-2.029017039111457699e+00
-3.323040583841045392e-01
1.769387874867486499e+00
-2.759759620828016846e+00
8.298491190643648985e-02
1.212202150016568725e+00
-4.219530261166344332e-01
-2.226320291632584603e+00
-1.447949943631594329e-02
1.286117110956235932e+00
-4.686734713914770811e-01
