-1.015075422461400700e+00
3.821629999092727298e-02
-3.792382256428806775e-01
9.672484849068901935e-01
-1.534276463588184924e+00
2.653445471808687506e-01
4.333994663631126482e-02
1.063102930066039509e+00
-7.665789534918392434e-01
-9.861739715557336083e-01
-3.426518324877178223e+00
1.115839270442919029e-01
1.445767898839404042e+00
-1.506527438078788528e+00
-7.888576808106982918e-01
7.724514927755425919e-01
-2.235439114304438313e+00
1.840015713139717901e+00
-2.662416765929945583e+00
9.931114792792856694e-01
-8.804605678596703067e-01
4.566162883001901873e-01
-6.272089383661266782e-01
7.342974778814179704e-01
1.026956050535639209e+00
1.333642802839010155e+00
-2.461246056946945426e+00
-2.058014880671930502e+00
-1.573920831886130411e+00
2.535770622813038333e+00
-1.395442361926382713e+00
1.303914606691821021e+00
3.682604201850751546e-01
2.194905278119591685e+00
8.853056401486490978e-01
8.523394424827026583e-01
-4.824218027836967848e-01
7.645175448395047368e-01
2.304523802241412067e+00
8.449110021047034902e-01
3.292368389543099544e-02
-4.521343562548086337e-01
1.825457659745096106e-01
6.561026850273530275e-01
-1.820973991648725310e+00
-1.658084198000679521e+00
4.867642594678562862e-01
4.502502517781480085e-02
4.804780370885511354e-01
-1.813204981009443495e+00
-6.368776051084723555e-01
-7.895526822333909234e-01
-1.933984205540810186e-01
4.075721916190488958e-01
-4.250826538827472134e-02
6.602157985123530137e-02
5.514226848192785857e-01
4.507621787556457815e-01
2.214987967777989564e+00
1.859145785472696488e+00
1.940006396619303741e+00
1.135648775251439480e+00
3.009403923745681997e+00
1.905514729945904095e+00
3.126400858512822789e-01
-2.451337685211968931e-01
2.676856031482257037e-01
5.195707494793082581e-01
6.961096991652251376e-01
1.269715105176919101e+00
2.540291848243513062e+00
9.159648471343317944e-01
-1.734554738503930382e+00
2.124655841059470252e+00
-9.663088837075622939e-01
1.011054271652542802e+00
2.130154285265389191e+00
-5.607399734099715038e-01
1.758549171109784481e+00
-2.895841855055874547e-01
1.193643576347390267e+00
-3.249826253923615571e-03
2.488710852322670863e+00
-4.486387237865731015e-01
-7.739335261546412270e-02
-1.107065460046025906e+00
-3.195636233359996581e+00
1.371910544364944862e-01
-6.848677196275011481e-01
2.215237352167076512e+00
1.057090605197046562e+00
6.098434359249643721e-01
8.016930691296003664e-01
-1.573169825466843808e+00
2.034736451747891639e-01
-5.920678768184912677e-01
1.890065745859595747e+00
-2.581558065250227685e+00
1.102041954738666396e+00
-1.216707686229169472e+00
1.307524572399858975e+00
1.699835354013454092e+00
2.997284434803352826e-01
2.299527015178127520e+00
-1.317596665970473424e+00
-6.435536266434258579e-01
1.146424788714564547e-01
4.977491603818391397e-01
1.310674035809679339e+00
-2.632760402991727866e-01
1.800790435011557777e-01
-1.126902403068802405e+00
2.597294817178194215e+00
1.302627011201001217e+00
2.368001661332163277e+00
-2.288006530058101617e+00
4.573498575842371849e-01
1.913992115013128104e-01
-5.296678838625519248e-01
-1.082134270302831824e+00
-7.868280256353915592e-01
1.112171192534410435e+00
3.882880814364083055e-01
7.829903372987051524e-01
-7.035183770822481808e-01
1.486182308115424622e+00
-2.716278217774014347e+00
5.303602171666157439e-01
-4.366499215932847511e-01
1.468892415458876499e+00
2.334275929570652774e-01
1.153623181116209429e+00
1.543419502031265322e+00
-2.164083359310727595e+00
-3.275986533965916436e+00
1.667753967285535488e+00
1.914900697642656135e+00
2.784401458727189027e+00
-1.348475646571520192e+00
-2.423024215286558647e+00
1.609910671475707655e+00
1.571443846143550704e+00
-1.538571225017602462e+00
2.076865199504011716e+00
-1.229055444828142996e+00
-8.128175097869623222e-01
5.019143117659805586e-01
1.870950078980374576e-01
1.280646266310091486e-01
-2.353239264721941559e+00
1.221229867395623447e+00
-9.919919737371567514e-01
-5.330025575782628700e-01
-5.051050579447511346e-01
-6.131806980002566521e-01
6.326971960792973082e-01
1.351425030191893972e+00
-1.093155764312315620e-01
5.695922638909372004e-01
7.966926845640459609e-01
-2.897315538397739476e-01
8.158856994145455843e-01
-1.918532939445944108e-01
-1.123419093113776912e-01
-1.051332478045709173e+00
1.316262852091937829e-01
1.157312628679419531e+00
5.025900095162940673e-01
6.540750517784751361e-01
4.901548895476533496e-01
-2.726591034093391208e+00
6.695653742539697806e-01
2.440981812484957381e+00
3.033533896532721874e-01
9.032299030733609291e-01
1.655138218972693087e+00
-6.228596289268768793e-02
-1.594605124282121311e+00
1.956575464897331917e+00
2.084605038226038154e+00
-9.078891742288143218e-01
-8.163969144839536840e-01
-2.389914579020303798e+00
2.657608848173257599e+00
-5.790654202898489755e-01
-3.274051087841094887e+00
-1.026769476546376403e+00
-5.883331044574021673e-01
-1.457406244565041531e-01
-1.284862255223887306e+00
1.829474123401385821e+00
-1.064322653449578937e-01
-3.066814696373700300e-01
-1.355625369390387247e+00
-6.346043916842879495e-01
2.824716360296452677e+00
-7.962051035762104378e-01
-7.170953440672874768e-01
5.169016943285751342e-01
1.634707647351856030e+00
-3.556174512538053945e-01
-6.490543318426645891e-01
-7.860734484975296921e-01
1.678054434331508915e+00
8.314746895504641078e-01
-2.251336252383350889e+00
-5.854430846505057628e-01
-1.507603368917546982e+00
1.843936101948568385e-01
5.232664991354653017e-01
1.745398639303958055e-01
-8.294926901679604558e-01
1.961867762765810985e+00
7.120796258240972287e-01
-3.294476338313541142e+00
-7.436723852938864621e-01
-2.851381992524555820e+00
1.554150877009979226e+00
-1.203507818582475686e+00
5.148690815349414862e-01
6.145832518309198855e-01
1.130034837456032504e+00
2.135656956488801717e-01
1.814961556787791030e+00
-5.848169014674763772e-02
-2.870831409152960201e-01
-3.196772307764358945e-01
2.988040505764017474e-01
-3.753581194633758833e-01
1.642308488639997455e+00
6.980346451372101413e-01
6.030592378083359240e-01
7.015797252150529455e-03
3.474939134365595095e+00
-7.057892902223650289e-01
1.934632520287234758e+00
2.345905574704641450e-01
3.216488455087450626e-01
1.425320534244305382e+00
1.073905734342024854e+00
4.068883115432071484e-01
-5.298201604179440111e-02
1.181163988298815859e+00
-3.938132776395331658e-01
3.697921181326060402e-01
9.690755349561447352e-02
7.334238351552906376e-01
5.649262316401728601e-01
1.609146100982462579e+00
-8.636749381160964134e-01
-2.509653460648078038e+00
-7.826995063294432953e-01
-1.062004985300283533e+00
2.159100157067403547e+00
-6.751494425403934407e-01
-2.832227910341831745e+00
9.363277271225091403e-02
7.427884515265154031e-01
1.022319496111581683e-01
1.580205957452625265e+00
-2.750299611630302454e-01
-7.104555241660790443e-01
-1.021684437108625554e+00
1.055271152054202966e-01
1.187802939091165300e+00
