5.046682474903636528e-01
3.015557913851643956e+00
-7.595519820915480613e-01
1.097586917692830344e+00
-1.212566491749535347e+00
3.575267891697209155e+00
1.905292779934773639e+00
1.568922460110978856e-01
-5.512736166625709089e+00
6.578733803751659615e-01
-6.318016321171764371e-01
-1.403454775988811631e+00
-1.573231497885364982e+00
-1.417812296836115371e-01
-2.144548014340510012e+00
2.112868634975873516e-01
3.165592546809979257e+00
-8.222383022714847139e-03
1.828258436931902153e+00
1.981713113862539233e+00
2.574236159028635562e+00
-6.263275096692386690e+00
3.389310498804559924e+00
2.228919798325997181e+00
2.684214055774356122e+00
-2.633918783017600074e+00
-2.271043103853808365e+00
5.525708980566768069e-01
-2.836123208749913971e+00
1.153644209150619382e+00
-3.101887703913319694e+00
-2.771314238031741817e-01
3.566494158403705761e+00
2.965525352151736627e+00
-3.182159583124956725e+00
7.155398574467389805e-01
9.859288585733482213e-01
1.423757878181571623e+00
3.345116670598588193e+00
4.867494771758071437e+00
-1.818611824313689063e+00
-2.535486614770355196e+00
-2.802179296155644206e+00
5.767807881320448082e-01
3.002079613091613197e+00
2.861307433038949632e+00
4.171486403595049630e+00
-2.125242724608555900e+00
3.448111867553631527e+00
-1.762288066332386105e+00
-1.142476362066388695e+00
-3.243649396453037959e+00
1.172084523435644954e+00
-1.032454392458875603e+00
-9.405729449709940848e-01
-1.286100664377717306e+00
-4.254438318667581598e-01
2.015283131696798069e+00
7.037179725447593182e-01
2.828016917257231810e+00
6.884760175982529873e+00
1.633510243133384776e+00
-8.570226075291413892e-01
8.657726942728749542e-01
-2.839446242124285202e+00
-2.878982352296134639e+00
1.373694837806006763e+00
-1.385546510357540839e+00
4.754837418219688416e+00
3.734163770734690413e+00
-7.135046730202793119e-01
-5.308852815115149282e-01
-2.340234250540369043e+00
2.885796928758288526e+00
-3.884726549360759229e+00
-3.789119424652411361e+00
-2.497153665617932283e+00
-8.961171869650471633e-01
8.682644840499013084e-01
-2.851256574970409297e+00
3.536954593951611603e+00
5.408078879926014437e+00
-6.911992765189512999e-01
5.161131139550725777e+00
-2.854126175664627230e+00
1.766145333902528591e+00
4.961978670722382301e-01
-6.388638733910918521e-01
-3.176559958229411063e+00
1.118194513612615681e+00
-1.090754813204778628e+00
-1.651370838634944160e+00
-1.744196773871100392e+00
1.518454609168887540e-02
-3.522288640015401207e+00
3.251266240566825227e-01
-6.704036022675379236e+00
1.721044867403788703e-01
-7.665350020263120845e-01
-3.469214751698735721e+00
-3.558571960399163014e+00
-4.386099063734569370e+00
-3.955119990571026811e+00
2.877252192367664385e+00
3.217712858849006707e-01
3.764743290969379430e+00
5.858278577691242717e+00
-2.091874686134694183e+00
-6.262999264181550174e-01
-1.905997138986972095e+00
4.826205271142514630e-01
7.775255412208295080e-01
3.062330444024945031e+00
-2.714155100253431652e+00
4.603748988541338072e+00
4.121062586581034637e+00
1.940533017018150286e+00
-1.274976420360337981e+00
2.535991980450321037e+00
-4.110260408392055753e-01
-2.456225371355371667e+00
-4.283806984381852700e+00
2.117662874718048371e+00
2.312607556115192919e-01
2.735873333587452993e-01
3.981940868801455480e+00
4.232535130117973665e+00
-1.790826871611603144e+00
2.152501684934068127e+00
-5.105583601181180597e+00
-7.936915917085534122e-01
1.772550112391167443e-01
5.004762889838636930e+00
3.286162789387356398e+00
-1.156347360149744041e+00
2.309458865835998687e+00
-9.450412969449542011e-01
6.236609017351734119e-01
4.130222229601803186e+00
-2.245352710979030331e+00
2.798874592726595001e+00
6.877445976286067353e-01
-1.592630680148533484e+00
-8.429842091353905165e-01
1.472296768298928971e+00
9.187120089362600384e-01
4.603170010383267119e+00
-3.120738585352378802e+00
1.291769750035466791e+00
2.352823760909076856e-01
-3.278364593884940170e+00
3.077771081827893607e+00
-6.406696614172060489e-01
2.180274036840573471e-01
-5.147558678904265328e+00
-1.690475061410986024e+00
4.227074000155438327e+00
-4.484303040634964432e+00
2.626858420931246219e+00
-2.056822419746066277e+00
-1.420051527571290162e+00
-4.952260787477084314e+00
5.943321898832134575e-01
7.447043792424169473e-01
3.240370969373850940e+00
8.454913359001905437e-01
4.595737513786060546e+00
-7.100281202709450568e-02
-2.880187730584275130e+00
2.085474245680665750e-01
2.615135611370448254e-01
-3.888370314960648777e+00
2.820111905497821425e+00
-1.171444959733877189e+00
3.627514938203001638e+00
1.114487739066218230e+00
3.397941176742629743e+00
2.436809167030924872e+00
-2.182119410709205454e+00
3.802035852329431087e+00
1.227748816859110415e+00
-6.563813674555762923e-01
3.131948644932569081e+00
-2.880153337199947483e+00
-4.601225353443751054e+00
5.377659449121528823e+00
-2.188161400799453482e-01
-9.968330405138987604e-01
7.853986196080309234e-01
-1.104753063306435301e+00
3.334598342990683140e+00
-4.467546591167814718e-01
-2.300608670179326243e+00
3.610969541258037818e+00
-3.796741353799327090e+00
-4.171906689606351470e+00
-3.212833104237670323e+00
-1.549212864807583578e+00
-2.716531037060493592e+00
-1.486486133487258998e+00
7.253292005417757426e-01
-3.854018477632572548e+00
-4.087789789745476243e-01
-1.969242098358690019e+00
2.056637152582398154e-01
9.146643179046294314e-01
-1.100197932303110582e+00
1.498059941015284835e+00
1.855908990057411945e+00
1.152741969136556133e+00
-1.444927789028709331e-01
-2.869154084389455850e+00
-1.062185844684462865e-01
6.083920239623284987e-01
2.521589103548850019e+00
-1.552647560426005269e+00
-1.606901260584080005e+00
-5.115577963903024994e+00
4.136222164005675106e-01
1.096415795489780409e+00
1.540631124656052231e-01
5.311370058138076278e-01
5.854106575191317940e-01
-9.629573585674610081e-01
3.224298736383016006e+00
-1.497195062729057335e+00
2.391818916292851593e+00
2.331180887272655156e+00
-7.748806241161403097e-02
-3.770711250305133877e+00
-3.113198097942494691e+00
-3.821104089465614084e+00
4.466534023130605213e+00
-3.455617648286721938e-02
1.289582135459060031e-01
-2.685629896044437803e+00
5.235351337267806215e+00
-2.434999092717498481e+00
4.601847022255919128e+00
9.509580855473814820e-01
3.413783508568372094e-01
3.793914175568473990e+00
3.885552663661673289e+00
1.392135185663208485e+00
2.144403533205645918e+00
-1.268713865290060028e+00
-4.294150079758420058e-02
-8.069391330083249825e-01
-5.048003636709318398e-01
-1.744612481250655156e+00
3.892345672876779350e+00
1.967353166492598504e+00
-8.765963586214191652e-03
7.897676008331643294e-01
1.417002978470814689e+00
-2.237404242540539823e+00
5.784239953820644597e-01
2.938450666056553029e+00
-1.430707459202783083e+00
-1.033149533944665160e-01
4.749649448875694624e+00
1.196197878751215526e+00
2.352912336321165032e+00
-1.398899813198871966e-01
-1.481891110986351123e-01
