1.400760030518156674e+00
1.088137737362395052e+00
1.440917324936476396e+00
1.115095557674809612e+00
-9.098164772481706075e-01
5.336009085433183197e-01
8.869347003655657646e-01
7.264754816483183220e-01
7.552318063823684202e-01
1.060596617816987886e+00
4.080979244404439599e-01
9.051789563236176672e-01
1.106082884366165864e+00
2.544217850722108598e-01
2.802620783416648886e-01
-3.591759470932733289e-01
-1.131744876055671201e+00
5.494722822805591517e-02
-8.856264090248326948e-01
1.199753015956118052e+00
9.301910908875788975e-01
-1.813035320881444534e-01
6.400449230816133983e-02
3.212235293809106440e-01
2.489044997586247754e-01
4.637177275592920256e-01
1.159892692871398179e+00
-4.227014233913619634e-01
-2.472605089720482721e-02
2.540380948185277377e-01
3.305016946475218265e-01
-1.708747601291135954e-01
1.363045197124783947e-01
5.732772066700663194e-01
9.160131768749322223e-01
-3.463725517122479003e-01
1.634031255681132888e-01
-6.570787032818564688e-01
6.559634029245645648e-01
-4.814232794085360756e-01
-7.232181725953799878e-02
-2.636569105943520341e-01
5.245528830126872100e-01
9.453618935602237094e-01
3.204682056860667094e-01
-3.155400675960223777e-01
4.244476698286759886e-01
9.858495451136939369e-01
-8.167119227197564557e-01
-1.422105616704681663e-01
2.103922096661824948e-01
5.381759654514726154e-01
-4.238812665605653507e-01
1.224071063411174887e+00
4.258590045964364967e-01
-9.957477658486207917e-01
-2.524973460871900444e-01
1.761826597469390021e-01
9.794195770557309055e-01
7.579928363934488322e-01
-1.256286280546315082e+00
-1.081876142928047013e+00
-1.460902885847290833e-01
2.658089598942439680e-01
1.338053157416814409e+00
1.037336766126464305e+00
2.068633261481334529e+00
-9.894917944985880398e-01
3.244608638036044490e-01
-9.205982934503365023e-01
1.278654502085851519e+00
5.170433393518715226e-01
8.114406136143164083e-01
4.108878866308057765e-01
-6.723880921337125338e-01
-5.959376390087229858e-01
-3.246863833032064273e-01
-2.090325109485933641e+00
1.443031101600215305e+00
3.159514919545791667e-01
2.640372615418574154e-01
-8.017953144546444699e-01
-5.461498760697014454e-01
-8.034937613239141740e-02
1.379827755389903543e-01
2.930199227859406896e-01
-6.466852797486767335e-01
1.078164471030485183e+00
-8.719435469292877716e-01
2.589467060766166839e-01
-3.564894162147389522e-01
5.345356107993136652e-01
-1.129814458610410716e-01
-3.039641271024772981e-03
2.587629448523895426e-01
9.559714263518225286e-01
1.100520729697698652e+00
-5.218951147749091302e-01
6.897661493424227519e-01
6.195852468094324023e-02
6.745165975720592844e-01
-4.848272263985454744e-01
-6.715138759800570734e-01
2.464919815729234853e-01
-1.009921998693077638e+00
1.245131246415306925e-01
3.618738453160835929e-03
1.966438359978264494e-01
-4.782397136960656742e-02
3.291424955224351856e-01
1.383016919614906554e-02
-3.614733378587020041e-01
-5.433059307894587686e-01
2.543962255530167749e-01
-1.572871719749662223e+00
5.195233996043354674e-01
-5.642622785060229518e-01
6.546567607037172554e-01
-1.931114050992953635e-01
3.414934821326972014e-01
-6.425244840444657157e-01
-1.094496685060280194e+00
-8.055065625621548042e-01
2.150430640773139113e-01
6.924258114570680522e-01
-2.268058343437367730e-01
-2.384640780134904825e-01
-1.526559990962107038e+00
4.856068820182436463e-01
-2.287043408099093955e-01
7.571680201085848050e-02
-1.723512371561871509e-02
-4.964658224468642134e-01
-6.635641680076853621e-01
1.137631546215389644e+00
-9.207249835944353311e-01
-3.040918076797701208e-01
4.072210783305200144e-01
2.366598944255232928e-01
7.327815431194589779e-01
-9.219733006785936213e-01
-8.630394399419254459e-01
4.328147703652246436e-01
1.343690472867634877e+00
-1.754436142729278725e-01
-1.057344536235169219e+00
1.520535680964750336e+00
8.674140240188208395e-01
9.574398715368716006e-01
1.000523121820997563e+00
2.927591372848040718e-01
2.528470754156205702e-01
-8.667701406087152671e-01
4.660455380291980143e-01
5.251527133335676112e-01
1.390528474510092760e+00
-1.114015658425269839e+00
8.123441536667536100e-01
6.062181599636545792e-02
7.412939149447212994e-01
1.234537806921263969e-01
-1.936623475837865038e-01
-2.237535546471364212e-01
5.998002320311449642e-01
-1.242564660350034822e-01
-7.565973741507876493e-01
4.885644783682617232e-01
-6.815894132289250507e-02
7.519714714043539416e-01
2.753824344406474722e-02
1.347224166020049241e+00
6.193646709585091115e-01
4.793409874835965478e-01
6.527276468859198877e-01
1.911345588893388125e+00
-5.093750071382284750e-01
9.862326663444885844e-01
4.414133607835774020e-01
-7.282684219891242261e-01
1.439803054830764539e+00
8.150819964688731378e-01
5.324341092625254346e-01
-7.906214492973369090e-01
1.924696303695733191e-01
-1.538444695092632819e-01
-1.491033336724497227e+00
-2.361789189071279715e-01
1.293009653948666848e+00
1.226851911862650024e-01
-3.232630226566218234e-01
-5.089640708024597560e-01
-7.141907443317464521e-01
5.191688089937283035e-01
9.439777386997995068e-01
8.075295478309159058e-01
9.779530135734768592e-01
7.705583811180980458e-01
1.268334528596542388e+00
-6.341704768612744722e-03
1.593255530035606327e-01
-5.009814978915204664e-01
1.683280581592225822e+00
9.298601981403167294e-01
1.136771183170474098e+00
9.416537623442416960e-02
-7.061969682081090660e-01
-1.035649330753282582e+00
-1.247525650613943160e-01
5.098492989207839381e-03
-7.646931012836413188e-01
1.110555077802078738e+00
-2.546679722053451500e-01
1.527741326329038474e+00
-5.883789219657875602e-01
1.218862811192983758e-01
-1.560865406596505522e-01
1.357436500616545416e+00
1.690327462817795334e+00
-1.100230581521074891e+00
9.706033149757416212e-02
2.449335398014471366e-01
6.551174519053585277e-01
7.707088788215885611e-01
7.222016996491131824e-01
-1.936425256630602831e+00
-4.297740425790786967e-01
8.250245803912191755e-01
-1.843068171372041000e-02
1.427200973408522700e+00
8.536918412221674579e-01
-9.130434862770229199e-01
-1.096089671146856404e+00
3.182276797087428832e-01
3.328759912973602852e-01
4.630249887518115837e-01
-3.523166960592353236e-01
3.461403057581386999e-01
-8.459172120138538364e-01
1.624781686320303509e+00
8.115082617295316450e-03
6.225198103232295471e-02
8.784194875364473853e-01
-7.880607858171061464e-01
5.045336739335710696e-01
-3.548900313434884546e-01
-1.034301590930629899e+00
-2.636364754082331507e-01
-7.463667754123946008e-01
6.565101229148130324e-01
9.212853055110716838e-01
-6.701672143537660276e-01
-1.465879734536696288e+00
7.815355211073133912e-01
1.151513451815672884e+00
-7.477922183333747252e-01
7.628931345938064768e-01
9.017391254375403120e-01
1.385338794467608770e+00
1.435119429036856575e-01
-8.153893429166857165e-02
8.820079160982262634e-01
-9.520851419474960498e-01
7.055483276799959236e-02
4.552715756927045443e-01
-3.818613372390844973e-01
