-1.066246871031978571e+00
1.140263339503436724e-01
-9.029755866772634088e-01
1.166292314606595770e+00
-1.522070475139833734e+00
4.462141424677126822e-02
-4.885065747000522096e-01
6.833884392818168063e-01
-3.631241843272539072e-01
-1.072344098900878340e+00
-3.103044862890689259e+00
2.250899869760782657e-01
1.677784438337223127e+00
-1.378385874955325496e+00
-5.164016822933193973e-01
7.705464028876808369e-01
-2.302282597634559114e+00
1.664876106101443876e+00
-2.293675505753425714e+00
1.092540311786868390e+00
-7.794534270886614991e-01
3.805790541076875533e-01
-6.079849509412348363e-01
7.394475649718372789e-01
8.641784385576495309e-01
2.028714888445406483e+00
-2.365496514282265927e+00
-2.010200974795930851e+00
-1.105245088307138968e+00
2.446916105733357938e+00
-1.186852332724915637e+00
1.209981936207298103e+00
4.263872806618868583e-01
1.961042643921061979e+00
9.338317867450065535e-01
5.686325346838844164e-01
-4.706172816909423018e-01
5.606039898693675472e-01
2.072665874336120151e+00
1.117594165663913230e+00
-2.043491194992269055e-01
-2.559178476971057936e-01
-1.812810132314982559e-01
5.512149907038975671e-01
-1.455083565049621441e+00
-1.510777411216493560e+00
6.201420496125092940e-01
8.837694938145845835e-02
5.487401038883333859e-01
-1.469227186054303136e+00
-8.395175555226908060e-01
-1.128728008820574447e+00
3.935325487503207875e-03
1.646585627400984631e-01
2.905082844034057032e-01
-2.597111664231340766e-01
2.243327456940376052e-01
5.138633843949825808e-01
2.022451032893314959e+00
1.977246693970368341e+00
1.940329586412246954e+00
8.851010390038132059e-01
3.135556684114246373e+00
1.546257278635697618e+00
4.869425001869363001e-01
-2.945160957416607106e-01
-1.452253423743454265e-02
4.283603857002776794e-01
5.939472541839874165e-01
1.220233879966191592e+00
2.698218309710776364e+00
1.649596915749498516e+00
-1.825423640380898327e+00
1.930531912011117956e+00
-1.312016978896077601e+00
1.189535651540996275e+00
2.111506889142656274e+00
-6.376483821623953885e-01
1.614322523127130316e+00
-1.208415885446941507e-01
1.717191379199977996e+00
9.708458120615270914e-03
2.534850107530040475e+00
-6.452734626134286611e-01
2.649514814738787027e-01
-1.146660883780361129e+00
-2.834432321098938612e+00
1.152047164707195454e-01
-9.357084394279129302e-01
1.672659374468045801e+00
7.842346520362120099e-01
6.460714965743150628e-01
6.912547529250763212e-01
-9.976154576288425169e-01
2.591042488627802731e-01
4.231033559565250401e-03
2.193218970013394831e+00
-2.055065030687516003e+00
1.234838761918972683e+00
-1.015977527513044709e+00
1.176214199678410566e+00
1.758363187985803266e+00
-1.468442735711976699e-01
2.445624273984934760e+00
-1.734675853836905590e+00
3.145199726326662892e-01
3.237564446307115706e-01
5.720180119824804787e-01
1.307973849625734486e+00
-3.642397788459095787e-01
2.744058296782677098e-01
-1.073232751858335998e+00
2.533828276585353922e+00
1.614399734700445954e+00
2.306101668988423725e+00
-2.332213117166905381e+00
2.996076055981587993e-01
2.461727625406406883e-01
-6.548670455056999629e-01
-1.303656709193162566e+00
-8.763016673282374436e-01
1.447530502382608830e+00
9.231252932263984690e-01
6.345884792500813276e-01
-1.255309886918361428e+00
1.687454346508564962e+00
-2.540449189374907935e+00
8.975132548250911446e-01
-6.079791943181158675e-01
8.681284933708200979e-01
1.200265011490127959e-01
1.236348574261560751e+00
1.221364218988246542e+00
-1.781961438600601522e+00
-3.029658835965585606e+00
1.927176398776160982e+00
2.186197886482362573e+00
2.929620893834429918e+00
-1.147293903982002039e+00
-2.373994649037273419e+00
1.816328037439871812e+00
2.053473652643218461e+00
-1.669894958404512852e+00
1.909560972788301170e+00
-9.091397731510031388e-01
-5.112352246726554750e-01
1.162312100532364001e+00
-4.097913802495134483e-03
2.423403108967602249e-01
-2.136055450862536897e+00
9.417703514983365443e-01
-7.706913061779678831e-01
-1.575865104267377692e-01
-5.391322522321143063e-02
-5.656492782755284665e-01
5.324272617581711220e-01
1.121371958406591540e+00
-2.095693701818007182e-01
8.218104385635440767e-01
1.074038529386656338e+00
-3.931378764288434580e-01
1.251317045315662124e+00
-4.114127612517189947e-01
2.362999817575864026e-01
-1.402535841154955998e+00
-1.339453956895266529e-01
9.210716692403172479e-01
3.229749998490865637e-01
1.497576559958010978e-01
2.593817473007087315e-01
-2.822413550211885891e+00
3.722158719154300410e-02
2.530427032899817519e+00
-2.418765528905806317e-01
8.851398570286082013e-01
1.923925862025092304e+00
-1.267586923213745442e-01
-1.464366886448805083e+00
2.025507118766371573e+00
2.079918298759980022e+00
-8.027498469355981436e-01
-1.068001925906425731e+00
-2.053342796913886215e+00
2.660868461393537387e+00
-7.095580499747894399e-02
-3.349417979432368853e+00
-7.563353357600000049e-01
-8.614841805136350117e-02
-5.053980649743093911e-01
-9.393263040010820797e-01
1.946531974783747287e+00
-2.292939139247900937e-01
-4.737496024673932271e-01
-1.489331041915188392e+00
-2.395357516279641441e-01
2.864978115514491996e+00
-2.023972594577285178e-01
-7.178307175235847382e-01
-1.879859618857001313e-01
9.297219392736483234e-01
-3.432602298211538949e-01
-8.379638454121766111e-01
-1.090515069255580727e+00
1.903211416405971912e+00
1.033323104770359935e+00
-2.085938884115504433e+00
-5.516783123108156550e-01
-1.860247328883245732e+00
-7.795348597992990403e-02
3.437012200775921289e-01
1.596060079338999516e-01
-6.815489030178858432e-01
1.935445684459242255e+00
6.408138082082132092e-01
-2.995896639095246172e+00
-6.807124465373745048e-01
-2.265701733244750660e+00
1.651244378047659112e+00
-9.350282107997833769e-01
6.381218431997628393e-01
5.664004295059280603e-01
6.026882127064026040e-01
3.870749276270718520e-01
1.988800671216924609e+00
-2.548620989291257022e-01
-3.187393109090109755e-01
-1.993896982015732899e-01
3.138734337280720266e-01
-7.467145579994514115e-01
1.249961578076051349e+00
9.256968608409017474e-01
6.934745268216910841e-01
-9.942883852033740366e-02
3.333591832896945828e+00
-6.222184688894034643e-01
2.084536611038335430e+00
2.275276240713721698e-01
7.715941105762414987e-01
1.220314513133747170e+00
9.659648608929326530e-01
3.740714382522488113e-01
1.418409886309928980e-01
1.206133676052484116e+00
-3.794146696214049652e-01
5.906988239185108069e-01
3.715784088157159104e-02
6.699383822843936187e-01
6.213680506936930525e-01
1.332463856114807665e+00
-6.906918226027946028e-01
-2.514451977819042394e+00
-8.388225473501333962e-01
-1.214741886211471167e+00
2.103340172543732844e+00
-5.098596264362760255e-01
-2.643899172686750010e+00
2.907580739253401436e-02
9.081052458509982772e-01
2.621591105573546909e-01
1.665068613024369704e+00
-3.339321750902488062e-01
-7.975905725260827861e-01
-8.593750437936049646e-01
-7.434994748432814937e-01
1.157292955526780798e+00
