-1.099658313785515595e+00
2.639631853261359060e-02
-3.796438735286270516e-01
9.944565868031863820e-01
-1.571511489330939204e+00
2.597638804756046693e-01
-1.233691186308456811e-01
1.047632454256954615e+00
-7.496086981227537693e-01
-9.848842569320278573e-01
-3.141397560075934070e+00
7.634547980158915004e-02
1.489495194288404045e+00
-1.525922520570922813e+00
-7.190769660425723186e-01
7.326076350705489348e-01
-2.241105075549628900e+00
1.829740211192899757e+00
-2.633777300436757951e+00
8.769410897460865328e-01
-9.378255512942372807e-01
7.533400231300524386e-01
-6.549375464183425644e-01
7.038333181411137174e-01
1.017829367595491030e+00
1.479445652483249107e+00
-2.451101871200183080e+00
-2.090764187649113204e+00
-1.546661333609264943e+00
2.528762595702752858e+00
-1.372583111786042753e+00
1.270489576626451900e+00
3.693470651172452990e-01
2.126515380167280700e+00
1.006096073607358088e+00
8.546136264590782350e-01
-4.747511359255272567e-01
7.111200676624582773e-01
2.314877130201945299e+00
8.621389568102660883e-01
4.352038186187190405e-02
-4.042810476041403533e-01
4.929491034364301416e-02
6.946949578820739157e-01
-1.703482309439849463e+00
-1.595448541162710843e+00
4.163149464306842296e-01
5.053222173128835149e-02
4.827958905226925057e-01
-1.777394039065645970e+00
-5.698781662504677215e-01
-7.564463802265334325e-01
-1.075410785349819875e-01
4.102704132078892618e-01
-4.911641578318498569e-03
-1.265681698373622432e-01
5.301018315370591427e-01
4.912388009912430076e-01
2.039904324860670748e+00
1.832462042767087018e+00
1.933020222403858845e+00
9.815103441451722421e-01
2.902212046163583636e+00
1.932132994019482908e+00
6.932549314430967724e-02
-2.785531081707974810e-01
2.349291352210257644e-01
5.084481107826616109e-01
6.890420830992149970e-01
1.311093727899529382e+00
2.514175245306481177e+00
9.401685918204748527e-01
-1.553445697125831471e+00
2.259073069036524828e+00
-9.550250408511140598e-01
1.010139061999274057e+00
2.164144494078231951e+00
-5.971931964799052084e-01
1.799358607610220151e+00
-3.089055175882652327e-01
1.220304968583847849e+00
5.880071648516131677e-02
2.503923281971399906e+00
-4.551875982471881854e-01
9.953239677403501184e-02
-1.125572527179570903e+00
-3.196277324749045690e+00
1.339435852842365271e-01
-6.434715204142043010e-01
1.873889788453146688e+00
1.152547454452435005e+00
5.756160621689914159e-01
8.089234802037633676e-01
-1.586198313042524788e+00
2.943792126612662652e-01
-5.401552888242241446e-01
2.000019594133619183e+00
-2.644911646163113250e+00
1.197841543110285567e+00
-1.209446820173873949e+00
1.310184719512529794e+00
1.756968645147878760e+00
2.368442957996737541e-01
2.296491645432725992e+00
-1.309989486010922022e+00
-3.691793840472085697e-01
1.602794311920317516e-01
3.846066624721061755e-01
1.304836477623416258e+00
-3.372142088301179896e-01
3.673004765449543463e-01
-1.184258392761680767e+00
2.624921900721667978e+00
1.361577358615971622e+00
2.344756447893722839e+00
-2.295552803701002009e+00
3.927472563390116966e-01
2.505240638413691601e-01
-5.510242725947677167e-01
-1.169432741382517404e+00
-7.581760320041197598e-01
1.140211485559047944e+00
6.868219058880296046e-01
7.631917413703693809e-01
-7.228256823244807450e-01
1.469498593243823370e+00
-2.678385438926920159e+00
5.476875263682656758e-01
-5.949080765312863006e-01
1.242846775205275422e+00
2.235869068167331830e-01
1.189659504261205925e+00
1.470268196423855311e+00
-2.111413884730412693e+00
-3.272344121401838724e+00
1.733032346328968742e+00
2.179453874104327671e+00
2.746760119259051613e+00
-1.290011143533747351e+00
-2.411606226002403819e+00
1.702576566058128682e+00
1.581017884298273390e+00
-1.472340670566131049e+00
2.055563312919301389e+00
-1.004874828233749184e+00
-8.398325760866084400e-01
4.626649457762596063e-01
1.623252564463261716e-01
1.524474249323596875e-01
-2.271233128111185717e+00
1.224438315628884499e+00
-9.916345724531645534e-01
-5.271388799466476538e-01
-5.189370847690336630e-01
-6.199269400331934854e-01
4.375472878605388138e-01
1.308622611467308960e+00
8.296403586939643526e-03
5.664629431409371474e-01
8.606221030623570911e-01
-3.376639295101947491e-01
8.247367790934763132e-01
-1.924606745266307095e-01
-6.458858497812143551e-03
-1.165602870757836529e+00
5.985024033747216032e-02
1.157741441491587864e+00
3.499613765490230954e-01
5.709294060470255783e-01
5.206633192012253275e-01
-2.702781696311428838e+00
6.437314572970225246e-01
2.457036596881820856e+00
2.944876218618995289e-01
7.988981376369983511e-01
1.645290236924127347e+00
-3.594357429349517297e-01
-1.266606824806695064e+00
1.982206802976277160e+00
2.085193670961577261e+00
-7.640070493295535448e-01
-8.070021582399053983e-01
-2.378536354289512378e+00
3.145002831132077681e+00
-5.587083188994217409e-01
-3.290337925679419406e+00
-9.692768642010614055e-01
-4.417925875120361501e-01
-1.544189517380573640e-01
-1.183441909060091390e+00
1.846133407652137626e+00
-1.751631094366943586e-01
-2.871706378353642841e-01
-1.218399161895595162e+00
-6.364578468673824929e-01
2.826562437031384878e+00
-3.967234318389206704e-02
-7.720392368600100808e-01
2.478623808063313005e-01
1.440089358206164682e+00
-4.299839450410667396e-01
-6.581861693182335937e-01
-8.034227213605065199e-01
1.594816975387688629e+00
6.216560105659511004e-01
-2.107313584063439382e+00
-5.728774329048629266e-01
-1.648746173378861757e+00
1.071700064310987521e-01
5.437758910803660584e-01
1.851825748689672479e-01
-8.185507650166368165e-01
1.970130301921330762e+00
7.304583101340988982e-01
-3.310592287864837502e+00
-7.073898427227567343e-01
-2.695958290126562851e+00
1.550156186330722274e+00
-1.226237130342151538e+00
5.169001324098958516e-01
5.917790097388291315e-01
1.137287769041540386e+00
3.072498172571860864e-01
1.813092493890785750e+00
5.346619598017984809e-02
-2.814799105579161020e-01
-3.276824695028727197e-01
4.830781957963660167e-01
-3.703991907388676230e-01
1.667956834133656807e+00
6.026785165113276443e-01
6.278543577335009562e-01
-1.304301451828086128e-03
3.476609222672752519e+00
-7.083043553108359092e-01
1.976993812957690944e+00
2.576875097739539378e-01
5.532411621065456142e-01
1.365667282558788553e+00
1.086208808255962222e+00
4.293701195656561831e-01
-2.824667391189424059e-02
1.133533466881042395e+00
-1.235250151943813740e-01
3.926226577503559301e-01
2.072706505888679551e-01
6.489530996400226792e-01
5.465812798479635637e-01
1.614770521971323314e+00
-8.577578267206912299e-01
-2.504892138105794253e+00
-7.823903250667125775e-01
-1.058843788817192211e+00
2.249906354683319787e+00
-6.699128735498585119e-01
-2.832561163968233320e+00
9.546331494688775621e-02
7.342011284251585002e-01
1.222609422141389124e-01
1.603351323988237764e+00
-3.306070463557820305e-01
-6.684513336425627061e-01
-9.158024487653221302e-01
3.445735481927691968e-02
1.188123244852013594e+00
