-6.331066157670656169e-01
-1.824009886595537644e+00
1.545536458835149674e+00
1.694277470378687256e-01
4.217154409427888440e-01
1.124478031820640433e-01
5.209114772006437910e-01
-1.055640086864206406e+00
-2.143686170909158417e-01
-2.878993404315198790e-01
-9.528871479245299980e-01
3.337884470369295586e-01
1.719845947631437055e-01
2.282116781811907469e+00
1.163901760240477978e+00
1.115112423771944750e+00
-9.139257865630086020e-01
7.801673612237657041e-02
1.580132061539466948e+00
-1.670363399194653375e+00
1.382760673731923129e-01
1.031219016802761734e+00
3.680807539138593043e-01
-1.220578461151643701e+00
-1.111061384187864293e-01
-1.870073384272540884e-01
-1.769666635875635663e+00
-5.366362842617542483e-01
-7.310575611878531443e-01
-7.725231252748653299e-01
7.792685537492896053e-01
-8.891437874513210549e-01
-9.251616841126519830e-01
1.171159234137355787e+00
1.273642762977737153e+00
4.138530053666201747e-01
2.480045488293780576e-01
-2.053996411045910353e+00
3.027041444497575728e-01
-6.538671795559117816e-01
4.454166705730642217e-01
2.568008221696985727e-01
-1.155217946916233251e-01
-2.394876520276162601e+00
-1.543893186431348541e+00
-8.370573989208442978e-01
-3.455587792328272678e-02
5.761836880895040425e-01
1.150841741784339956e+00
4.555050842628473040e-01
-1.765978029020794038e+00
-9.023202557419713887e-01
1.380571018488678248e-01
-3.401069900028790838e-01
-1.591292259770314410e-01
1.034337108618925027e+00
1.645233389668022905e+00
-5.303229148417500927e-01
-3.158103338947964023e-01
1.631332227719906269e+00
-9.369757758903369815e-01
-6.678094599511850138e-01
1.460832986280999224e+00
-9.029477778039789460e-01
-1.000879056513688914e+00
1.934429989585886855e-01
1.014751133120748827e+00
-1.023806564239901462e+00
-4.021864237781364038e-01
2.186208747115509499e-01
-2.028290370537998655e+00
-4.699995759192857614e-01
1.603327371101380017e+00
7.615856459880578910e-01
4.322674001694998824e-01
-4.556929180827898884e-01
5.800100844760373020e-01
-1.161000562278597714e+00
1.838433122798703856e+00
-1.168577270592705997e+00
-4.286062850181402428e-01
2.976884420618545191e-01
-1.068616836129064662e+00
1.236048026663948696e-01
-2.747789991133636756e-01
-2.811337561148966047e-01
3.468271655888217619e-01
8.379159470645753949e-01
-9.445882482953207870e-03
-7.133311724611507421e-01
-5.996723425223761117e-01
-1.258967749990259399e+00
-1.860782690779130499e+00
-9.683331594861191438e-02
-1.083980087298597628e+00
8.778419984204737236e-01
1.059185145983778886e+00
-6.001257989131861814e-01
-1.346977344949855881e+00
1.075760023810346411e+00
6.150504470346382924e-01
-1.567616133489708297e+00
1.699684838755881389e+00
8.110311109014529674e-01
1.012856923339957443e-01
-1.476122771428052816e-01
-4.040566321136315198e-01
-5.948954870259011152e-01
8.513050021942910606e-01
8.457046215663355238e-01
7.433563310802342450e-01
1.080017497685837879e+00
-1.184061397102774027e+00
-7.434516559535211400e-01
1.622335613424311873e+00
7.206071849637636362e-01
-8.482545400166774385e-01
6.741545377466056088e-01
1.389582364570750295e-01
1.179363976409174342e+00
6.024463235154930985e-01
5.040934076477112669e-01
-1.895329926720524361e+00
-3.355573320623806977e-01
2.829801897391115428e+00
1.339891143783705107e+00
7.941501531100388922e-01
-2.346095474923389101e+00
-4.808654740340161382e-01
5.505816005419336689e-02
-5.150538415608374443e-01
-7.526241393035333349e-01
4.310573094477698208e-01
1.004008369338555418e-01
-4.286417405066624831e-01
-1.166805125944567978e+00
-9.118752826752771767e-01
-8.931849758225849367e-01
-2.351701794045798266e+00
-2.009168738427544731e+00
7.540043040020201204e-01
7.756176436328550139e-01
3.932166274610218171e-01
8.460507448651078954e-01
3.214037813998357196e-01
1.237050197410839214e+00
6.608757981106965218e-01
-4.437849636100327233e-02
1.151065539581711317e+00
-8.185309289705391400e-01
1.083032278323265540e+00
-2.150832884576536763e-02
-1.261302216821754030e+00
5.583605292936326681e-01
3.039458721536191232e-01
-1.308055059143240495e+00
-1.425503293274649419e+00
-8.024462982086740803e-01
9.042316883535839178e-01
1.313946972704491234e+00
-1.446068359989252983e+00
-2.901615892945250685e-01
-3.977755266397188794e-01
-2.043969608786183612e-01
2.195664445906569950e-01
8.614349601938631196e-01
-6.521659796242963436e-01
-1.108014387797936262e+00
2.423027302803361926e-01
-1.218698663824279854e-01
-5.761034381641654267e-01
-1.662869762698890863e+00
-7.914441240887298834e-01
-1.431693399746885476e+00
1.470773086629554971e+00
8.690375166918380412e-01
-2.157814620773838288e-01
2.080289482549713131e-02
1.087240074134556256e+00
6.125221274374862412e-01
6.827578556765800943e-01
-4.984264292655675721e-01
-2.430103505011438070e-01
5.023693629420218354e-01
-2.035557215107551832e-01
-2.454484998917946248e-01
-2.293876922862953194e+00
1.664601263146105459e-01
2.217425575420282902e-01
5.467645722234382166e-02
9.221596876839039947e-01
1.809047561827288764e+00
2.178187372367046959e-01
7.010671312655557541e-01
-1.218078530235682466e+00
1.048235725637669313e+00
1.347357138155044876e+00
-2.899609114348470906e-01
1.155109409158544986e+00
-3.912536483249074992e-01
1.863933659631062278e+00
9.731366991615120199e-01
-1.263897709638080791e+00
3.938202666256037099e-01
1.468527757331562489e+00
4.275933925371833144e-01
6.628919415481188127e-03
1.566162212572061563e+00
1.050969668053019168e+00
1.748887822111817147e+00
-6.507938429213050435e-01
-1.573757465519531440e+00
1.290297992850287345e+00
5.586935851766974270e-01
1.045965307543772482e+00
1.177527823193110335e+00
-1.744216942238892010e-01
-1.245664696061758114e+00
-8.579233638301411169e-01
-8.949538799033294190e-01
-2.702955041354616394e+00
-7.154325193257134174e-02
6.582657197612803435e-01
1.161041243008976265e+00
1.143086106884842801e+00
-6.113515369484011641e-01
-1.292041216256090586e+00
-5.108329406450433652e-01
5.542930813062674211e-01
-1.761600076370176016e+00
5.267392611638395117e-01
-1.726416424800405913e+00
2.605468568621228109e-01
4.658867233180168099e-02
2.156091081069340554e+00
-1.304718775330314884e+00
1.518191193256419602e+00
9.282684652888102406e-01
-6.913323320476878475e-01
2.897193556358768074e-01
-9.873246089051229690e-02
1.184699598808326870e+00
-3.001259949701984286e-01
-1.128395394130413121e-01
-2.928537942160413521e-01
3.003697040063048607e-01
-2.167559129560255649e+00
9.502564486089366547e-01
-3.126584280367116220e-01
-1.167155416725638162e+00
5.363662846907593096e-01
-2.527194929226555864e+00
5.525503355480899659e-01
1.518890385332249293e+00
1.402064578448460441e+00
-2.225067348527831057e-01
1.343949848625942689e+00
1.017261793029889949e+00
2.214913483386467874e+00
-8.262933905051794703e-02
-1.291107942846081436e+00
-1.125761190571538117e+00
1.781943735927481898e+00
2.578137601723996308e+00
1.130025142308276775e+00
