-3.392788046619946152e-01
-2.206633158460900024e-01
1.596545905386696773e-01
2.636887256519291345e-01
2.201248000896461332e-01
-7.478101257425797677e-01
1.618797417759261892e+00
7.441904242333954311e-01
-6.217597156818788218e-01
-1.087565388526767762e+00
6.712505907637639213e-01
1.381184897109023701e+00
9.914396784425174580e-01
-1.042465363700695757e+00
1.141479595777002837e-01
-1.963724639359420321e+00
-5.273266108671170738e-01
-2.053186108616883221e+00
-2.223474787154474941e-01
3.854648245428762277e-01
2.908800076977449134e-01
5.833833278447403403e-01
-1.107156700281644479e+00
-4.776426869013576937e-01
5.033709391741822414e-02
-1.038259019843416064e+00
9.258664379628385177e-01
1.068931124161226487e+00
-7.578451262658916221e-01
2.213898261952917057e+00
-8.181685325864077596e-01
-1.369219456711304073e+00
7.231491274565011729e-01
-8.412812793345190165e-01
4.574532607790942063e-01
7.609913418186434741e-01
-2.873569203553170137e-01
-1.108439010414167258e+00
1.649137478120815958e-01
-1.270033984514888026e+00
6.552003956247491878e-01
-2.859428833009240375e-03
1.251507915004628768e-01
7.201543519510987812e-01
6.006924368249447754e-01
1.563817617720588471e+00
4.468271524584196408e-01
-7.923846303588196749e-01
5.422021121204245730e-01
5.501940166401619869e-01
-3.352440081817452677e-01
-1.365126599011068809e+00
3.607811758679021485e-01
-2.228769103029009102e+00
-2.132457284225670324e-01
-8.395829941079790970e-01
2.566428055945523257e-01
-6.778750314435850674e-03
4.653165655333741935e-01
1.763365457094071553e-01
-1.865580128258428783e+00
-2.223949102571649017e-01
-1.553537709392203370e+00
-1.331777952836529222e+00
5.640766249384546738e-01
-4.977662610475198646e-01
1.138146341358925895e+00
-5.786622479868654967e-01
-1.247457918331183579e+00
-4.721210734101026207e-01
9.490760392868539119e-01
3.779003706698539911e-01
-1.295019024704397337e+00
1.453704868621518154e-01
4.994191226414287366e-01
4.456522661803239416e-01
-1.900244141152507282e-01
-9.742311467734009467e-01
7.360389623408053472e-02
-2.563568302333201210e-01
2.731830163752492144e-02
-9.977488803523133498e-01
3.238323928270254483e-03
9.716419906634159165e-02
1.742436433885042879e-01
-1.019534741847552883e+00
1.015697067551365684e+00
1.124976787142291101e+00
1.043608755485583961e+00
1.367708742731709171e-01
1.789860953587479875e-02
-4.820841977426851832e-01
2.739856896035425815e-01
8.498149198728220943e-01
-1.251562116228237986e+00
-8.359975834076310841e-02
-1.144679256677838541e-01
2.752782745586634244e-02
1.083739039641848922e+00
-8.379233586510989040e-01
1.349823689878125177e-01
6.662719822691836047e-01
6.358631085249865089e-01
1.240989161568401666e+00
1.955935901565850621e-01
-8.183991546205108270e-01
-1.413460632466165823e+00
1.402760621413596587e+00
-9.619601088538504152e-01
-1.207997750881158128e+00
-1.583208604632334593e-01
-6.590289997209880513e-01
-1.607836235253414792e+00
4.473396769990092836e-01
2.635979260523209633e-01
-1.576966848031151058e-01
-2.419079497092533337e-01
-1.423896468960403450e+00
1.001232511434334560e+00
-1.338576769610913653e+00
-2.580948559575134138e-01
4.319864507369231554e-01
-1.084032871808509269e+00
-4.406328568326025041e-01
-5.259933002083935216e-01
4.399791137347460607e-02
-1.192790328367067332e+00
1.157121573189119207e-01
4.357015569007753886e-01
-6.419732179207333633e-01
-1.000066893313353023e-01
-7.429572427907682464e-01
6.622396025783029438e-01
9.911748674110341106e-01
-5.880746946746800985e-01
-6.894277237248107593e-01
9.935852568185633560e-01
6.364135681353121354e-01
-8.163612257698773522e-01
-6.178661657218436076e-01
6.408786162447432933e-01
5.939091229066491007e-01
-1.835251308663113368e-02
-4.251741409199835675e-01
6.957321917254826182e-01
-7.404507509089874873e-01
-4.080655579096584273e-01
8.216600202304013001e-01
-4.985931488836609082e-01
-8.254159227562125611e-01
7.589101305436607436e-04
-6.503610111908574298e-01
-4.700595362257671828e-01
6.676006398051418378e-01
-2.474340691487218746e-02
-1.662003262467644848e+00
-1.321344216671738847e+00
1.922888046719758715e-01
-1.677746634541695592e+00
1.939675174993032991e-01
3.540163898904276074e-01
-1.410453240855806811e+00
4.378878512147334479e-01
3.460935297850496473e-01
1.179349780222455957e+00
-4.837020255966297255e-01
-2.337321328864236658e-01
-3.667812705317476940e-01
-7.626157735644996383e-02
1.177082634995613830e+00
-6.735211409893393508e-01
-8.460632374623163754e-01
-1.371958803507149494e+00
-8.754816232375062235e-02
5.914784192496546078e-01
1.272547007294877242e+00
2.061109652901788880e-01
9.782301531710358988e-01
-8.485726447700189246e-01
-5.857111905285092845e-01
1.019882462012498825e-02
7.232644949943780599e-01
-3.153962822229391394e-01
-1.781254475980911023e+00
-1.305416060976118953e+00
-4.104012255047053137e-01
-1.536292982174067623e+00
-2.016135970249352538e-02
-9.369576439116189537e-01
2.460828532165255655e-01
9.219993265400535654e-01
1.013400366572067224e+00
-3.441521332787924603e-01
-5.532059277648746498e-01
1.268748767042083614e+00
-8.813782223525168380e-01
1.243353375465799715e+00
8.894502586038114389e-01
1.163807537242227852e+00
-1.415886477529239018e+00
-8.672243727401725000e-01
1.500104066366914068e+00
-2.578687561746926260e-01
-1.461543514744936545e-01
1.010905195353365427e+00
3.043423918507930925e-01
7.639815905449004463e-01
8.888271701174163542e-03
4.170954350766324370e-01
-8.059908573834673184e-01
-3.449823087661528787e-01
3.099108103698887673e-01
-3.934501689528152601e-01
-4.200666137915654019e-01
-5.173219914517294127e-01
-1.930955944625599940e+00
-9.553690579612582334e-02
1.654093278683212764e+00
1.243499620250303028e+00
-9.937044792394499337e-01
-9.209025776798472895e-01
1.172666524835942914e+00
-4.913542553953920144e-01
1.281802839148402373e-01
5.521586906670541417e-01
-2.513651686116398221e-01
-5.838286663704866930e-01
1.176171443015092244e+00
1.239954972645296166e-01
-2.793711342189749147e-01
2.851709404275943327e-01
4.582837015991568508e-02
9.211553002276990920e-01
7.720465845033923635e-01
5.235827027639953224e-01
1.198235641837806842e+00
-8.684493743565754875e-02
1.481905119513835078e+00
1.181654033489950295e-01
-2.055614260947384586e-02
-7.575627442960202185e-01
1.743195509249945985e-01
8.871561599778349239e-01
1.218097804843346399e+00
2.794776512906251287e-01
-8.477770487013535083e-01
-1.096313970359560130e+00
5.361003894599107866e-01
-5.150453024340349850e-02
-4.321867620903322993e-01
-1.173693313917095082e+00
-1.699684869456776992e+00
9.410368069606328545e-01
1.379002051722239441e+00
1.106127986365168292e+00
-1.024777944292050602e+00
1.240953626926696529e+00
-5.106523309682887701e-01
-1.872354059432928264e-01
-2.526053091674627590e-02
-8.332042163977537719e-01
-9.200281613691061455e-01
8.167893826905925359e-01
7.376746121661830191e-01
6.247166140492699249e-01
