-4.167662152675910558e-01
-2.585053926590601403e-01
3.413080621035639861e-02
3.271524644980828289e-01
2.182118010941671293e-01
-7.991666780205330944e-01
1.677436227137456770e+00
7.220663598057556198e-01
-7.066687117078552793e-01
-1.050528121749082944e+00
6.491005330174521859e-01
1.625355942668793574e+00
1.073678891395750901e+00
-1.028488969714994150e+00
1.289012008913651697e-01
-1.951734067101141834e+00
-5.176389318210491419e-01
-1.969937616594053198e+00
-2.058224350807924541e-01
3.624741229361090333e-01
3.637998193710449968e-01
5.909570069513980783e-01
-1.147868194444128909e+00
-4.648381648109706776e-01
6.822036709214363004e-02
-1.022389054054127167e+00
8.749452040598867386e-01
1.126804318964707896e+00
-7.332924367461637338e-01
2.246664693885563668e+00
-7.909133230989980889e-01
-1.395358249655813676e+00
7.921887682933238528e-01
-7.199992600488324124e-01
4.810934867658696601e-01
7.440982330086949315e-01
-3.011063829107091250e-01
-1.156476914275863965e+00
1.330576350302341837e-01
-1.290187960588519811e+00
6.378683271622346274e-01
-2.625929281355969536e-02
1.462646518098237591e-01
7.155464847795083294e-01
6.618686643398399294e-01
1.572920619137594400e+00
4.692723361552829653e-01
-7.936472903112351540e-01
6.687771598111983407e-01
5.887805810944426455e-01
-2.529578159300577278e-01
-1.407703102627979153e+00
3.346114444032561863e-01
-2.200161059393195284e+00
-2.142000629411233981e-01
-8.286718183679959715e-01
2.422746277080471411e-01
-9.178965824006134894e-04
4.782395390315584693e-01
1.497448254860076489e-01
-1.903857618206852065e+00
-2.543923676775498022e-01
-1.559590490279804120e+00
-1.390479362300142574e+00
5.773547218925911828e-01
-4.937194273194529526e-01
1.112998778555448931e+00
-5.737543690025109777e-01
-1.322157037140150093e+00
-3.861650749600153976e-01
9.440142378114539934e-01
4.054676851704548390e-01
-1.288892077979747919e+00
1.147630855454925547e-01
5.706353567550574990e-01
5.665405704466596193e-01
-1.909006007186413167e-01
-9.038523015632700108e-01
6.832627232823136609e-02
-2.184863595800932146e-01
1.940381050899785478e-02
-1.015327553670109628e+00
-3.734515231526938650e-02
1.059066577248975738e-01
1.828212922860152079e-01
-9.671207012262936775e-01
1.024678340065357407e+00
1.101862926913781626e+00
1.090395101140590572e+00
1.607697546657530785e-01
-1.255930282685781552e-01
-3.445915557079656244e-01
2.916526127003482016e-01
8.504128678787628015e-01
-1.183440355023410495e+00
-6.459295910080460612e-02
-1.351222639615781429e-01
6.028614073332846240e-02
1.125204635616952720e+00
-1.024878773883173277e+00
1.728261673664997222e-01
6.783374240302864067e-01
5.562943912159248327e-01
1.192493563074025875e+00
2.278367132079841262e-01
-7.911698593375489086e-01
-1.489141832132690135e+00
1.371211327409826097e+00
-8.928287950875689605e-01
-1.170711485672647267e+00
-1.843623418893085564e-01
-6.432218647936447375e-01
-1.563726504795760253e+00
5.018536696779521966e-01
2.519095664119156974e-01
-1.758331562466625420e-01
-2.259201815935287794e-01
-1.477314966068999036e+00
1.018005250730169564e+00
-1.346511994836270043e+00
-2.934703272247922712e-01
4.679989711169760258e-01
-1.123692356473521503e+00
-4.770684718967577731e-01
-5.714510643698953452e-01
1.409501117029636486e-02
-1.224122416043466277e+00
1.003393561085238195e-01
4.682385087201975660e-01
-6.127804309233122471e-01
-8.720117727889971360e-02
-7.397810868601285561e-01
6.320558522533243906e-01
8.994676293856634919e-01
-5.728875918347614560e-01
-7.653288329521158451e-01
9.899918287290880858e-01
5.015440712351029173e-01
-6.800226682559995517e-01
-6.327876555508643586e-01
5.801285571862162538e-01
6.179737012041869315e-01
-6.856737330302575817e-02
-4.394728388823235798e-01
7.078014439075098752e-01
-6.484136704812574203e-01
-4.077631046929573455e-01
8.298414674738253671e-01
-4.825219991112982276e-01
-9.261358138609647739e-01
1.273438691856889626e-01
-7.128753513874424019e-01
-4.912346771948788993e-01
6.871467459767365282e-01
-5.944575324497903407e-02
-1.657177453396110334e+00
-1.339925457688309507e+00
2.016651351053125318e-01
-1.590412330592524848e+00
9.942177472221515322e-02
2.418363567841917972e-01
-1.329231061633142863e+00
4.367970588521830066e-01
3.750400012707043040e-01
1.182324276462518364e+00
-4.593680315072897202e-01
-2.398867900058998526e-01
-4.127800519383165168e-01
-8.229043782478832891e-02
1.173473383554755278e+00
-6.684443582125361161e-01
-8.056393760949508431e-01
-1.206279747461065810e+00
-1.781750025829883510e-01
6.119602704332288701e-01
1.311227660735642120e+00
1.254524302114661261e-01
1.031321997216943398e+00
-8.629391545870909175e-01
-5.827057439970657615e-01
-9.550863187391224474e-02
7.550530329505646954e-01
-2.162698272498572993e-01
-2.161133392938284548e+00
-1.277156891760548696e+00
-4.074226776910442882e-01
-1.511771310136203361e+00
-1.195040163894746793e-01
-9.633481604449241065e-01
3.038927324519119511e-01
8.994188102832095799e-01
1.051370486663321113e+00
-3.475102372847117538e-01
-4.951507351592548400e-01
1.236082222208717774e+00
-6.981452038682447458e-01
1.391605481620127094e+00
8.598764991819634051e-01
1.097717982702483663e+00
-1.426381660651451888e+00
-8.340662711746431590e-01
1.468366338484156097e+00
-2.538890711256799881e-01
-6.934444707161280252e-02
1.008119607835438636e+00
1.610926024334695672e-01
7.233260650567526762e-01
4.443279050195753088e-02
4.157532936190970196e-01
-8.950895940552094920e-01
-2.460782514182647263e-01
2.752968510679683622e-01
-3.857400024326853583e-01
-4.082796674638652368e-01
-4.977723637328268502e-01
-1.946363381727824304e+00
-9.604066094943840282e-02
1.746077630017428106e+00
1.197278865618397692e+00
-1.136795935036186700e+00
-9.770027445302733593e-01
1.184598899831671437e+00
-4.428747307274395473e-01
1.436217260440404153e-01
5.365404819227396205e-01
-2.306432475831345363e-01
-7.016406715831566832e-01
1.210828977858152911e+00
1.278028586504797726e-01
-2.933085074762894484e-01
2.877300885646166817e-01
1.790027422907202598e-02
8.926176578585514054e-01
7.859466317812486835e-01
5.324614568937464654e-01
1.261002714545077952e+00
-8.385041229413764396e-02
1.517770096812916414e+00
2.482591014353525694e-01
-1.640396972126066666e-02
-7.674530601150071352e-01
2.053541540649307384e-01
8.682572261008157932e-01
1.216329831753521828e+00
2.464108564064637630e-01
-8.458420749796994320e-01
-1.154143728978068495e+00
6.403396689773702688e-01
-5.658898562769917873e-02
-4.322921783069714197e-01
-1.158827810836394079e+00
-1.706187261286041812e+00
9.105521515700282231e-01
1.441468159955785255e+00
1.089603041755926149e+00
-9.396507478091400412e-01
1.250449425388612701e+00
-5.677324560148238053e-01
-1.813420723956043756e-01
-6.931058443341098219e-02
-7.849081764407166428e-01
-9.110666805502207755e-01
8.478405428943370792e-01
7.995926794034341478e-01
6.750844164025047167e-01
