-4.947253167216254521e-01
4.978318558416117146e-01
-3.048166559582448643e-01
-4.946226349322528915e-01
-8.778939892523730526e-01
1.859133399392993491e+00
1.321131270124186463e-01
-2.544750882053447016e-01
2.777724662588560989e-01
-1.072184574609504448e+00
1.705916360167723800e-01
-8.450122945568055988e-01
-1.383415066055224685e+00
9.712194557604452161e-01
1.559837875615631475e+00
-1.280709967950597106e+00
-9.200984914523780978e-01
9.408304701451040142e-01
-6.512593619352308183e-01
7.795747235004174547e-01
1.300058308125531470e+00
1.747618067203375036e-01
-5.165085055424055716e-01
-6.898649592947780906e-01
-1.510346002950836153e-01
4.504189466965080046e-01
6.796868569279737038e-01
-8.390752208459307804e-01
1.005689983893181649e+00
-5.817714919829325426e-01
-3.613832582706529295e-01
-3.299008944006146526e-01
3.862182128884153465e-01
-2.797012289096083015e-01
-1.399695587105685424e-01
7.158664269273479208e-01
-5.182494781260621464e-01
1.397587775920014597e+00
7.188316667199232679e-01
8.260219037588343305e-01
-3.305410120850434952e-01
-8.745113251132001775e-01
-1.734329854620412781e-01
-7.136049941971132071e-01
-1.190797603970774166e+00
-1.954614824842217102e-01
-7.055550418980676142e-01
9.857720618331592410e-01
1.662887932472386199e+00
2.789086900400170044e-01
-4.156972649681991427e-01
1.024412460783107770e+00
9.602019258288304604e-01
-1.364590413081989917e+00
-5.223732307855086798e-01
2.822790492323865030e-01
3.145576686861267235e-01
-7.233527686632289511e-01
1.566810081430671797e-01
-6.104828338233907470e-01
-2.280531659998089322e-01
-1.712525584985225002e-01
4.046658747349660690e-01
1.631497089672140133e+00
-2.398692623671453195e+00
-3.846902126209369444e-01
6.336569341918463216e-02
4.869330091783585224e-01
8.742681067173625475e-01
4.016696139494098095e-01
-1.056750878240767300e+00
2.918623679498080770e-01
1.043904957319217841e+00
1.295077463426316466e+00
-2.475185099859765536e+00
-3.168529112623105215e-01
5.836778967546681907e-01
-4.997451405294807136e-01
-3.509346810096443114e-01
7.666292098970785007e-01
-1.172409610627723087e+00
6.935773358749086626e-01
-4.636174022818140283e-01
-1.342112684274995971e+00
2.474680695652888840e-01
2.134563236932947472e+00
-1.775402379046575607e+00
-2.317453316963738186e-01
-6.694114507085089372e-01
1.099798172431698667e-01
5.333492774854585727e-01
2.904880904084758964e-01
2.964203506172971014e-01
-4.853728184991378258e-01
-9.413214540733517710e-01
-4.495845938934625585e-01
8.684683402948495390e-02
4.569139387582178691e-02
-1.327492650129010188e-01
-3.914122583026899971e-01
5.068475739521242085e-01
4.795587135235533371e-01
9.516339862449902931e-01
1.732515253116202247e+00
-1.327331117470035293e-01
6.746718248183320998e-01
-5.938011498654790499e-01
1.341879022095262330e+00
-2.705038058652675104e-01
1.849382481941044709e+00
1.469694332360849953e-01
1.488031448269819812e+00
7.204788974829333670e-01
1.734059482569925426e-01
6.734981767478654957e-01
3.059249930237357279e-02
7.673298847035574521e-01
-7.333640005539373563e-01
-3.806680054849003181e-01
-9.844458346348966549e-01
6.418470910794796813e-01
1.465016357004019554e+00
1.289715502567259087e+00
1.971234824916129558e+00
9.604437618180209357e-01
9.372573494409560668e-01
8.119170398682983292e-01
-3.595493761520585085e-01
-3.281177096836326856e-02
4.313740108747152191e-01
-9.453338069200574179e-01
2.044764177738546962e-01
1.000197386269514876e-01
-3.740279441171810437e-01
-1.072841485036934550e+00
-2.650481230982641989e-01
-4.068483683775448445e-01
-1.043832962007886112e+00
5.478497738658474336e-01
-7.120297660466924361e-01
8.352619729746242339e-01
-5.844017391251881133e-01
-1.819647331706463644e+00
1.143106143019464005e+00
1.286347913614302729e-01
-1.068176924372139736e+00
1.074824404426614199e-01
5.292185013625123613e-01
1.611067746057087913e+00
-3.533611831974474704e-01
-1.207246435707556520e+00
1.406426368934039273e+00
1.388589376960727595e+00
1.769714539083158678e-01
7.545118874015700472e-01
-1.312508487508951660e+00
-3.922213590260683058e-01
-5.664857922328028206e-01
1.234188811883646597e+00
-5.040938141029932540e-01
-5.068883361004631327e-01
6.327830250546577773e-01
-5.832315466664863557e-01
1.043491938401878150e-01
1.279079361397572168e+00
-1.164257388976223107e+00
5.520026341370438683e-01
3.593991674492370003e-01
9.025999927157384306e-01
-1.173180123913103584e-01
4.572443302905545570e-01
-1.154079120635663758e+00
-6.127496040728407367e-01
-6.450647863861402875e-01
1.926652066620027637e-01
5.228000089498999192e-02
-1.182792927054926002e+00
-1.013910107617215006e+00
-3.337832747746091039e-02
9.529661645144619220e-01
-2.218356498070745142e-01
-9.557463601496711814e-01
1.084953763448533115e+00
-6.566771336727931022e-03
-6.479652829256489499e-02
2.746856897782684048e-01
1.620379772167952703e+00
1.559203954300243389e-01
1.043935428189493475e+00
-3.535991580708423565e-01
-1.078548544683144428e+00
9.332781151671066810e-01
-1.596300795272557860e+00
-1.337963175322391951e-01
-7.119798698241943669e-01
3.438349942281141436e-01
4.832872024989535303e-02
7.924841377623395022e-01
9.748950455823103267e-01
2.571377443599304757e-01
-1.002774502395027634e+00
-1.132115175409716956e+00
8.340287484262283169e-01
1.277559771967754498e+00
-9.289086000378319330e-01
-6.336570908208949415e-01
-3.654896374430798289e-01
8.564635374625995112e-01
-6.376174173447849425e-01
-1.545851354330248784e-01
4.180015011970873440e-01
-2.324796329819540652e-01
1.014188958621305536e+00
1.560147698561954677e+00
9.697428350744397019e-02
1.616686902998703268e-01
-4.068409500856347005e-01
-3.172595477248504880e-01
6.008034546807061727e-01
-7.455696219370210320e-01
-2.106074402394522427e-01
3.184597144300180815e-01
2.216161457313850780e-01
4.527878338546909576e-01
-5.817229925248153244e-02
-9.218245520419218186e-01
4.888238692704657273e-01
-3.206707507944214774e-01
-1.580079593630380752e-01
-6.840003141054880331e-02
7.468562153199484466e-02
-4.320647863347898965e-01
1.214526189225771713e+00
3.372913740653645798e-01
-1.483223012381300054e-01
1.999387764070280182e+00
7.065024909037873613e-01
-7.628957480408966596e-01
-1.534463253139831951e-01
5.173980923227291528e-01
-5.314310672128573776e-01
-1.785498543466007559e+00
-1.204281368042016132e+00
1.687553655697820121e+00
2.049711971207845984e-01
-3.853270014401677934e-01
1.980540797103765627e+00
-1.540339194750555696e-01
4.070447955960452835e-01
-1.813904147139894008e+00
-3.849875748486668581e-01
2.749827252262178612e-01
6.667372061840995956e-01
-2.343138022632953732e-01
1.071183920370497367e+00
-6.034157461373532150e-02
-5.491875672045023471e-01
5.143429472903215949e-01
-1.448557452983279870e+00
-4.682527502031425537e-01
-8.264085178677994525e-01
4.242393660681790246e-01
-9.706857406826210344e-01
-5.776467855514419991e-01
1.167431494886705279e+00
