5.060235781821825762e-01
3.005818120693801720e+00
-7.505069662068053482e-01
1.097655998968062097e+00
-1.202272716253537155e+00
3.577491465611124966e+00
1.905648927526994330e+00
1.632412495542207576e-01
-5.507969130302902805e+00
6.457867160666940221e-01
-6.294468654776445016e-01
-1.400560597414032715e+00
-1.577659058603902764e+00
-1.307336145768600022e-01
-2.136943409022341811e+00
2.027843215824125522e-01
3.144085952750570900e+00
1.881217690588977628e-03
1.830112376341959335e+00
1.990388072349706050e+00
2.551012527870050395e+00
-6.270550100637744428e+00
3.386792222238943939e+00
2.182542385869040036e+00
2.685223139657238356e+00
-2.609642157084585357e+00
-2.271915111588035163e+00
5.606037989569415680e-01
-2.836338208013468698e+00
1.154263516025113567e+00
-3.101879079616787660e+00
-2.764921401404635826e-01
3.542704338849068879e+00
2.953304971328068795e+00
-3.188369635238180066e+00
7.115966015295887015e-01
9.922042674429166764e-01
1.428284114580444353e+00
3.342108827275068528e+00
4.852578467211579927e+00
-1.837016617967472509e+00
-2.532824643269873555e+00
-2.801797784729624929e+00
5.881601996583539771e-01
3.016039847149168285e+00
2.844224754665902744e+00
4.167072145833569330e+00
-2.123364207841958784e+00
3.454948071930954878e+00
-1.755086026027231627e+00
-1.132358135647646424e+00
-3.244479584832761443e+00
1.172597984620291633e+00
-1.030145743965324989e+00
-9.439424633867418146e-01
-1.287658966893114432e+00
-4.240654881052752234e-01
2.002592187592697748e+00
7.433048635624114331e-01
2.827509441691673509e+00
6.870104913406305691e+00
1.633324694731405735e+00
-8.616472214141820407e-01
8.515208901741642133e-01
-2.835842387395115516e+00
-2.898706220240797382e+00
1.360266801493270616e+00
-1.388646390095878091e+00
4.757199861930216045e+00
3.724668785480214073e+00
-7.045789501993435788e-01
-5.509713811856540300e-01
-2.426843611525435040e+00
2.887170141582112493e+00
-3.909096028186841654e+00
-3.772156038954216584e+00
-2.501862945774318892e+00
-9.370345256301373382e-01
8.641785786794216051e-01
-2.854271966299232854e+00
3.527509846104064817e+00
5.387653250003807237e+00
-6.943695928584153743e-01
5.151602767289344520e+00
-2.853912161484804866e+00
1.775190154043633228e+00
4.958117043617509823e-01
-6.388283562620435951e-01
-3.132457775026002089e+00
1.120448984156928285e+00
-1.090763763886130500e+00
-1.521225757543354984e+00
-1.748634617814329051e+00
1.557578470912366828e-02
-3.505895694715103428e+00
3.232673122853380043e-01
-6.722524385699930605e+00
1.845170612403228827e-01
-7.796948391417041213e-01
-3.466381529450577759e+00
-3.564797669909215649e+00
-4.291521004420128627e+00
-3.951431509479362614e+00
2.864057969415270577e+00
3.869222472429247328e-01
3.765457917353377315e+00
5.843812130994330722e+00
-2.093373767710500211e+00
-6.108504495619696550e-01
-1.914686177970237546e+00
4.835685094153275854e-01
7.786123416486218085e-01
3.051921959191462363e+00
-2.714415679405757675e+00
4.601464200266698334e+00
4.117057839032309374e+00
1.928305724317882497e+00
-1.272750180587581603e+00
2.533879306839941670e+00
-4.118364894964444689e-01
-2.446840091489992375e+00
-4.232609148893517137e+00
2.110350313269649281e+00
2.447610198321876485e-01
2.817502306987727523e-01
3.977662289617832858e+00
4.221933737666866193e+00
-1.788828634712254617e+00
2.151938820443042300e+00
-5.094451028877895915e+00
-7.938768049239717239e-01
1.809641367113549171e-01
5.004184256402229636e+00
3.292875770399748880e+00
-1.105284556486841874e+00
2.311387301959977769e+00
-9.339488227199989057e-01
6.166682008634231105e-01
4.128165305306945143e+00
-2.204286770385504912e+00
2.796948258669034626e+00
7.086484560083804451e-01
-1.599690766956778365e+00
-8.488982541154189709e-01
1.471526152287873979e+00
9.148480019619651404e-01
4.590601184494019549e+00
-3.109989035352271003e+00
1.294142414089946902e+00
2.383270613635756763e-01
-3.193072560369887736e+00
3.079563050079626496e+00
-6.510418509292931200e-01
2.070296059645589659e-01
-5.170526638422687782e+00
-1.688138433390825144e+00
4.226903002965363143e+00
-4.480753706654293289e+00
2.626680433674557946e+00
-2.055866699309732759e+00
-1.424059910458573386e+00
-4.950492261270046157e+00
5.977081394655038293e-01
7.405138534542878848e-01
3.233139653413842574e+00
8.361245158220278473e-01
4.573793754819505786e+00
-1.095186143316930066e-01
-2.889950338190494961e+00
2.008349403680327605e-01
2.530994927603911204e-01
-3.886257553000562748e+00
2.819458569159833949e+00
-1.168729828057094577e+00
3.648209268748650924e+00
1.072844561421937293e+00
3.396719921407316711e+00
2.454581389807773739e+00
-2.181739536505360011e+00
3.805900254058182774e+00
1.269880044143900655e+00
-6.468794460662758983e-01
3.157629174692517360e+00
-2.884787772960249352e+00
-4.598703381025825543e+00
5.379822503971944947e+00
-2.146581933169172118e-01
-1.007228939666004797e+00
7.962676333145332075e-01
-1.105103261099698031e+00
3.326576654838765634e+00
-4.328395067098431137e-01
-2.322494606041358267e+00
3.611911883605930740e+00
-3.795308774106707528e+00
-4.160689279996846679e+00
-3.233874755986650751e+00
-1.546832467829562630e+00
-2.724498436428223869e+00
-1.472542551012213874e+00
7.271303860703737243e-01
-3.851579785614609452e+00
-3.954420929388943184e-01
-1.971615196779487045e+00
2.027889725278916033e-01
9.130537559087475996e-01
-1.099946881812386312e+00
1.503145109621384812e+00
1.857307559473978964e+00
1.152129736804938576e+00
-1.455768243237783033e-01
-2.873178230116213427e+00
-9.806562217274304716e-02
5.937813505197363506e-01
2.526621006082725884e+00
-1.551619513082928226e+00
-1.575528633378947774e+00
-5.112929520763850988e+00
4.141250509409038494e-01
1.099146323273326287e+00
1.560109694726460328e-01
5.320617549061309459e-01
5.930865345156310919e-01
-9.564121385930386410e-01
3.223990840455540408e+00
-1.499710760535154952e+00
2.394048842603494709e+00
2.313388497368274788e+00
-8.098111734138545292e-02
-3.769558310646728305e+00
-3.116339715991988779e+00
-3.831688805057908098e+00
4.459167354489032675e+00
-2.632434197392335973e-02
1.302653520160116374e-01
-2.688875581912054891e+00
5.230249142504404425e+00
-2.434437854374760235e+00
4.586220684614143117e+00
9.410215976211551148e-01
3.096696857598442154e-01
3.796623233317347523e+00
3.879656983504556678e+00
1.384800716395927056e+00
2.153445421568029428e+00
-1.263441300511063625e+00
-4.334560245028432068e-02
-8.206150517030363911e-01
-5.055994364649692985e-01
-1.757018341461687783e+00
3.891444753423729530e+00
1.968775293075776700e+00
-1.064955175373853181e-02
7.895562279328164346e-01
1.413472657995625825e+00
-2.229529680577072348e+00
6.021814546718574634e-01
2.925716304812196356e+00
-1.432560384198245051e+00
-1.083661177691747912e-01
4.749816824691738937e+00
1.198347195924170050e+00
2.358304475415955448e+00
-1.389853522070644554e-01
-1.668236204444500659e-01
