-1.055758393443597676e+00
2.759681658517282310e-02
-3.998899381918975537e-01
9.084851081652927096e-01
-1.565718536881075540e+00
2.657365919227178686e-01
-2.841615311441732239e-02
1.035900561813544840e+00
-7.578852374051077145e-01
-9.887140045239217745e-01
-3.239179047402285239e+00
8.056928042883329533e-02
1.456949071741190593e+00
-1.512921322938153290e+00
-7.340697368472790529e-01
7.655218772171680230e-01
-2.229650232177170288e+00
1.845130461027679081e+00
-2.648268447845988138e+00
1.018190200971455628e+00
-9.092939123613376085e-01
5.707554181546345973e-01
-6.440976715218765802e-01
7.005407425211488404e-01
9.887044801883725365e-01
1.327834913411273909e+00
-2.452681421546092366e+00
-2.033502780206128957e+00
-1.568230215985422227e+00
2.532528304158909727e+00
-1.338875914912345477e+00
1.309313540178284718e+00
3.722693618386559988e-01
2.187757941657440419e+00
1.129463920150908907e+00
8.602759295578994436e-01
-4.707571123159546289e-01
7.450677612988696463e-01
2.297839825047998108e+00
8.737731756628178692e-01
5.689268913177863290e-02
-4.505207948912849925e-01
2.604533741907895106e-01
6.787313528301643917e-01
-1.830441958503109312e+00
-1.671521681042720697e+00
3.923886521783994663e-01
1.103343988408663628e-01
4.724389421695412983e-01
-1.929615352490137381e+00
-5.907930913494593428e-01
-7.598210381596578467e-01
-1.820767415614376605e-01
4.160328316318039343e-01
-1.918048605184106276e-02
3.309512406672335955e-02
5.318528614450163117e-01
4.429196819674539598e-01
2.034691426653296276e+00
1.732022061441206962e+00
1.946697499224039785e+00
1.048583383652619494e+00
2.717999119175066092e+00
1.880615518047359602e+00
2.917776510269270290e-02
-2.574413240558460214e-01
2.930413147494142501e-01
5.326640107178614025e-01
6.822999459762908447e-01
1.318103271912898000e+00
2.529429260899923815e+00
9.178710142089383517e-01
-1.658428050577345658e+00
2.284140103736055138e+00
-9.533123154456382142e-01
1.025806364776056023e+00
2.116495952980565143e+00
-5.824279612449656529e-01
1.773906806473426023e+00
-2.792185040838742194e-01
1.187864222717679885e+00
-8.777704766531786718e-03
2.492027685186448682e+00
-4.523078647206633107e-01
1.147916999968063428e-01
-1.123173617354238818e+00
-3.166263483976597737e+00
1.361474197012328691e-01
-6.646554363469771021e-01
2.206914720270714003e+00
1.038717306512647154e+00
5.716994419817412743e-01
8.174703904605914451e-01
-1.548378658370322958e+00
2.486411670207598901e-01
-6.072887955160966023e-01
1.888392588215626056e+00
-2.640503438560335869e+00
1.098021272030236251e+00
-1.216478577771032743e+00
1.304597545309683859e+00
1.696490591039567786e+00
3.116292300608436427e-01
2.297008963658255354e+00
-1.320861188499518724e+00
-7.027014007476194424e-01
1.677099925294846527e-01
4.729229473664762207e-01
1.281367151675485871e+00
-3.106210825016059718e-01
1.114649820642629741e-01
-1.085071409531582987e+00
2.602975430134228496e+00
1.322030872425800530e+00
2.324488317634212819e+00
-2.258614536698565267e+00
4.805151103885951236e-01
1.992189924347345931e-01
-5.479055213933334834e-01
-1.249479018794528162e+00
-7.869137112171460391e-01
1.124712527110486526e+00
3.766997089116114195e-01
7.741033267874374291e-01
-7.169860611282545815e-01
1.480218845987225640e+00
-2.720660517262745159e+00
5.408831660603908853e-01
-4.330397850506125246e-01
1.363899511116187790e+00
2.320510785060902748e-01
1.163575820212543244e+00
1.543622945266882818e+00
-2.076096922138691347e+00
-3.142334408121230105e+00
1.673319445465065725e+00
2.110435208049836753e+00
2.764130030080770517e+00
-1.337870196887274821e+00
-2.403169760489233919e+00
1.609074326741860794e+00
1.579223475089116757e+00
-1.500386415429030729e+00
1.961522897679359945e+00
-1.147416130816891755e+00
-8.179685726329535278e-01
5.034234984737538943e-01
1.878478352613940916e-01
1.100463950908184829e-01
-2.333714994181047331e+00
1.222403308929105981e+00
-7.393969156451642988e-01
-4.852272429655661301e-01
-5.050840521018823415e-01
-6.098717601349642470e-01
6.014193527884239554e-01
1.304639444985612018e+00
2.610933563888480011e-02
5.675188790136107553e-01
7.538533430030643911e-01
-1.347581321465402826e-01
8.335029571097154477e-01
-2.129995108395209835e-01
-4.105462968905269211e-02
-1.072407395955741860e+00
1.595908955226086334e-01
1.147194268625069125e+00
3.373233629941855827e-01
6.737970125052196169e-01
5.115758424223572076e-01
-2.718962504648597456e+00
6.803766547145257970e-01
2.570908560299322243e+00
2.964432540449862263e-01
1.198851434905634505e+00
1.658017932435897457e+00
-2.495190829789514786e-01
-1.616264545377089190e+00
1.959279135985786402e+00
2.083647220351058760e+00
-9.732715780273869521e-01
-8.069757057661335331e-01
-2.388046244300094934e+00
2.882515616068918707e+00
-6.546412911389997147e-01
-3.275562598410763915e+00
-9.748097104568598237e-01
-6.126907306083559934e-01
-1.559484528051581498e-01
-1.257324854948079773e+00
1.848904271834824531e+00
-1.620214117685438437e-01
-3.049046859965571787e-01
-1.297008026578247541e+00
-6.454755659521846933e-01
2.832172835442033243e+00
-8.413149139127703569e-01
-7.164178253172119870e-01
3.704129978218652086e-01
1.575526908690909611e+00
-3.568845484431136805e-01
-6.520296289103233445e-01
-8.245532635640587804e-01
1.666341746810091395e+00
6.967899114059596943e-01
-2.170479890812182067e+00
-5.947212386429687747e-01
-1.483485335379199688e+00
1.200940229002461501e-01
5.029531059201591825e-01
1.746032423398677647e-01
-8.405572115708236369e-01
1.975467608464711144e+00
6.991582511584286674e-01
-3.298740757820708858e+00
-7.904283294752229017e-01
-2.682249412343267192e+00
1.558039266813311619e+00
-1.223509899867171402e+00
5.088762518985675554e-01
6.085844303777319109e-01
1.141588183277634228e+00
2.528935608803101198e-01
1.800775513767536529e+00
-3.447059238723883950e-02
-2.763059178821430928e-01
-3.146470496373167669e-01
3.594179436918376047e-01
-3.682573782374632954e-01
1.627786541757314298e+00
6.137575081596657878e-01
6.078453627877890009e-01
1.082245703490572128e-02
3.484013678710026429e+00
-7.003770770125097300e-01
1.964373194971754444e+00
2.320564575149476894e-01
3.976294331888181044e-01
1.375892515207300937e+00
1.088871991790935967e+00
4.068833829477696007e-01
-3.853903550439220088e-02
1.132606493911573420e+00
-2.281120657154722675e-01
3.320458175002108381e-01
1.944939906471359822e-02
7.246144151827813573e-01
5.553629379337059468e-01
1.646310678351760926e+00
-8.881510624445716484e-01
-2.541802493407283592e+00
-7.832733452963247522e-01
-1.062896359195176998e+00
2.199795726518205541e+00
-6.494267126537186519e-01
-2.833327237583073366e+00
5.562974837664169669e-02
7.518047029943299986e-01
1.003771377291730604e-01
1.589206789061192504e+00
-2.154665892405850935e-01
-6.948985227880984938e-01
-8.803840313702061549e-01
1.021958323863018658e-01
1.202661206136418359e+00
