1.947137631447548367e+00
9.657865767397771917e-02
-1.313205531647049007e+00
6.606747201881634224e-01
1.215115251476814651e+00
-6.164389616967634877e-01
3.910830938515096888e-01
8.366690999574771803e-01
-1.589795974811867296e-01
1.584684579690422312e+00
2.846718262901529073e+00
-7.139298583919566621e-01
9.320009887057198461e-02
1.940737708115277238e+00
-1.221615636299720892e-01
1.734751247365977633e+00
1.283309578286685460e-01
1.695547990778708547e+00
-4.957809695193448607e-01
-2.268608239730299569e+00
1.267448560359248910e-01
-1.392646947714704986e+00
-2.260892713136364307e+00
-2.222471725938517106e-01
1.153790146792375682e+00
1.563224899713622440e+00
-6.454661074944858523e-01
-2.521238785818654127e-01
1.162849075687837352e+00
1.198867253587074133e+00
7.782461492110523960e-01
-1.154969420581259953e+00
1.818907803979085136e+00
1.924605243629257556e+00
-4.428300951961587351e-01
9.641878266833772138e-01
-1.880513109232192726e+00
1.250216860119291340e+00
3.105338570659819108e-01
1.892142320799864663e+00
-1.198858793586349836e-01
-3.731392359050327845e-01
-2.693578337133532674e+00
-5.852835845952105709e-01
-4.384845507781416907e-01
1.840416486932637541e-01
-1.276647274104952379e+00
-7.725792673532259069e-01
-2.009591065908136631e+00
2.413512727541883063e+00
-4.657091051485478389e-02
-1.338947035142792563e+00
-1.981700171722710291e+00
-1.868088715033077163e-01
1.288482061676799573e+00
-2.065372817422021778e-01
2.270929678887476655e-01
1.581111338968998803e+00
5.226923361060280548e-01
1.066194138012328985e+00
3.614843982127562416e-01
-1.533843275663900663e+00
-4.907311047434163576e-01
-2.665979560357921718e-01
2.399746797627213546e-01
-1.938902966029319996e+00
-6.813729190545753100e-01
-1.523968043657898397e-01
-4.027997682666656920e-01
1.635830298186547571e+00
4.246535765754237968e-01
2.602070459484256970e-01
2.079702410965676429e-01
-5.142632368725427172e-01
-1.769985694484996097e+00
8.203230791125922794e-01
2.271007749250452401e-01
-2.362992048297418268e+00
-4.571278614796188688e-01
-8.120335083909518969e-01
2.657717216437826546e-01
1.135588589641110202e+00
7.895997223752914129e-01
1.225259671298722264e+00
-8.717875003554879931e-02
-4.556840885027104715e-01
1.085099783474681834e+00
-9.006829318166192921e-01
5.014054499580262725e-01
-1.152450875166817879e+00
-1.725438810715394844e+00
-5.800643617103986571e-01
-8.807233104760816556e-01
8.444424212781750372e-01
-3.832072478603641696e-03
-2.274907843087311754e+00
-3.890194308127386535e-01
-3.157146431585651225e-01
2.140471625206656903e-01
-6.989978331416863977e-01
-1.603432580252945217e+00
1.224046586517741897e-01
-2.126580698137809478e+00
-1.000165946275412887e+00
-1.529188407178344866e-01
-3.451301388908907808e-01
-1.235250421560623924e+00
-2.900175280262725863e+00
3.244632351837860029e-01
3.226831019030990677e-01
-1.218790961254080596e+00
8.564346685204238252e-01
-1.290260324607532150e+00
-1.160377532919859345e+00
-3.182353579252560072e-02
1.033112773854414357e-01
2.438111718472254719e+00
7.142857165918415907e-01
-2.979474052978982046e-01
-7.029275742719790498e-01
9.094066683567416653e-01
1.352793022206662643e+00
-1.054440375089831017e+00
-9.461763633382932470e-01
-1.253378088823270176e+00
-3.352546899276721559e-01
-1.209657388341887352e-01
-2.066470030587145512e+00
-5.266637697232889187e-02
8.559231796965103278e-01
1.244432270354727477e+00
2.230015118619800951e+00
2.946174591628573647e-01
1.456272525132687123e+00
1.208787521182055791e+00
-2.436477575555036523e+00
1.166436776351781335e-01
2.021397813103678942e+00
1.893497235426321756e+00
-1.961813810681148906e+00
-7.705172451749663365e-01
1.049221580144413801e+00
2.597506126788503344e+00
2.227099158937971612e+00
1.206827008453577488e+00
1.278020569779209081e-01
-1.885125290725812031e+00
-3.081896056250691962e-01
1.485768492049004186e+00
-8.779700888514416768e-01
2.951593477318636527e+00
1.969345126142821645e+00
2.554970452728302366e-01
-8.195797818056502759e-01
-1.044934631541047487e+00
-2.004873990634576497e+00
1.230183407536930895e+00
4.838514106156970307e-01
1.801341814543585551e+00
7.559701986802396245e-01
-8.825596870401897220e-01
-1.743484443839942721e-01
3.833457865193253156e+00
-1.599470746765787377e+00
1.381141618684597894e-01
1.441107416093012072e-01
-2.150147329127485296e+00
-1.538134172425933421e+00
1.966122204395342132e+00
-1.395524378149060274e+00
-4.516666138284224918e-01
1.267211177624518070e+00
-2.100066991556659712e-01
1.749402525727540958e+00
2.971462482232567925e+00
5.374617619730800433e-01
1.787893031093026996e+00
3.525284582563925628e-01
-1.061259822463246072e-01
2.360988937400846921e-01
-2.969716032643573977e-02
2.591118976604999125e-01
1.116267188685595935e+00
6.518917081622357390e-01
1.142162963163651179e+00
-1.621358248541591385e+00
1.133772211085968040e+00
6.244204583613567339e-01
-9.744478048298395034e-01
1.599321746753915807e+00
5.629279907375824843e-01
1.911253392016693198e+00
8.667472624400096581e-01
-1.191856625432177630e+00
9.874004126142338356e-02
1.419456412656443067e+00
5.792096798341579422e-01
1.258031295766097069e+00
8.045223941531842726e-01
1.018001660645703410e+00
-2.130293057646304167e+00
-1.253505549993973345e+00
2.067792067308814818e+00
-1.750584496466090600e+00
1.752523258862077382e+00
6.082056063863779810e-02
-4.708922664120463453e-01
-1.136962310488794259e+00
4.447192010324645950e-01
-4.619875949854187480e-01
8.934697161574836066e-01
-1.070301578016832345e+00
1.959978448004991158e-02
-8.623964033795286088e-01
-9.253473299419233689e-01
1.288161066980491598e-01
-5.330304955665322586e-01
2.241380571703563085e+00
1.174199351135017527e-01
-1.107912446296241527e+00
-8.097502957335600549e-01
-2.367205017140042500e+00
1.352626376288801890e-01
1.574690722990455205e+00
9.712197963734262030e-02
4.006147644466075963e-01
-8.259987356177392881e-01
6.154400119824600113e-01
-1.526221458891454885e+00
1.358403544504787952e+00
-6.800891184912035703e-01
8.365313245460055391e-01
5.159952474704659897e-01
4.968150442760477792e-01
-7.433120578546971169e-01
-1.361106936227588271e+00
-1.357211037507789486e-01
-4.119020374970481235e-01
9.908382347880191343e-01
1.225007318419237601e+00
4.276870766228822451e-01
1.364880271230042963e+00
-1.023051036042957662e+00
-2.385976881378326919e-01
1.402533625482451640e-01
-1.380994904414564406e+00
-5.428860488862469191e-01
8.572907640514205729e-01
7.589648160470443550e-01
3.717624432081020336e-01
-2.060918820034253418e+00
1.551783595973926233e-01
-9.079686058789500358e-02
1.790962285848262558e+00
-2.261161966857967998e-01
1.086060750670711617e+00
2.732086185436140013e-01
-4.595361098373139663e-01
2.775345136611762520e+00
-2.781250326560238406e-01
-8.263598174036913546e-01
2.458067402671826329e+00
4.582523641841686479e-01
6.094340463983765055e-01
5.640466894711400059e-01
