-1.165592971910158759e+00
-5.923999181360014576e-01
-3.264260662941195212e-01
-1.369180160789493561e+00
-9.256014551542417479e-01
5.495290974649789106e-01
1.340263663630138380e+00
-4.873109448877180894e-01
-5.432141927026501449e-01
1.105582131546762437e+00
1.782851681033400304e+00
1.259572060441070285e+00
-1.079356505967965951e+00
-1.271764802624619994e+00
-2.484050206500761693e+00
2.201091621122886810e+00
2.118375842456050151e+00
1.756987085610119737e+00
-1.248155743843525123e+00
-3.205846855159411035e-02
-2.734343474526472750e+00
-6.956243246364829380e-01
4.772477658515005827e-01
1.213602623100700217e+00
-5.377067569811463388e-01
1.029111428261551442e+00
-2.006867927990109379e+00
-9.832138690319270902e-01
8.815087976233246803e-01
-1.963990988895397694e+00
-8.864724944039016619e-02
5.923006106630341883e-01
-2.371077576816639776e-01
1.211827542988138662e+00
-1.191102984572135204e-01
1.638367573362129015e+00
3.893024380878569446e-02
4.572782847092526914e-01
5.584124647684324955e-02
-1.835492555860105179e+00
-2.446431926106495069e+00
7.157746044367466753e-01
-1.238741085765365346e+00
-1.363313113238360019e+00
-3.436488171713341644e-01
-2.992871479682635560e-01
1.672214803950955009e+00
1.292524616177723740e+00
8.365893205705927649e-01
1.265735126246678721e+00
1.580389890225660565e+00
-2.062190271077855019e+00
2.168938536230211600e+00
-1.206242865195026770e+00
-4.661300584505036482e-01
-8.546264703818400033e-02
1.141851457963004801e+00
-1.683843503912570538e+00
-1.020738660976773515e-03
-2.559076942816084888e+00
1.583343455533424704e-01
-1.319513757269226983e-01
-1.451384396326752313e+00
1.208729888343168080e+00
3.032282330127984982e-01
8.328127503909824592e-01
2.759803570955844387e-01
-1.491317266369328154e+00
-1.259769853785598137e+00
-9.016809087903679965e-01
2.281308451281352401e+00
-9.828054673658079832e-01
-1.831842741611564795e+00
1.163632541912965834e+00
-7.420933054579520460e-02
1.225486647991017364e+00
1.577051357772394358e+00
-1.531517059622303556e+00
1.118366876081017036e+00
-3.026082244507502517e-01
2.245586877886270205e+00
2.504290416029031796e+00
-2.734116768552903864e-01
-3.201011797112396806e+00
2.447445363636136850e+00
3.743037483469425553e+00
1.717907133946346532e+00
4.364753090426782278e-01
-5.150764000843056634e-01
2.383448232746738338e+00
4.682778296984192457e-01
-1.561919145602257974e-01
1.044832098585417812e+00
9.371063241062619342e-01
-1.518525743221241120e+00
-8.837796803890158870e-01
-7.950783286167808495e-01
-2.125470237868646528e+00
-6.250825082531867860e-01
-1.219304624100698176e+00
4.292646874939201607e-01
-2.785507120814553206e-01
2.647152732141169640e+00
2.104364170668505007e+00
8.943157692980253648e-01
9.145489350338520396e-01
1.336482846638839428e+00
-2.112874769701248212e+00
1.195175483881557810e+00
8.768602384927105531e-01
3.381938530756717132e+00
-1.394957477015723812e+00
1.818870468047705802e-01
-1.922056794491761256e+00
2.095159131949590137e+00
1.490787524031778277e+00
3.044117400765851578e+00
2.232162739213293889e+00
-3.865062674774837337e-01
-1.898045180067259752e+00
9.707910294303906396e-01
2.010934800955471502e+00
-2.970515677332499216e-01
-2.000059003836792471e+00
-8.126438367766861126e-02
-9.012828182082722739e-01
-1.697378390624555644e+00
2.379370285827983267e+00
-1.233762026755400809e+00
2.227414948358651614e+00
8.451570262626321162e-01
1.290637655533581230e+00
1.068352746351614924e+00
8.946482261519070889e-01
-1.756660053840502833e+00
8.822543529812786334e-01
-8.697239252817513533e-01
-3.041714246022707346e+00
6.784169843126829358e-01
-2.655991916983301282e-01
-4.980982992523360631e-01
-1.458654522452838831e-01
-6.691616883686376527e-01
-2.683357425208425351e+00
1.104214512775574253e+00
6.746614829184360840e-01
-9.435622718377577600e-01
3.934364794520321396e-01
1.299380895937220171e+00
2.072441974562485356e+00
2.775085795845523284e-01
-2.302743077406615768e+00
-8.573373526092868957e-01
-1.065091747162064673e+00
8.541366563697964098e-01
8.825630108372308769e-01
1.202837092534684960e+00
1.305917900222949291e-01
-1.154505869080623359e+00
2.362981088654369788e-01
3.191758807233991968e-01
-8.754915883131617615e-01
4.161793594490596493e-01
1.050054787042552062e+00
-2.908266786917506952e+00
9.548714441214078974e-02
1.975442031679162547e+00
1.750859786273792240e+00
-3.417146047437368273e-01
4.460916977600233868e-01
5.990782887152935610e-01
1.002991723973609972e-01
7.950611311452135954e-01
-1.473660994071539054e+00
2.634352870757717957e-01
-1.887020728023633742e+00
-9.489208844242613683e-01
-1.516108483404777774e-01
-7.342313335767582105e-02
-5.896043757006762531e-01
1.129300513283555629e+00
-6.455042574802556388e-01
3.480527155490256708e-01
3.554911077512047157e+00
-3.044258572391943307e+00
-1.268477318587024838e+00
-3.608820122113331585e+00
-6.201613916655600300e-02
1.297254331717851095e+00
2.079810455371827516e+00
-3.673327125827113848e-01
-4.156819692947063549e-01
8.833336067126016378e-01
2.041691699699168971e+00
-2.174920864498441020e+00
1.723116963352124165e+00
2.305797214091410474e+00
-3.073488614312623879e-01
-1.167844568565113317e+00
1.096164992240092673e+00
2.316926639565732415e+00
5.046010493763257720e-01
1.676866233786804106e+00
-7.120834570116664208e-01
-4.034995868417853848e-01
-1.330469527256008977e+00
1.764712496517735651e+00
1.755649108079091025e+00
-1.504516099964578801e+00
-9.959298899783445291e-01
-1.614316272775003641e-02
-6.721978483260345749e-01
2.149414681392934234e+00
-2.243368461667757108e-01
3.129322860732381084e+00
-2.079987091459196247e+00
-1.323809932253465327e+00
2.692958478075813122e+00
-1.624583306863187415e+00
-1.444212518202977247e+00
2.167477611824522588e-02
7.485714440675147463e-01
9.887009515711069341e-01
2.184498360712360476e+00
3.160764397723461738e-01
-6.890909025082787576e-01
1.116218815641115025e+00
-1.071405795563160623e+00
5.239633992828067743e-01
-1.758174196664859523e-01
-1.202112455243636024e-01
8.906643429777357790e-01
2.117024177443199484e+00
1.445500166484204208e+00
-2.325756136803133756e-01
-1.466575136856477890e+00
3.071346891828559689e-01
2.710126319853010557e+00
1.068401615584110953e+00
5.831020090835876690e-01
-1.051773296634446409e+00
3.962953972142218562e-01
2.133337505868088346e+00
2.459295291513080572e-01
-1.713042956660485450e+00
-8.984940534968131054e-01
-1.718721201609741955e+00
-1.462780220992675906e+00
1.565657905321436338e+00
8.249833849094524718e-02
2.409632166497085226e+00
1.487676513580816984e+00
1.213586637218951658e+00
-1.580820920231257309e-01
2.801178718279395241e+00
-2.135855937280592975e-01
-1.404810696473312026e+00
-1.113771557364497400e-01
2.216050751183877399e+00
-6.908762365608754619e-02
-1.497537451966076905e+00
1.446413343894253023e+00
-1.105741547482197218e+00
1.277375114961757374e+00
1.189064839495155956e+00
