9.280971672270624806e-01
-7.962683882043711803e-01
1.104274796224616217e+00
7.880720933515192317e-02
5.323574610086226899e-01
-1.464356404054407979e-01
-2.007078247015813555e-01
-3.465240517982516588e-02
9.712245860056533120e-01
-1.160993811443824936e-01
-1.325782366720481831e-01
2.823452234894893026e-02
-1.189747066942429821e-01
1.118276712037880039e+00
6.968043226492038889e-01
-5.137082170747623300e-01
1.020750606084339873e+00
3.580356072477465790e-01
-8.406294859071334891e-01
1.419422484490581393e+00
-3.449173970778367515e-01
-3.367098575621516598e-01
1.876005516909050597e-01
9.630692549808999026e-01
-9.568620765294785224e-01
-1.934010589189027185e-01
6.523497138293655739e-01
-7.861458246953579865e-01
-1.689852451968292812e-01
1.211870106706904648e+00
-2.123695844127273802e-01
7.537487703439339770e-02
6.072119006623259707e-02
1.387438793277261162e+00
7.474747874564707795e-01
-2.302923375436886355e-01
-1.081689147810468432e+00
4.431529588084996002e-02
2.317205917825070072e-02
-8.133251192961377107e-01
-3.383907946711242620e-01
7.937869728029948169e-01
-3.066170519017315521e-01
2.137670761704043354e+00
-5.201314964829124865e-02
-7.023080604307725683e-02
-5.535051485989824771e-01
6.219815658938948610e-02
4.134600884458302095e-01
9.382446635103539601e-01
5.957165397973099852e-01
-1.828712581592739084e-01
-3.525275261455005360e-01
2.141357213883253174e-01
3.024274430792333046e-01
-2.950710806218154736e-01
1.163823267522628546e+00
-7.493288946516234450e-01
1.679289531409222103e-01
2.725285701537512040e-01
2.157384895187562657e-01
7.218636425728059969e-01
3.130009311937383965e-01
-8.161552734966336375e-01
3.587643395731871521e-01
6.432429456229744602e-01
2.299761062942259071e-01
5.491259377413582055e-01
-9.475676412547113375e-03
-4.417318188145903379e-01
-1.370974168866366701e-03
1.415939704493013540e+00
6.866565473973474942e-01
6.418642045952364095e-01
-2.052040660879581313e-01
4.552403731405461618e-01
1.178003112184453194e+00
2.819353052964954087e-01
5.725010890345159087e-01
9.366273175196665468e-01
2.653667465656264213e-01
5.753488016124569393e-01
-5.238480429707829955e-02
-5.112395892873854431e-01
3.004371908529039348e-01
3.855590223302497455e-01
1.081846919933433515e+00
-3.815467424227497739e-01
-6.102866705586146301e-01
1.673947310199829508e-01
3.805505682954636315e-01
-4.405220302106855890e-01
5.689273688459154377e-01
2.016767980294085771e-01
4.761672826081090326e-01
-1.696612436803929258e-01
1.202083616054255705e-01
-7.249210831600046978e-01
6.797929524313742755e-01
-4.279916672908687381e-02
1.400509976597922757e+00
-3.372371344718766983e-01
-2.484128406239924022e-02
7.746637969586801509e-01
7.808533398024235517e-01
-3.100789444187633803e-01
5.380323459412174048e-01
1.048301085375777930e+00
-3.775414283848013697e-01
6.333829749145913901e-01
1.720467779916895479e-01
3.820017271638585510e-01
4.672920756752400595e-01
3.674471318364327388e-01
2.876920628987343978e-02
8.764411074353990749e-02
1.364201742142784557e+00
1.096341835254056152e+00
3.346634920408905756e-01
1.079226001827241710e+00
-4.625604796855703471e-01
-3.660115706083319487e-01
-9.757735055816209035e-01
-4.560546775105623896e-01
-1.583665638833197942e-01
7.158543178430488707e-01
8.028186610573844195e-01
6.884152333635281673e-01
1.552659165846935085e+00
-6.852219870174369731e-01
2.066267109589352557e-01
4.109300901133070005e-01
1.571535050134311717e-01
5.119922947667319146e-01
3.402947559270699807e-01
-8.425928804234886771e-01
-8.714078726540150921e-01
-3.048449054900191912e-01
-1.008724919273056714e-02
2.891548277731859073e-01
-1.884370311772652073e-01
5.681766582760697792e-01
-8.746847164110885808e-01
1.930196207027735089e-01
5.790196949425095996e-01
-4.969833876427034447e-01
-1.340368221124685066e-01
-9.352719054076455985e-01
-4.434550916417838717e-01
-2.329325931380482606e-01
-5.529805560062907022e-01
8.629525703733874342e-02
1.822599168920331358e-01
2.981681553644000005e-01
-8.932925228450211419e-02
-9.779900188316781318e-01
-5.639425801309290165e-01
2.855503868642413901e-01
-5.183093452464746509e-01
4.327898683203578734e-01
6.285228017190657157e-01
1.050243352388867749e-02
-2.998748760432299876e-01
-6.949458069870699806e-01
7.205668144630459349e-01
-4.821791427706076938e-01
3.149319057596367544e-01
1.010491579291852071e+00
-6.251626366152918113e-01
-4.095686403397849062e-01
1.973834724382673711e+00
-1.578870492287223204e-01
-1.586938996715434314e-01
7.206058896041618311e-01
1.011734905813407748e+00
3.542130768014988829e-01
-9.269049241055935529e-01
4.803279716493155660e-01
-2.119143083161866559e-01
-3.504385069820689647e-01
7.156475297886841780e-01
3.676091806651841654e-01
1.125807486487304221e+00
8.692618929454714038e-01
2.126218558228986505e-02
-1.885941848043165558e-01
1.290729087497471284e+00
2.825947197212825834e-01
-3.154988710007705643e-01
-3.930404357272137550e-01
-3.125547536432684570e-01
-4.285133112647808717e-01
-9.148659041702100758e-01
4.912544280989640799e-01
-6.976776701560192251e-01
-2.150261418514091277e-02
-6.085735700917795921e-01
-1.786745937261339512e-01
5.201937783253876013e-01
-1.033360387765446031e+00
6.020212449010865496e-01
-9.116373079151143255e-01
-7.224484616370029366e-01
1.093473442294735865e+00
7.133403998095406706e-01
-3.471398591051247373e-01
-1.313819576181002036e-01
-5.844893711502741063e-01
3.761818491951664511e-01
-2.109178314395631915e-01
-4.240770958597184781e-01
7.959581505383975797e-01
1.753114691054672214e+00
-5.514999409255247897e-01
-4.161757285024126340e-01
-4.057355126074698726e-01
-7.783868441668155835e-01
4.696297853590691851e-01
7.952476812576726450e-01
-3.466402686771801189e-01
-7.414370360144134642e-01
-2.238762857582086985e-01
9.699591087920023114e-01
1.982116338494086527e-01
1.810358902200951414e-01
5.918390833993633082e-01
4.325153195696301300e-01
-2.357893622399978018e-01
1.060929405151011418e+00
6.220311336980367117e-02
7.280178549234413987e-01
-6.624129127549270059e-03
7.729285139319942433e-01
-3.656726571055803898e-01
7.946257597033642428e-01
8.442668941555324380e-02
-1.022440709890845900e+00
-3.287464612862989188e-01
-9.634535088115732393e-02
3.818579723715360141e-01
-5.968337177213379752e-01
-8.206339196331158270e-01
-7.735621465579763933e-01
2.580664537226629585e-01
7.711180717969365883e-01
-8.400303841084484358e-01
-5.864682960858230709e-01
1.125152981807261005e-01
3.602786005319082996e-01
-2.845462496089329885e-01
1.618825230349103528e-01
-5.870988084243229377e-01
5.067846700164684304e-01
3.368922863821236513e-01
9.674387730109232919e-01
2.321921050419032129e-01
6.862552280448991349e-01
-1.918712786364066766e-02
-2.914500267159422786e-01
-6.096164588680427210e-01
-7.073294813614480203e-01
4.688559136742080358e-01
3.108793360257703364e-01
5.683826127106451631e-01
-7.492601530940159460e-01
