1.397294165892192686e+00
1.088305126163217507e+00
1.440896729457818548e+00
1.115131241742973511e+00
-9.092894795084985882e-01
5.336016557776203095e-01
8.872315561948801443e-01
7.265733223086290327e-01
7.570620809146112462e-01
1.060623768536018474e+00
4.084061322261514637e-01
9.039400532011990785e-01
1.106264556513025799e+00
2.525749863773626980e-01
2.802715737481539238e-01
-3.591728250614408813e-01
-1.131580549477573472e+00
5.248291994377000252e-02
-8.827190189732946335e-01
1.199490687084309171e+00
9.290236751380446245e-01
-1.813000817990216285e-01
6.390644676361684207e-02
3.212065466712932804e-01
2.490869732445766538e-01
4.630252094609853541e-01
1.151958214381268109e+00
-4.227048556787044720e-01
-2.471703724939100164e-02
1.957286764546514179e-01
3.303054779965611254e-01
-1.713012720105151487e-01
1.362790478706841224e-01
5.750625478449251649e-01
9.164057200903761302e-01
-3.462663673396689790e-01
1.632941688284398341e-01
-6.579348205408500627e-01
6.560965451548648186e-01
-4.816275347163948561e-01
-7.235913409920990969e-02
-2.635644117319068669e-01
5.187253241656457625e-01
9.515082352895487539e-01
3.203179583131803287e-01
-3.155575402668202023e-01
4.243799026230205551e-01
9.857953522038913619e-01
-8.167527414157885746e-01
-1.422006727777163637e-01
2.104073277317158042e-01
5.381854549703412038e-01
-4.238703556555059038e-01
1.223883649123880257e+00
4.258763541899092120e-01
-9.956458725056918091e-01
-2.525236828240089992e-01
1.757829117711847133e-01
9.797157289513298561e-01
7.580047403816101426e-01
-1.256338126083960782e+00
-1.082143867467490805e+00
-1.468891613425005738e-01
2.654084542285097270e-01
1.338000253019222763e+00
1.037319737124358099e+00
2.068641695346993714e+00
-9.890272398341547477e-01
3.244460799101324677e-01
-9.092328733449971390e-01
1.278563054332629623e+00
5.172677979183830654e-01
8.112594884812135421e-01
4.108915302642845435e-01
-6.724356231071894063e-01
-5.957370528489926986e-01
-3.246960821887735493e-01
-2.090304089479467997e+00
1.442922906400553318e+00
3.170724770104352275e-01
2.634867622415274502e-01
-8.017953413577886268e-01
-5.465119508782037006e-01
-8.049744966419118686e-02
1.380682456359695331e-01
2.930188962937101960e-01
-6.470711459729342474e-01
1.078299686922230549e+00
-8.721369979374006265e-01
2.572016583555584157e-01
-3.579771688041791800e-01
5.348731948315492701e-01
-1.122875443382703176e-01
-2.977839431621100326e-03
2.584956303973701131e-01
9.564050941419987018e-01
1.100896856985829286e+00
-5.215338040114152474e-01
6.889328321047624160e-01
6.262097431513825863e-02
6.748306795153091731e-01
-4.848033835115873602e-01
-6.713948433214316225e-01
2.467326161802176898e-01
-1.010022639116044951e+00
1.244336182136799168e-01
3.669386090868057611e-03
2.028642499200953020e-01
-4.750735887643985772e-02
3.291287920279596935e-01
1.506360493442873011e-02
-3.614326690626332161e-01
-5.432678071348557847e-01
2.542759553844580744e-01
-1.572761635291822557e+00
5.199202937977268624e-01
-5.620563540838650063e-01
6.546742276208358247e-01
-1.930968738170035781e-01
3.427660003142130041e-01
-6.423146936421926245e-01
-1.093953757806735760e+00
-8.054995175443743216e-01
2.157090765639098351e-01
6.925120628907704967e-01
-2.283802212891068162e-01
-2.443078391648417780e-01
-1.526518149657893009e+00
4.862204417098222042e-01
-2.288516425154938916e-01
7.572989502079047197e-02
-1.813445810042785614e-02
-4.964148504572279408e-01
-6.641250513473817563e-01
1.137815073368836583e+00
-9.205132215314892896e-01
-3.052299541842655728e-01
4.071493819235140199e-01
2.368011053475037875e-01
7.327759831074129870e-01
-9.219705859279185844e-01
-8.631936442224542594e-01
4.327726373130857951e-01
1.343677849806899083e+00
-1.754623177208354257e-01
-1.056923020448579775e+00
1.520537710957150290e+00
8.695161841152737603e-01
9.572211427716933452e-01
1.000562352864581728e+00
2.924641814731697154e-01
2.517017126276872019e-01
-8.667332774052827205e-01
4.661497716815980463e-01
5.251894698667038952e-01
1.384298379725592332e+00
-1.113959097781684893e+00
8.123398949766243993e-01
6.041193344290146650e-02
7.404882839238249304e-01
1.233299804593655513e-01
-1.936187852554918098e-01
-2.254028291141080553e-01
6.011665969224823103e-01
-1.238809262637005776e-01
-7.568553673185416386e-01
4.886726892897806374e-01
-6.813772762621836399e-02
7.519800487325659644e-01
2.749970341760215112e-02
1.347222734669602406e+00
6.193140571192753407e-01
4.804307925848452787e-01
6.526645685653533757e-01
1.910926208764535783e+00
-5.093523254590991423e-01
9.852496673825179574e-01
4.416059949145200725e-01
-7.282889655683536523e-01
1.407044423874195260e+00
8.151133785587802993e-01
5.324293208454479176e-01
-7.903696684185458343e-01
1.995244179054547207e-01
-1.538573119129266475e-01
-1.491033687600905155e+00
-2.361574263473754376e-01
1.293080312961684575e+00
1.226659504423141395e-01
-3.230685895984298228e-01
-5.094662096904087889e-01
-7.142256927067333061e-01
5.191761392481092363e-01
9.440841582779470054e-01
8.013215112934530815e-01
9.778625054178174958e-01
7.732647650224859781e-01
1.268329215505020757e+00
-8.228173059039636111e-03
1.590655369051263146e-01
-5.010125352886433125e-01
1.683308528183278252e+00
9.292091765266446979e-01
1.136651073903577780e+00
9.624176688610876218e-02
-7.065126968078695446e-01
-1.035749608676244327e+00
-1.247811264717773871e-01
4.667037971189166162e-03
-7.646459437989115981e-01
1.110543551911534532e+00
-2.545625072016457491e-01
1.527963808494134490e+00
-5.887358642080687821e-01
1.214205686199908568e-01
-1.558817610485467020e-01
1.357327867457124526e+00
1.689919454500180329e+00
-1.100204596420963243e+00
9.715067096649383782e-02
2.450100826214034466e-01
6.550711119903107615e-01
7.705938395266531682e-01
7.223961414712851692e-01
-1.936265737200455472e+00
-4.340947541195302462e-01
8.277044111318460073e-01
-1.809131818318845258e-02
1.426796868487739900e+00
8.536258011923991695e-01
-9.131126913511570242e-01
-1.096512408827356122e+00
2.919040300618894190e-01
3.328226160663639854e-01
4.637087434959937249e-01
-3.512616866090280121e-01
3.466967046455993184e-01
-8.567553653825829008e-01
1.624294908536430215e+00
8.198661302006101867e-03
6.772583809619196760e-02
8.799459932846679378e-01
-7.884770155737121922e-01
5.052073050385447184e-01
-3.545731812373577596e-01
-1.034060442463833551e+00
-2.653806539204175419e-01
-7.465605373022964342e-01
6.566929000202841316e-01
9.213878187973234546e-01
-6.701473151355626934e-01
-1.465859820356592014e+00
7.814829506362916955e-01
1.151404931872116011e+00
-7.478470040357322324e-01
7.628793612808318914e-01
9.034384942937272456e-01
1.376277536555463366e+00
1.434498899949268047e-01
-8.152623780595974479e-02
8.820482923441786971e-01
-9.522129068879005009e-01
7.023981404315599031e-02
4.552550295486736398e-01
-3.815869851697764048e-01
