-5.890433845698030968e-01
-1.254022398294888374e-01
7.739568738101925138e-01
-5.580127333729284489e-02
1.188331060850617460e+00
-1.263450045798145016e+00
1.661713556742492548e+00
-1.658977147270444874e+00
-1.513344154013092746e+00
9.132413601201780917e-01
-2.982072022879034279e-01
7.685560155356127021e-01
5.597638938663085373e-01
7.109121838566542229e-01
2.856383735070617824e-01
-7.289853824681664651e-01
2.208456228555157885e+00
8.857281163990733674e-02
-2.144959717673886157e+00
2.721700712509550701e+00
-2.237651225138727717e+00
1.232474612790356749e+00
-2.945526773531230269e+00
-1.329703669698756752e+00
5.924426223258622004e-01
-6.717535831268206525e-01
-2.019245888678902645e+00
-9.572905204538597612e-01
4.961571186199912331e-01
1.301056599370844724e+00
-1.993603749919570678e+00
-2.634885426471524905e-01
-1.282506273915547723e+00
3.176314580535036569e+00
-5.325650906166527754e-02
-5.539887113441660516e-01
4.790498532937847997e-01
1.453315529173962561e+00
-2.298585044487692297e+00
2.539225575481016239e+00
-1.573215185792541382e+00
5.301058389864801157e-01
-1.164017876861456413e+00
-2.449123509520214625e-01
-1.799866908536460919e+00
-7.962120437850507271e-01
-2.216054558405757824e+00
2.940164339923418413e-01
4.984412782350723381e-01
2.412558617945258221e-02
-1.150480606707292575e+00
-2.054760502324862959e+00
-1.651690514470893989e+00
-1.554612084649618087e+00
-5.341701410050167520e-02
-3.648814788838200540e-01
-1.735136487869290312e+00
-2.054067536224444268e-01
-2.349498268593646966e+00
-2.358788055818061141e-02
-1.314953412879797057e+00
2.933657975020385056e+00
1.307866526727907264e+00
-3.142998039148511058e+00
6.471250749503064670e-01
-5.472340960252356501e-01
2.711303782271472063e+00
3.339221429543418052e-02
-7.993489007027946291e-01
1.812167758415791363e+00
2.751769231791173720e+00
-1.498876974774664195e+00
-7.926352070175644027e-01
-1.643483526589141652e+00
4.674444825297398021e-01
-6.751604990177548782e-01
-7.049565301199663958e-01
-1.179856073046923193e+00
3.081798902569078624e+00
-8.200360715554639857e-01
-2.115242915363964915e+00
-6.689514260189332040e-01
-8.453122987484725792e-01
1.814684630901504336e+00
-2.367762478392861691e+00
2.795630265979000550e-01
8.278219278332933362e-01
6.906106358935560907e-01
9.920854470646859324e-01
5.402588961564870340e-01
-9.268583976820982118e-01
2.708311404353287433e-01
2.477543886003901186e+00
-5.447342704196114216e-01
7.595207908929093588e-01
1.495575959990690817e+00
-1.416636187021191651e+00
-1.622648049884474197e+00
3.999486465481675856e-01
8.094441213889670417e-01
1.167996860432133133e+00
9.331729800896417792e-01
2.335120025697274837e+00
1.419135131470977695e+00
-6.940276344038552869e-01
-1.916785586933349661e+00
-1.362309920912034622e+00
-8.802204613713112691e-01
-1.783135732001210005e+00
6.131378693124158730e-01
7.399132298389098084e-02
-5.898067775174140603e-01
8.018696390470005930e-01
-4.937690336170521554e-01
1.202667646567917137e+00
6.160246723841042993e-01
3.653881885091487813e-01
-1.789191141779100658e+00
-1.450984424856672117e+00
-6.228350529909659761e-01
1.494375700104471738e+00
2.081864327556196326e+00
1.479253559312936409e-02
2.800376815431335320e+00
5.762581140307933003e-01
-2.694683297712471060e+00
2.227809018744034475e+00
-1.298998704901992651e+00
2.345563726024120665e+00
-1.111866949984149588e+00
1.231663469302104685e+00
-1.899918494069973818e+00
1.836081071687924449e-01
-3.508058504248286469e-01
3.106899528684749168e+00
-2.212101917195466338e+00
4.507739224909790843e-01
6.085387745534516224e-01
-1.494451578863419172e+00
-1.883083975258241338e+00
-5.053251586932330230e-01
-2.996956224465400220e-01
-4.389668480147924101e-01
-4.734773540423981020e-01
-7.764480035888476905e-01
-1.433244494367554023e-01
-1.792078978669913170e+00
-2.207510347633752090e+00
-1.021304544752083127e-01
-1.891884339250383906e+00
8.656551555701286205e-01
-6.365668933545728381e-01
1.362687258946428948e+00
-1.412010126481763050e+00
-1.931732300552685633e+00
6.695077181300315150e-01
2.998492958281605780e+00
8.766915037006852707e-01
-3.275233932758029876e-01
-1.662371806067434177e-01
3.273793070128823701e-01
-2.535214178723297351e+00
-1.494548083218256496e+00
-1.039867253331726138e+00
-1.821609667696054924e+00
4.013551371301378179e-01
-1.464711905981003426e+00
1.936703473559673538e+00
-2.429469564631761891e+00
2.179275203163190788e+00
2.354232209968079914e+00
-1.676666578381091233e+00
-2.068950568972805382e+00
1.892342041493498384e+00
7.930230369230500953e-01
-7.721577769099960964e-01
-3.158180224153248172e+00
-1.452108879343993131e+00
3.186137324760592859e-01
9.602570147633494591e-01
3.377900973233267101e-01
-2.203864323628270228e+00
2.543049726468603056e-01
-1.674392262284870370e+00
-1.249977927660952837e+00
-2.123340991890738660e+00
1.051275687475193177e+00
-7.980621692324660899e-01
-2.537248487956397014e+00
-1.755161847376804030e+00
1.057643288725801822e+00
-2.356355038705371108e+00
-8.860151336308442760e-01
8.657691070082879081e-01
3.497806590269977312e-01
9.626410006862936575e-01
1.375494370656464849e+00
-5.594520695450135861e-01
-1.190987710822546397e+00
-3.241648363676453037e+00
-4.502755417411712369e-01
-1.752201812795087243e-01
-5.376281881334001866e-01
-2.428598213453166121e-01
2.376692896116375575e+00
-1.778551068829099968e+00
-2.289134846098119513e-01
2.189266723443426876e+00
3.981093851868902078e-01
2.763689845100837927e-01
-1.385101963900475353e+00
-8.972052566858427225e-01
-7.798744005562293635e-01
2.886836041647848905e+00
-7.972504796181488773e-01
-9.406354715589307358e-02
-2.618345065221877599e-03
5.309220825513438768e-01
4.928631274003797413e-01
3.328924439052209028e+00
-1.338613897900532423e+00
-3.223766123838212039e-01
-7.455917200609288864e-01
1.162360554973858484e+00
-2.028396750323275821e+00
-2.143879655744071577e+00
-2.028028923090980928e+00
6.481259209452968628e-01
4.318095937433308884e-01
-5.204024824019072293e-01
9.811340046857978114e-01
1.066958224777173170e+00
-1.558708531867442737e+00
1.729622848173760330e+00
6.847376091055459302e-01
-1.535753660874591420e-01
-3.017038961635178040e+00
2.575338745931859741e+00
4.783497250368773934e-01
3.200950252581776567e+00
-2.077017628866991039e+00
1.224718525583248230e+00
2.961554094688005345e-01
1.961309845589654710e+00
1.458948219759578668e+00
1.769570898417254234e+00
2.455444368260213395e+00
1.136577326026247503e+00
2.192404647800934914e+00
-2.095405775969554796e+00
-2.044377860323313811e+00
1.147386788405161173e+00
1.697250739024497523e+00
-1.464074818054648119e-01
1.178041947551991653e+00
3.555373677453156356e-01
-9.502318826092548409e-01
3.480905751159009132e-01
-1.445001356458561981e+00
-1.583277133168748962e+00
-2.694478142174813406e+00
1.027051328978220823e+00
7.224978135998051387e-01
2.565808152001038955e-01
-2.485146012272627658e-01
