-8.780274653025978981e-01
2.847427472274215166e-02
-3.665151822558987971e-01
9.308355956887458538e-01
-1.572206671639977849e+00
3.663437925108822268e-01
-4.751709017092350384e-01
1.051368485196953584e+00
-8.045130563123156220e-01
-9.699831254990118889e-01
-2.795062989493338090e+00
9.585762869447975176e-02
1.496752981618457268e+00
-1.481135057134860933e+00
-6.504981925746637916e-01
7.378243252520877427e-01
-2.340263790276097211e+00
1.783508706150566336e+00
-2.632549954547582338e+00
8.331152084582957862e-01
-9.336275743970920971e-01
7.494274047419844376e-01
-6.569874822113319635e-01
7.649810915153015811e-01
1.000988057142875087e+00
1.491720830031931788e+00
-2.430075944621757689e+00
-2.229570699865454309e+00
-1.537656138909549774e+00
2.517256629488323849e+00
-1.388179448368743740e+00
1.215621736098543293e+00
3.604992161336329493e-01
2.166372820742138217e+00
1.029405870291497216e+00
8.759166147445934802e-01
-4.858795746139863980e-01
7.115579581463341574e-01
2.276860807368198181e+00
8.633833273477896642e-01
1.274324074268643747e-01
-3.925203830456943099e-01
-7.621434300270207851e-02
6.663951786398738530e-01
-1.626545006079891387e+00
-1.644314052209652433e+00
3.773249779037625706e-01
4.420027001239339448e-01
4.905828649539478170e-01
-1.793438838032966665e+00
-6.856101774799000514e-01
-6.189874242928568027e-01
-5.874059590452231083e-02
5.097603546505442562e-01
8.302422362414352275e-03
-1.475132611208552214e-01
5.078442275835849395e-01
5.338153744095288644e-01
2.111501349187145049e+00
1.790666858998911648e+00
1.903912252810100902e+00
1.003062431943410715e+00
2.954636826389815063e+00
1.913823931583590321e+00
1.987097875552035209e-02
-2.467940777496831772e-01
3.029723424869666393e-01
4.745974938787037578e-01
6.769642469658001538e-01
1.314364629958691078e+00
2.560167950453186680e+00
9.591464916712083566e-01
-1.539655979924999363e+00
2.256020366851589021e+00
-1.167137703577036723e+00
1.021257216655101718e+00
2.154082905147683302e+00
-5.683403505466306793e-01
1.834451123845694642e+00
-4.456114077440639365e-01
1.615652281806055024e+00
1.682440092477889559e-02
2.511141167596953494e+00
-4.495641094287883277e-01
4.360446183549344934e-02
-1.114675095453281140e+00
-3.087906066299638486e+00
1.087816294653740357e-01
-6.581713678301918113e-01
1.702142603275057509e+00
1.064760518595717187e+00
5.755654487095696048e-01
8.368949105757028661e-01
-1.598250059795883748e+00
6.012133626399415731e-02
-2.559632117050013589e-01
2.155464946841064933e+00
-2.673418798430023724e+00
1.332451801509490608e+00
-1.184179289712544714e+00
1.264677567484851384e+00
2.060587028936122778e+00
1.845206950941011559e-01
2.176662377198018916e+00
-1.433962726822868294e+00
-3.602922424953958203e-01
1.779097151304035729e-01
4.010289151752634562e-01
1.303610290561626694e+00
-2.377793518960114594e-01
1.441386039690232823e-01
-1.277022053326057893e+00
2.514738492273659531e+00
1.359898951727980254e+00
2.369958691737455769e+00
-2.230356652031010078e+00
4.164472309597439525e-01
2.271402162649707179e-01
-5.977727857541128564e-01
-1.341062704486928769e+00
-7.396128094045452128e-01
1.181840007978791407e+00
8.066365529675391111e-01
7.359910453052247448e-01
-1.188467744679786886e+00
1.612844561989684733e+00
-2.734992761356460189e+00
5.208017868724291732e-01
-5.064037751338374971e-01
1.313421531654306751e+00
1.803014811820014551e-01
1.202266283122104706e+00
1.433505573904337638e+00
-1.987445200569109893e+00
-3.099520375112706283e+00
1.747780235687363515e+00
2.113697305305314966e+00
2.625129548008927394e+00
-1.243202889555370838e+00
-2.420808433173680552e+00
1.713787895679468321e+00
1.592779910977505375e+00
-1.474281292626003159e+00
2.038463288694419173e+00
-1.119454625593189645e+00
-1.051943385448894430e+00
5.040574800234816077e-01
1.721085932171771971e-01
-7.439927592401661405e-03
-2.147036896982285725e+00
1.224758086988837702e+00
-8.794338036054147878e-01
-2.449323555622772153e-01
-5.036666195243981736e-01
-6.876941819800246325e-01
4.681673507248832466e-01
1.235124888781810482e+00
8.913254056597816333e-02
5.673744495969783586e-01
1.040197099202859077e+00
-7.999430924083290595e-01
8.811297986882644651e-01
-1.987268205223564899e-01
-5.337332737413430506e-02
-1.239963563299069982e+00
4.328609500770153051e-02
1.044153261182917625e+00
3.850979106587713585e-01
2.550122084991542915e-01
4.355133292237960974e-01
-2.740239491004527572e+00
5.565912522060615375e-01
2.376222701546435445e+00
4.489558094399087040e-01
7.331787830289269170e-01
1.634233184945586670e+00
-2.091701572280136034e-01
-1.284547443105465536e+00
1.984553241993566530e+00
2.099093156988145914e+00
-8.210407823439014319e-01
-7.541965321119205035e-01
-2.340517825040926869e+00
3.197110726322753393e+00
-5.946617006411766271e-01
-3.362320334685032996e+00
-9.677907603330013764e-01
-1.243748807781743237e-01
-2.080385334705830425e-01
-1.179190949204130145e+00
1.861513968788433671e+00
-1.785981837300882891e-01
-4.637815247565112986e-01
-1.146313865004389365e+00
-6.548388571655705537e-01
2.953318574830422261e+00
-2.687343872839318415e-01
-7.586533056204008973e-01
1.072264314711442457e-01
1.244643353318913626e+00
-3.609790284606086974e-01
-6.495867337506573413e-01
-9.577304360521028403e-01
1.911138530497999533e+00
3.975168237135287552e-01
-2.016590159046192543e+00
-5.610645049080164037e-01
-1.541505177128208448e+00
1.820703978841172743e-01
5.419533024649766384e-01
2.071155629479289606e-01
-9.310666956929793958e-01
1.906610605144529513e+00
5.127489999746852600e-01
-3.316719606863942182e+00
-9.735147088273468086e-01
-2.513217179799068113e+00
1.507564145176551351e+00
-1.064673794521044936e+00
5.068252494774746486e-01
6.055749222979512902e-01
1.298556193480165488e+00
3.847753103754576465e-01
1.820841707355030037e+00
3.996076558734975442e-02
-3.399515368414846583e-01
-3.281896997143926575e-01
5.146749859268747729e-01
-3.700966103760605086e-01
1.605617900245391638e+00
5.521420617851299228e-01
6.857122095325436373e-01
1.448574769894630902e-02
3.490701493005342382e+00
-7.217071057832862291e-01
2.003315368636118254e+00
3.844296460531541615e-01
6.584112642340560484e-01
1.333898788601167951e+00
1.020172918326663236e+00
4.967561902863608103e-01
-8.289863029008501076e-04
1.144741254929108942e+00
-2.964326718054881571e-01
5.018141760482893732e-01
3.322518828261484813e-01
6.574920171864812035e-01
3.560665586957542650e-01
1.574956653030743059e+00
-7.644021769558453361e-01
-2.523067093915547954e+00
-8.574332276320648649e-01
-1.129517626615404557e+00
2.266891213970867902e+00
-6.182564699922364904e-01
-2.842319245390270588e+00
9.964593943329179415e-02
6.729019423590331117e-01
2.536740839848699025e-01
1.587057291907745693e+00
-4.366928693059434208e-01
-6.039182254132340333e-01
-1.137174080561540901e+00
-1.037222498340147903e-01
1.185214729223992514e+00
