1.938788053127880717e+00
8.006818081917702057e-02
-1.256888863137186618e+00
7.065282096494674979e-01
9.054065527734432850e-01
-5.771670654716525295e-01
3.820702245758282323e-01
8.412580922183181542e-01
-1.480698698192303986e-01
1.565791808277523955e+00
2.809884819430597425e+00
-7.331731992795443853e-01
1.006092382808468633e-01
1.948050674195300092e+00
-2.169044968348216862e-01
1.679100145261320343e+00
1.593712584257825915e-01
1.531037519181048134e+00
-5.054595953277096765e-01
-2.211700032826381168e+00
1.407536731658056706e-01
-1.397259428968433692e+00
-2.328338337903276933e+00
-2.672037866451527077e-01
1.287033286026076251e+00
1.675269586896097618e+00
-6.128528774251241762e-01
-2.503667694538910249e-01
1.180523510385129704e+00
1.360017435911809125e+00
7.948704365094971802e-01
-1.372166219546096411e+00
1.800365730634498007e+00
1.946265666328223176e+00
-4.304475472063390429e-02
9.804868163572915130e-01
-1.817435145514241235e+00
1.175597724190484250e+00
3.001109768284363488e-01
1.885046190178360614e+00
-8.623551243706173430e-02
-4.500571680864029478e-01
-2.415330728003712402e+00
-5.581755993089652090e-01
-4.237755418546879649e-01
1.630462431131590728e-01
-1.255539548523748161e+00
-5.204435144070704844e-01
-1.923265017808016175e+00
2.400914473731250443e+00
1.746555372016453112e-01
-1.375668885422786314e+00
-2.056939035793057258e+00
6.351170477913566093e-02
1.158260293358841286e+00
-1.226899777098223732e-01
2.926082061511952048e-01
1.594665719114012781e+00
5.375616976296172522e-01
1.038216910633059875e+00
4.511118467551814559e-01
-1.530276149025120658e+00
-5.496484775613572626e-01
8.841607593708639135e-02
2.912421018897819458e-01
-1.918715521424386727e+00
-6.958924007580580273e-01
-1.573291859206901455e-01
-4.388007312451320807e-01
1.564661558761044180e+00
4.170971624541524037e-01
2.637156401031562347e-01
2.011820044228175008e-01
-4.850901773436292475e-01
-1.749346722172943291e+00
6.372966964635038423e-01
2.585999765230247438e-01
-2.329346696881425149e+00
-2.913896197464070914e-01
-8.165985293714375093e-01
3.733866635020555158e-01
9.211165889293115860e-01
8.484875670314624418e-01
1.391215020647581069e+00
-8.163778810655769602e-02
-3.985665598961304346e-01
8.220238829452819473e-01
-9.059327936181583718e-01
3.998854222754225085e-01
-1.104234200544423228e+00
-1.825489944518224439e+00
-5.458054224026451795e-01
-9.048007660311321310e-01
8.051199080067414915e-01
-1.966114480268871256e-03
-2.302476219281230918e+00
-4.061415917169368117e-01
-2.776960798923285290e-01
1.583041886037265256e-01
-7.106317364895249344e-01
-1.563363834106481942e+00
7.085330668860911896e-02
-2.126170900667658792e+00
-1.034726527159233633e+00
-1.236608518843073101e-01
-4.421978735879074085e-01
-1.249984652813029173e+00
-2.734627518742957619e+00
3.304548541234293424e-01
1.372385014475355769e-01
-1.247440355314796134e+00
8.962152660136635252e-01
-1.301124147074726789e+00
-1.213352787388263687e+00
-3.164956904777590369e-02
1.094924678896392195e-01
2.447298129948751289e+00
7.022970884103003630e-01
-2.776684923234668534e-01
-7.475355807871375546e-01
8.941421331320658084e-01
1.361599978308247305e+00
-1.148833036354795611e+00
-9.555590665407787121e-01
-1.256471005513279060e+00
-4.457422843725262207e-01
-1.508971151558015089e-01
-1.954019339631601904e+00
-3.126380595439308407e-02
8.686559605996263533e-01
1.176970401387366083e+00
2.115723682158452856e+00
3.127049523989950952e-01
1.520405050146415915e+00
1.135754034005058255e+00
-2.432815358924333982e+00
1.019325895405951143e-01
1.998537800707205658e+00
1.919778168129251172e+00
-2.001276888953473332e+00
-7.441306744665832085e-01
8.332328293699402533e-01
2.585877235915290395e+00
2.266968705416023688e+00
1.247660824657832901e+00
1.168462201670941031e-01
-1.671662890043444261e+00
-2.752525319230886280e-01
1.474965858483226366e+00
-1.295787158460888655e+00
2.950349065178495600e+00
1.968909205511903959e+00
3.903354194298314095e-01
-8.181273099814216909e-01
-1.031240308160686459e+00
-1.921120827630733663e+00
1.292045473167264147e+00
5.495078688513681531e-01
1.782826692763236132e+00
6.308000403948653689e-01
-9.376763701777953708e-01
-1.795222750495852337e-01
3.763977810503664756e+00
-1.580726931300903138e+00
1.148720674606418801e-01
1.810402767882734465e-01
-2.151422534916143992e+00
-1.548646772287235240e+00
1.973140281109666327e+00
-1.657031741255763579e+00
-4.160400263705937296e-01
1.213945348114012113e+00
-2.131400748562552461e-01
1.758338324111972772e+00
2.906658304274486682e+00
5.046481357664671652e-01
1.816491127304051156e+00
4.770204326095084379e-01
6.061613018446943002e-02
2.203827169348775150e-01
-1.060116074730082514e-01
2.713943587743621877e-01
1.104275790601155771e+00
6.345036527643326263e-01
1.122507419440102794e+00
-1.684568747008451162e+00
1.261911440132271967e+00
5.347693200092564769e-01
-1.039294594103371550e+00
1.491638047227020314e+00
5.737175314360168921e-01
1.686988668231090838e+00
8.797992093219175747e-01
-1.152621522855829639e+00
-2.944411840819732840e-02
1.409473557280508604e+00
6.277083989458045465e-01
1.284018349898615741e+00
9.057727777859259088e-01
9.997359424931031580e-01
-2.102718717404124860e+00
-1.237402256430031988e+00
2.079413790329750711e+00
-1.727404514693078763e+00
1.838131281280350526e+00
1.821688599595717717e-01
-3.350951072632629146e-01
-1.163723418074893434e+00
4.151783207834898182e-01
-4.931344024561630790e-01
8.956236182332837359e-01
-1.051159457397196073e+00
-3.042495682817835112e-01
-8.691982603762069548e-01
-9.593011593461457931e-01
5.185152689035948947e-02
-5.244734888837067066e-01
2.230216672071376749e+00
1.159612872614640133e-01
-1.082260594162750333e+00
-8.263352093592147840e-01
-2.358672906934048630e+00
-1.697679728162027613e-01
1.621415868248771153e+00
1.436512181641871333e-01
3.885629633332361998e-01
-8.930059557349874222e-01
6.348228173221454052e-01
-1.467439214801944614e+00
1.358180462205418326e+00
-6.779654316787581125e-01
9.678370412303832770e-01
4.544032291281169256e-01
5.053109665005501849e-01
-7.246972590391129732e-01
-1.294927439021537285e+00
-1.594139763248786090e-01
-4.095618600716859903e-01
1.092456141579401852e+00
1.220134100159381063e+00
4.353856967734685557e-01
1.402817966922382364e+00
-1.023123523529319456e+00
-2.116264125377960437e-01
1.467033452274473515e-01
-1.405435906116592859e+00
-1.007319232213031768e+00
8.957776306607077021e-01
8.102539591895753235e-01
5.622218671038479165e-01
-2.078506143493807468e+00
1.600110362432467792e-01
-1.087706839686994470e-01
1.965278883313348546e+00
-2.563839050677260700e-01
1.177325185820967013e+00
2.806592088661356010e-01
-7.723541760173109338e-01
2.765704212668874895e+00
-2.498479016360676819e-01
-9.608053415515155349e-01
2.364955925017149241e+00
5.902110929389932092e-01
4.216893202939933083e-01
5.926519329855562956e-01
