-3.952720094241716775e-01
-1.105220932117011584e-01
7.474339630076842766e-01
4.674097280813077626e-02
1.226736905292446833e+00
-1.238835048669474803e+00
1.560849816299459070e+00
-1.872924675575044606e+00
-1.411552603380370918e+00
9.388600492454597379e-01
-3.832566357457982686e-01
7.548350470431145487e-01
2.926732816787948055e-01
6.530325537183521156e-01
2.813153046457708140e-01
-6.946419494181816923e-01
2.184940823714850211e+00
2.548869167625071250e-02
-2.257877727480097185e+00
2.744322589983118732e+00
-2.263200415514321051e+00
1.499972243093906865e+00
-2.920642080936080909e+00
-1.546171235082756112e+00
6.049170955116990323e-01
-7.135214635793969418e-01
-2.116284629804564332e+00
-9.960851931591754305e-01
5.929508078175335095e-01
1.562581052564412820e+00
-2.142967472695659126e+00
-2.886562344788739520e-01
-1.464767358547512943e+00
3.145833273781129424e+00
1.258476365482963551e-02
-9.122468348694721119e-01
5.256509998887762825e-01
1.563401273116952206e+00
-2.425006301195647751e+00
2.457899252952728819e+00
-1.292689988107717181e+00
6.596051316319256896e-01
-1.244319780421221378e+00
-3.760862320093660283e-01
-1.821338412989079281e+00
-7.291980767622553428e-01
-2.239388910716864967e+00
5.591073717240947483e-01
6.052797594276977389e-01
5.709959706772004678e-02
-1.206815287410641702e+00
-2.037435081421141270e+00
-1.681697956447604669e+00
-1.588801590695440913e+00
6.230490450130994617e-02
-2.611405092108494141e-01
-1.719787216587789658e+00
2.829882851965549381e-02
-2.567198914869505799e+00
-2.480130567120684276e-03
-9.790963713615481456e-01
2.947308141192801934e+00
1.165484366393886750e+00
-3.319672971437020781e+00
8.921102278840192801e-01
-6.720796612315025342e-01
2.746626868421000900e+00
-1.046353934356108739e-01
-1.419749555135775276e+00
1.809004324997372626e+00
3.118140073029651127e+00
-1.427753586637143801e+00
-6.656908605803183443e-01
-1.719487083423798746e+00
5.297781238870551412e-01
-6.546247901142433490e-01
-4.299904674359325552e-01
-1.405252007183697582e+00
2.115644377732043502e+00
-6.851883175869416531e-01
-2.069756452665032498e+00
-3.520529574027499997e-01
-1.073726205929392385e+00
1.926378172228701224e+00
-2.376861813392513234e+00
4.621270777226539894e-01
6.374333729963701511e-01
8.083482573871632049e-01
9.757489382214546980e-01
6.444677299918788460e-01
-9.354075291558918703e-01
3.006107411956472908e-01
2.439375771558853767e+00
-7.417977105370342494e-01
5.715085946827295205e-01
1.574049109028181404e+00
-1.499693858491264908e+00
-1.435909414646041604e+00
4.027790711523017153e-01
8.727995992300406902e-01
1.183066156422560189e+00
8.679858908119688632e-01
2.521850754862738242e+00
1.169294506976671810e+00
-9.522010134511244006e-01
-1.702297425662172348e+00
-1.505924933528878684e+00
-1.010156378276279465e+00
-1.743429759454718564e+00
6.196384047211616064e-01
1.125651316614721120e-01
-5.771987243355576336e-01
7.173458198179075707e-01
-5.037633959194075528e-01
1.246494321431542263e+00
5.788020792445869311e-01
3.644101150675693179e-01
-1.815770311646219604e+00
-1.586439658349827697e+00
-6.003622741774166105e-01
1.481377362008122756e+00
2.735769739545764523e+00
-1.156213047184521392e-01
2.486372473062000488e+00
6.401722521405314170e-01
-2.630347001639945947e+00
2.355633730872954246e+00
-1.228127305593840202e+00
2.205177576935929640e+00
-1.115865867201365491e+00
1.310216424538350743e+00
-1.952953355342782693e+00
2.613289928518030408e-02
-3.506652187513138452e-01
2.975375619285140161e+00
-2.147341548039640724e+00
4.358594277374228665e-01
4.681579150148487134e-01
-1.504776712197416266e+00
-1.938136470824873836e+00
-4.179166440660146420e-01
-3.036513008459821861e-01
-2.735244492084120682e-01
-4.610413373654582703e-01
-8.929531290018748457e-01
-1.188102189781228002e-01
-1.772193577868964143e+00
-1.691533042427652678e+00
-2.071458657342109266e-01
-2.046398152829544514e+00
5.234963619517193356e-01
-3.161416627508014665e-01
1.350849789623097541e+00
-1.324398935165076896e+00
-2.021137826995429876e+00
6.511159395619865453e-01
2.879609961301942356e+00
1.051631608298019716e+00
-4.731674385333253102e-02
-1.231320604202964936e-01
3.091531312363355877e-01
-2.439876200582217880e+00
-1.442197258913735514e+00
-1.052618048452198529e+00
-1.670526145806949581e+00
4.095620939457591536e-01
-1.489590755534415667e+00
1.975776875770532959e+00
-2.405510493369097613e+00
2.327785925173540438e+00
2.321738545985028601e+00
-1.501701457629928793e+00
-2.178958953478287164e+00
2.108264585460055240e+00
8.093872751409657562e-01
-5.219977586258837121e-01
-3.151366577817420467e+00
-1.740197200925667431e+00
3.252379263513552887e-01
9.190833421072044374e-01
6.524805754972002880e-01
-2.135802244847480491e+00
5.759099921332142547e-01
-1.634707262561498675e+00
-1.196392826459685699e+00
-2.204380189077562946e+00
1.172262607882107455e+00
-6.735848500871285394e-01
-2.547632577355833483e+00
-1.730568807334845971e+00
1.119776263883030420e+00
-2.339545759048246243e+00
-8.829857430556968811e-01
8.986616343063499324e-01
2.814946327480087329e-01
8.418722403286803546e-01
1.320192793621971505e+00
-2.615468351431379235e-01
-1.083364064597786891e+00
-3.395196421533951625e+00
-5.299136684508974904e-01
-1.430165247141867713e-01
-5.136027301422407820e-01
-4.739030527462441689e-01
2.460250820611974198e+00
-1.721314637612578746e+00
-1.383203396627147308e-01
2.309277345738303122e+00
3.807274690652336924e-01
1.311191680149991212e-01
-1.415276573650692260e+00
-8.995859964658045049e-01
-6.268273428360747745e-01
2.942759011835407446e+00
-7.878723123458606370e-01
-1.797961927393988413e-01
-4.767043019687401684e-02
5.002150639878575333e-01
2.903874186094433929e-01
3.393800119150746752e+00
-1.438835220477875598e+00
-3.303149880406979211e-01
-5.715163180165743206e-01
1.040559444160369607e+00
-2.031854500184659518e+00
-2.210472575153000108e+00
-1.940380938116722076e+00
1.200228476619813467e+00
4.044738665646614439e-01
-7.423319828883830906e-01
1.158489821658861052e+00
1.063347367599251969e+00
-1.524374338841547827e+00
1.431786126557414773e+00
8.306938914510897387e-01
-7.200625879564721832e-03
-2.953628987498327252e+00
2.467246139412854866e+00
5.843176918893663307e-01
3.334667035072695018e+00
-2.240206512171912134e+00
1.148028920259827945e+00
3.853203926953456260e-01
1.977356747674944959e+00
1.709011172009352819e+00
1.879527419012120282e+00
2.273676577634532681e+00
1.188509053845733465e+00
2.333787119005402033e+00
-2.668195317041636372e+00
-2.184771970117121320e+00
1.065429692584410892e+00
1.586283714483955665e+00
-2.736170449101931190e-01
1.135760679293376763e+00
1.639904885010777802e-01
-8.169190545919329249e-01
3.686644444779568208e-01
-1.461011245918593326e+00
-1.658918234597492880e+00
-2.605904043595431041e+00
1.021005610431693578e+00
6.236407776386020396e-01
4.965770105606848173e-01
-2.023108722830370965e-01
