-3.496541698063556636e-01
-2.465398327922646293e-01
1.020800518685922031e-01
2.727195571899230231e-01
2.252000791689163506e-01
-7.756242590943501769e-01
1.634927656045120914e+00
7.285648120052019561e-01
-6.250987851232233661e-01
-1.068185137555512476e+00
7.049839208241226451e-01
1.429107083142923562e+00
1.031631137148604660e+00
-1.044374558335444014e+00
1.132770790772556768e-01
-1.961253058109736047e+00
-4.858788656396906269e-01
-2.065168212115089386e+00
-2.251107157822493932e-01
3.768223931456742837e-01
3.057788141286312267e-01
5.843264292198732113e-01
-1.107265563827692700e+00
-4.767916749585627834e-01
5.282256423292173292e-02
-1.031721883733437650e+00
8.978389161379586314e-01
1.064064749285067224e+00
-7.437109320862874684e-01
2.237804561947155157e+00
-8.123636280325341463e-01
-1.384383698249506356e+00
7.212904165969313830e-01
-8.046211763367075998e-01
4.554450998384504401e-01
7.596680091634235854e-01
-2.907809580537780159e-01
-1.123833139740900267e+00
1.584245400207418275e-01
-1.265475971446334835e+00
6.692984647464506054e-01
-2.091686511775184276e-02
1.416718330443476337e-01
7.243200787552632747e-01
6.457949771781297255e-01
1.571827383555181257e+00
4.443183539617951983e-01
-7.843567413280310152e-01
5.444675057948098473e-01
5.446425094203372064e-01
-3.299084988996379142e-01
-1.361742296308168898e+00
3.308729437481787716e-01
-2.229893581384092105e+00
-1.992713760701780301e-01
-8.401093723851904560e-01
2.544857548422783111e-01
-1.032341871781700809e-02
4.807545872233906503e-01
1.361917593780292146e-01
-1.855089628076769692e+00
-2.237079242234270016e-01
-1.560261033735891090e+00
-1.342339929190884407e+00
5.593436164988573323e-01
-5.036624937977574046e-01
1.139625727627557650e+00
-5.834579204251317819e-01
-1.251843899695810558e+00
-4.426553760682997440e-01
9.527109279466492442e-01
3.741617940508604745e-01
-1.310671498195077112e+00
1.589211474249012934e-01
5.178859449288905070e-01
4.770809523460089463e-01
-1.855421845976518713e-01
-9.783314641023043157e-01
7.122956005892938647e-02
-2.464480971839549117e-01
2.959995682662316940e-02
-1.016317876119943842e+00
9.406421478225027166e-04
9.365467567028747109e-02
1.636209763267452710e-01
-1.004055092728137755e+00
1.021267104960437377e+00
1.112393788775976500e+00
1.056972078187500053e+00
1.325106011638741699e-01
-1.086745810595261819e-02
-3.692323860799768820e-01
2.784940907525167431e-01
8.449361985914635165e-01
-1.221535184584715328e+00
-8.202483185993153514e-02
-1.337002048161653467e-01
7.695688795195307352e-02
1.083867498743955160e+00
-8.374501043377304832e-01
1.483141567148461293e-01
6.738168214310344961e-01
6.302633325882063264e-01
1.224727179710069391e+00
2.354985604872194271e-01
-8.247512982558631300e-01
-1.414013830330750121e+00
1.364955887624078157e+00
-9.402165403714156655e-01
-1.218382676578519952e+00
-1.568932616649514888e-01
-6.594777568267654599e-01
-1.609726592465364980e+00
4.920151345681031407e-01
2.596298572384285741e-01
-1.427954246901408930e-01
-2.120429998086177381e-01
-1.420665404423420819e+00
1.002967708871937980e+00
-1.338568567852848057e+00
-2.743436385298537727e-01
4.354022471328892196e-01
-1.092192269531021775e+00
-4.031670060474921713e-01
-4.993687966512138088e-01
3.909292043716172671e-02
-1.187197009823513172e+00
1.162148235693268722e-01
4.328721424193374689e-01
-6.338937833581952397e-01
-9.835219871317309182e-02
-7.166429005731744795e-01
6.825238143632023080e-01
8.601526465377042907e-01
-6.055385889354889528e-01
-7.258696928082061239e-01
9.869442949142102073e-01
6.358505568573900035e-01
-7.397627187168682728e-01
-6.277683512377942865e-01
6.275088814658045244e-01
6.048677945503797559e-01
-2.966275983587093878e-02
-4.290751002408347836e-01
7.016295842404066674e-01
-7.293106628973395900e-01
-4.063155288500558404e-01
8.236894924539879259e-01
-4.979830668342388744e-01
-8.880240293008544450e-01
3.215429119083085263e-02
-6.338073484303721195e-01
-4.997925002929818339e-01
6.621082031089896569e-01
-4.656310315175651859e-02
-1.659940785565036325e+00
-1.351311826302922681e+00
1.917393509073402336e-01
-1.672242187683167458e+00
8.317164090696965717e-02
3.211565990359824818e-01
-1.393613337073035696e+00
4.339877495154675913e-01
3.588678799260414110e-01
1.180065968983422753e+00
-4.993188120133713603e-01
-2.349200784347622029e-01
-3.801603556877672374e-01
-7.425652989667794190e-02
1.177093658727875525e+00
-6.708215509929974507e-01
-8.443770048972647491e-01
-1.360949555236407704e+00
-1.201490160690188713e-01
5.943708273070492654e-01
1.273666297305342976e+00
1.760897773833191293e-01
9.765160033601189005e-01
-8.411050613752600880e-01
-5.979100141276699754e-01
-1.768160189524206616e-03
7.187611691213423581e-01
-3.000954533298148541e-01
-1.794257786004280320e+00
-1.299636509391093542e+00
-4.026003192757055538e-01
-1.532016006250360274e+00
-4.500437446482920961e-02
-9.365201071613192818e-01
2.249267900542292753e-01
9.238728905704006733e-01
1.034926573658488280e+00
-3.720426528182484982e-01
-5.532976097062551890e-01
1.294772507423864294e+00
-7.561215580289363247e-01
1.321999072805203568e+00
9.037242673641312507e-01
1.095939982876848573e+00
-1.414889406557035878e+00
-8.542288404306507266e-01
1.480998146932954951e+00
-2.655450772555019157e-01
-1.209097801788263371e-01
1.009152867854371305e+00
2.821432540072273953e-01
7.554343321226181240e-01
2.658163244977973516e-03
4.160050623730721653e-01
-8.178609494178371575e-01
-3.199105918822165995e-01
3.186449586497848152e-01
-3.790566615636481451e-01
-4.141867055161596034e-01
-5.110636750857824318e-01
-1.952698791667117240e+00
-8.607455193653643089e-02
1.826206513165177459e+00
1.233972723616170386e+00
-1.023230799153003412e+00
-9.357605994934670157e-01
1.175594558000720324e+00
-4.757957921944844792e-01
1.357521473878870455e-01
5.395915982881082096e-01
-2.439806814747295105e-01
-5.706524958804801706e-01
1.184691644878349548e+00
1.300638181719830921e-01
-2.929891696178153482e-01
2.910873862901173781e-01
5.865946198513532356e-02
9.307011220680317942e-01
7.958684040504375723e-01
5.314488591925321526e-01
1.188019791011708737e+00
-9.045318282302305946e-02
1.494761791357245073e+00
1.374921673917742782e-01
-1.477387445323146559e-02
-7.716637461848082635e-01
1.759846763163923633e-01
8.992744198675716172e-01
1.234384214903764487e+00
2.713043277737561820e-01
-8.336149127824498128e-01
-1.095470127990444631e+00
5.374581004721823430e-01
-5.150026099889500053e-02
-4.323828461574965587e-01
-1.168869556112810626e+00
-1.682550509301505626e+00
9.394029950282399843e-01
1.385386653628629672e+00
1.100643905855722915e+00
-9.859218430595315663e-01
1.243426636455639001e+00
-4.863901268169704695e-01
-1.855238422125441433e-01
-1.581799319452250469e-02
-8.360214819264777386e-01
-9.254461379697072054e-01
8.337841449729385124e-01
7.393021759712745666e-01
6.747472091478098344e-01
