1.406595012508927933e+00
1.084623787683171026e+00
1.447078604763936349e+00
1.115416877018753361e+00
-8.967057424929323339e-01
5.343480949519653356e-01
9.098742659207821326e-01
7.238469897968194955e-01
7.472767202027432720e-01
1.060581425555033208e+00
4.129431572335933720e-01
9.130857696555769731e-01
1.107899712421274385e+00
2.540717713444790027e-01
2.802565608510773632e-01
-3.590373710010850705e-01
-1.117726604978305227e+00
5.756118248579271401e-02
-8.884487134466694247e-01
1.200589967667531788e+00
9.352627074958999032e-01
-1.818998114932250942e-01
6.307172581889286533e-02
3.209244599345523197e-01
2.479028723524502043e-01
4.631282661520413346e-01
1.162612149292338026e+00
-4.226018593430677095e-01
-2.476422840432611697e-02
1.123579606036586853e-01
3.304398618699628254e-01
-1.671169155592400202e-01
1.365679434714123508e-01
5.692241812230012243e-01
9.197576002703803377e-01
-3.448415277207268481e-01
1.627614380045338816e-01
-6.622636459082583693e-01
6.650556885093904524e-01
-4.811231833712844019e-01
-7.305543019656804415e-02
-2.642651651632620391e-01
6.350159596958361297e-01
9.583190668644359089e-01
3.202166277005666917e-01
-3.155924379549105430e-01
4.251127830890884529e-01
9.859392539065537919e-01
-8.176156494533981522e-01
-1.420749152428597839e-01
2.108509578081856073e-01
5.382536883801181116e-01
-4.235269810424424075e-01
1.221029208806134081e+00
4.260156042260759834e-01
-9.963694503455347018e-01
-2.524922892631837334e-01
1.723520059924052439e-01
9.781309740854582380e-01
7.580623455135869770e-01
-1.256861125832924753e+00
-1.084780376666542701e+00
-1.436370540480013114e-01
2.669001774032036534e-01
1.337930801779018797e+00
1.037592563551142932e+00
2.067223551828032413e+00
-9.883731726177119592e-01
3.250045666790037924e-01
-9.131206648433365380e-01
1.284139599858879599e+00
5.186255123152296864e-01
8.166969446629609442e-01
4.108191211991368275e-01
-6.726744741900174684e-01
-5.995315063877846296e-01
-3.244907098968981551e-01
-2.089999480092480155e+00
1.441487541436285769e+00
3.154014404461154553e-01
2.569638130078051308e-01
-8.022339261130908561e-01
-5.484188029468226588e-01
-7.987487843493357165e-02
1.375553127045047452e-01
2.915694306165814709e-01
-6.483825275800374488e-01
1.079978401980538072e+00
-8.679059300784289777e-01
2.584954348543757607e-01
-3.570193627890015931e-01
5.352130358609118455e-01
-1.399583639886937958e-01
-1.322862663764268545e-03
2.562924342719951065e-01
9.381527491582485334e-01
1.107501327301296579e+00
-5.131671891326156087e-01
6.907906111901636059e-01
6.824501899772317248e-02
6.740284681763224484e-01
-4.844005580287814028e-01
-6.689238899737153243e-01
2.471731952233709451e-01
-1.012640230421444798e+00
1.226923456646756144e-01
4.095135529283219430e-03
2.060393092813468663e-01
-4.711334286220830725e-02
3.338518697801355906e-01
1.304427507725400628e-02
-3.614526244984214154e-01
-5.425096089249904496e-01
2.552359006786877327e-01
-1.572223957877404210e+00
5.206263964719277659e-01
-5.504738251637804058e-01
6.557310134330717188e-01
-1.937545778967591226e-01
3.450814142117486494e-01
-6.432924927884414723e-01
-1.093219904815798227e+00
-8.044974982473217517e-01
2.122627267316617161e-01
6.920579641104525059e-01
-2.196600784736219003e-01
-2.297375538636265979e-01
-1.523444127173154694e+00
4.853630191027864527e-01
-2.290541147529930877e-01
7.565986555778338174e-02
-2.442970866438337607e-02
-4.982540467298710030e-01
-6.626075060570834063e-01
1.137544718567752300e+00
-9.214744042043602201e-01
-3.052857026215028968e-01
4.059853253464462131e-01
2.387776842927009646e-01
7.321781067645428687e-01
-9.216941153814576237e-01
-8.656708488936302182e-01
4.322038050252092756e-01
1.343948602602257569e+00
-1.756537779680479860e-01
-1.077804301632455664e+00
1.520022982122277266e+00
8.711730386653666613e-01
9.558797168354182805e-01
1.000049045380769330e+00
2.913753347495988688e-01
2.374168927963181686e-01
-8.662758253195546043e-01
4.664881074427969510e-01
5.240619921390349267e-01
1.427175720887752908e+00
-1.114080401253028318e+00
8.118651354564371259e-01
6.903128743206958517e-02
7.404342169510846894e-01
1.215966180825233528e-01
-1.922404024447942339e-01
-2.264723558127761105e-01
5.987183094520721616e-01
-1.256548693237448111e-01
-7.561938769103646596e-01
4.890051372249059614e-01
-6.872786681626992522e-02
7.511377823470086756e-01
2.853888382747630376e-02
1.347451269318966416e+00
6.161566309178392320e-01
4.762532462825850299e-01
6.524546422017314384e-01
1.897801769262132510e+00
-5.093000735380086574e-01
9.836532906597228454e-01
4.413586760164919243e-01
-7.283738724550512522e-01
1.426258854624345096e+00
8.156520618587365101e-01
5.348840239795155105e-01
-7.889309357248697196e-01
2.149731093288910211e-01
-1.568012937899237735e-01
-1.498960245326393270e+00
-2.350083146296537417e-01
1.293134544141551823e+00
1.221554355642678613e-01
-3.191598321392251636e-01
-5.084380017536774821e-01
-7.143551587777631218e-01
5.193588194659373158e-01
9.437103966000220945e-01
7.992936841530594583e-01
9.786964265507831495e-01
8.147876589959985871e-01
1.268130654617935615e+00
-6.285966028650863402e-03
1.600468594808150402e-01
-5.034124383283234971e-01
1.683218794293753318e+00
9.283462562018922615e-01
1.135615772318384398e+00
9.694986776465974732e-02
-7.126183184190112430e-01
-1.035312554514768557e+00
-1.246674727562680912e-01
1.514865523177571800e-03
-7.652793293832603760e-01
1.110897896573096899e+00
-2.556217635750985262e-01
1.526815284950845397e+00
-5.897179640813458024e-01
1.230007447963630957e-01
-1.557278060158136523e-01
1.357698437596964958e+00
1.694711701243296620e+00
-1.099262861043553974e+00
5.267797105299238530e-02
2.484056270864203886e-01
6.540969044317960224e-01
7.691546446548827021e-01
7.230843150814159070e-01
-1.934996661709351695e+00
-4.245919519470026104e-01
8.182027316180446874e-01
-1.701457450038925193e-02
1.427082528872527289e+00
8.548544625086785809e-01
-9.104736864665050611e-01
-1.097114626179710672e+00
3.365044764820596113e-01
3.327466390691776188e-01
4.656641799489689704e-01
-3.543532600392563792e-01
3.463321166626601721e-01
-8.151865978565846493e-01
1.621713319061231395e+00
1.277879068858640832e-02
6.744337215390852625e-02
8.742446702376318601e-01
-7.869986657965146737e-01
5.090513936651366311e-01
-3.527748905753084196e-01
-1.032341506634913531e+00
-2.670023659327711019e-01
-7.468666458991520818e-01
6.563967640270639281e-01
9.215112354019285856e-01
-6.701288087994180520e-01
-1.465828748817930238e+00
7.795206544811643656e-01
1.152598695731748224e+00
-7.475741674073440590e-01
7.628304197025690403e-01
9.137652806642755365e-01
1.389361403458165611e+00
1.435595344542811846e-01
-8.158472592615262364e-02
8.822626824435356729e-01
-9.514023466313658028e-01
7.086736129315711341e-02
4.543665470475859447e-01
-3.802171464214076368e-01
