-3.608760579884381925e-01
-2.422935845645275421e-01
8.877339922868711375e-02
1.858528381236882188e-01
2.261627587150121521e-01
-7.263168262856589674e-01
1.643139682456208339e+00
7.518268393177962583e-01
-6.989669058462174567e-01
-1.104386204233374302e+00
7.083989044129650470e-01
1.639347779194542554e+00
1.006844250022140841e+00
-1.060610762862463030e+00
6.590422569375797845e-02
-1.970820835338557231e+00
-5.052468405611683089e-01
-2.100574535036354273e+00
-1.832617743474085625e-01
3.798125337155683900e-01
3.495788913743017590e-01
5.953458096990441595e-01
-1.171362733445612037e+00
-4.427357396404579815e-01
7.273357717875950090e-02
-9.987601385753087646e-01
8.779959966666043281e-01
1.096060958202207392e+00
-7.060083204218766673e-01
2.241325081610353820e+00
-7.916480243066706945e-01
-1.348547693672472736e+00
6.097650873795729121e-01
-6.932211716668867929e-01
4.531547567223114803e-01
7.204965779711900442e-01
-2.963016119279966998e-01
-1.103613097411278998e+00
1.337081795485419444e-01
-1.265819483554550429e+00
7.116806818230259069e-01
-3.672193069103305008e-02
1.016110080645802466e-01
7.169559888918140000e-01
6.985260167353785077e-01
1.551204163302457140e+00
4.013136540319111045e-01
-8.204477042412287036e-01
7.050786103813393435e-01
5.352935391082404015e-01
-3.077504498558419344e-01
-1.387929080567071205e+00
3.244805338992056143e-01
-2.212903492737698929e+00
-2.777637914538594321e-01
-8.742537665366958421e-01
2.445223100843825770e-01
-1.995298165674379981e-02
4.687114782455420459e-01
1.909255528766250209e-01
-1.795326332693219618e+00
-2.565502831850515753e-01
-1.539142701000593361e+00
-1.361112323210010855e+00
6.106998756134908168e-01
-4.604841899537451266e-01
1.095414972021569344e+00
-6.056299664245161640e-01
-1.178641314422343545e+00
-3.887588787465455220e-01
9.597319401773856118e-01
3.845347922407141295e-01
-1.020877715577217515e+00
1.121292198307721893e-01
5.318087502784828446e-01
4.746793935534378561e-01
-1.900336996818113300e-01
-9.873728259255042383e-01
1.040980389993851479e-01
-2.312734346016419584e-01
2.680211826984042756e-02
-1.015676378354502862e+00
-6.162988074612824052e-02
1.090006934266683492e-01
1.704515462248680502e-01
-9.677820957705272065e-01
9.982155276615245487e-01
1.106828974229574269e+00
1.080421906921795738e+00
4.130262762303761603e-02
-5.472114108690498413e-02
-3.555521941037130262e-01
2.936144109833750404e-01
8.469581534718061411e-01
-1.284431820346095598e+00
-5.841061886106493906e-02
-2.392900098841538314e-02
1.154906686243806213e-01
1.151594691271770499e+00
-9.926242351471419312e-01
1.205489394788569063e-01
7.014137381967320284e-01
5.825338720836829021e-01
1.275094551762328443e+00
3.759535550621384559e-01
-8.325159524163545655e-01
-1.427812610339340038e+00
1.370227648916231500e+00
-1.022677884310530638e+00
-1.245063951702044758e+00
-1.475569817085246593e-01
-6.230065537092864814e-01
-1.539686364737087976e+00
4.916718395443617773e-01
2.571015584303745216e-01
-1.860402899147213795e-01
-2.246876848474143318e-01
-1.453322403875718649e+00
1.044757602123789209e+00
-1.336989916678916535e+00
-2.731500489366913142e-01
5.483831302639157190e-01
-1.068329755339628262e+00
-3.938544076211556444e-01
-4.678112698386814317e-01
4.932569796891578262e-02
-1.196243379214721125e+00
9.538030689778650983e-02
4.217725828949956401e-01
-6.108845946342086330e-01
-9.021718221115958281e-02
-7.808095265511550975e-01
7.137463410423326993e-01
8.689745904534585952e-01
-5.982450187331607161e-01
-5.032830637976120070e-01
1.022857245013715222e+00
6.326330787934529853e-01
-7.224927317301296226e-01
-6.574093846022621701e-01
5.932712370894588361e-01
5.629544918353559524e-01
-9.006629680259797821e-02
-4.473483161492485261e-01
8.579187237789775988e-01
-7.412655380512902514e-01
-3.840000299894770208e-01
7.818638112904996440e-01
-4.346113188151240481e-01
-9.648791133078631344e-01
5.636960616780813810e-02
-6.852386303275945778e-01
-4.522896002762639700e-01
6.805662006757632332e-01
-4.869586020296962775e-02
-1.667693462562858775e+00
-1.393148605483304436e+00
2.402087717349641605e-01
-1.661548978792537490e+00
9.696997099340018411e-02
2.636589265309807750e-01
-1.455634752065599669e+00
4.352647542413649040e-01
3.639764767818273739e-01
1.177337502021468030e+00
-4.453985726631193853e-01
-2.312290042842408688e-01
-4.004660237695839009e-01
-1.048097511713673435e-01
1.168604404481603964e+00
-6.601594544719729951e-01
-8.468788214982309048e-01
-1.405831123236178204e+00
-2.364948387482890546e-01
5.955882401786523062e-01
1.310669382330199584e+00
1.325708499288377196e-01
9.781593055089039535e-01
-8.322359278221651557e-01
-5.020202078999606021e-01
-1.821148639896773280e-02
8.382513473371955293e-01
-2.214198893822698078e-01
-2.349121369374707946e+00
-1.300773783018270180e+00
-4.227564037648602335e-01
-1.527008391192454795e+00
-3.576452420680673733e-02
-9.175399225831756267e-01
2.385004381785091609e-01
8.744801589125260621e-01
1.059147277147667543e+00
-3.666937636986592475e-01
-5.748973877053815684e-01
1.269133183054415248e+00
-6.699851811523959144e-01
1.418529765555588185e+00
8.312783134138390650e-01
1.099944824654858655e+00
-1.410789038945852170e+00
-8.991326247228959012e-01
1.478668661792966743e+00
-2.591182225953653773e-01
-8.925581927043801933e-02
1.006862311012792111e+00
2.032902401152746341e-01
7.283980732074576414e-01
-2.270826970828807578e-01
4.215481799043785394e-01
-7.783187578157284570e-01
-1.705283502223713388e-01
2.372951896516044268e-01
-4.349703340371748883e-01
-4.185603178997410190e-01
-4.821097695808850281e-01
-1.946336907521315052e+00
-1.110505535559227347e-01
1.406908843535779718e+00
1.310412987028839904e+00
-1.106012683361865090e+00
-9.630778725725376299e-01
1.186179279346979865e+00
-5.170149499525740211e-01
1.557092330053629070e-01
5.692955869245142075e-01
-2.357066246479075367e-01
-5.492300383085878535e-01
1.238062448249278358e+00
9.361411192081149635e-02
-3.057171978146657754e-01
2.554222634344329723e-01
2.349660333582665739e-01
8.272552724751028874e-01
9.969066573472245008e-01
5.269679092415964217e-01
1.206652789464790487e+00
-9.310342923375088120e-02
1.449133169784715847e+00
1.434102642914073800e-01
4.060653231690436460e-02
-7.681635369874443287e-01
1.363818588656912356e-01
8.352659816282008709e-01
1.212413783097533226e+00
3.040878262646798946e-01
-7.806346065763893893e-01
-1.166297774125673925e+00
5.532871243089531044e-01
-7.299156041997675870e-02
-4.441089545109728198e-01
-1.165888216356746776e+00
-1.710129178201853728e+00
9.654927439585530013e-01
1.386028089471822433e+00
1.089804520209485927e+00
-1.072467347077681987e+00
1.254850621024303337e+00
-5.790791828279518993e-01
-1.662400521080066862e-01
-5.186265362470796753e-02
-9.735492693501022199e-01
-9.018887964501247634e-01
8.051719852584928727e-01
8.063841316274367177e-01
6.485705243425342603e-01
