-5.768726133543636836e-01
-1.013946569781937757e-01
7.628203729298953517e-01
-2.309154821596312579e-02
1.217805483387323751e+00
-1.299003478895752073e+00
1.560362326396042665e+00
-1.314240387268558852e+00
-1.598658500888956446e+00
7.985259940643458787e-01
-4.004410258486316154e-01
6.134507684800667437e-01
6.846446168178974556e-01
6.841237302209216553e-01
4.382279086661126088e-01
-6.938902128166022365e-01
2.212581147004974103e+00
9.093849654169761099e-02
-2.005556361535840715e+00
2.593766705940432793e+00
-2.501055365881929227e+00
1.767637651485904460e+00
-2.815426674597894419e+00
-1.103825020065320128e+00
6.417004342965759722e-01
-9.173849111859161409e-01
-2.364904853894931769e+00
-9.217086235381977133e-01
7.941495493103158942e-01
1.351797738797814841e+00
-1.810543650224288870e+00
-3.559802405597069508e-01
-1.323030664443343829e+00
3.083806493777476287e+00
-6.624015489184418293e-01
-4.122425799741763486e-01
1.112412554482248517e+00
1.782298063513515718e+00
-2.598826714240793478e+00
2.638250483556552339e+00
-1.389628109104448672e+00
6.878076572955004186e-01
-1.305873658160505046e+00
-7.927095674261502856e-03
-1.465071067653494818e+00
-7.130719026561831431e-01
-2.320291462942366767e+00
2.856542156639519936e-01
4.658516340921580179e-01
-8.259409109438761720e-02
-1.267352278983842950e+00
-1.990904922115478204e+00
-1.490763573694270816e+00
-1.417560437416750307e+00
-5.493143741534312063e-03
-4.866182058559831991e-01
-1.532299587481763536e+00
-2.691401140421886273e-01
-2.578297760769739710e+00
-1.598456030732612887e-01
-1.678764524640192546e+00
2.922944284430664119e+00
1.179334766968000991e+00
-3.409582262131914288e+00
6.792959312014655859e-01
-5.906890350357582031e-01
2.732429711715438803e+00
1.664824735669269695e-01
-9.908556859399191286e-01
1.824946102543921089e+00
2.554984505005413187e+00
-1.346227380652795347e+00
-9.199471671275507578e-01
-1.742030897402753631e+00
-2.776355518275606671e-01
-6.011080892042963697e-01
-7.892362010525949545e-01
-1.335463359091287661e+00
3.187919933993978550e+00
-1.007635492277903166e+00
-2.302728089995511596e+00
-4.605738102515672949e-01
-7.182311312343759857e-01
1.738636409865723209e+00
-2.399090457629954543e+00
2.125366039908341831e-01
6.339938656866999089e-01
8.237309886422207184e-01
9.542690311329744546e-01
5.478256160104865158e-01
-9.555387242369318690e-01
1.920807730607538844e-01
2.580890580557290814e+00
-1.175140027216670102e+00
9.350559758934845478e-01
1.311867489544897847e+00
-1.385685658457499470e+00
-1.260644081541449690e+00
3.889345241655907670e-01
7.517801560170442876e-01
1.477171895893949927e+00
5.358768742051842615e-01
2.469550620543848662e+00
1.234359903547468829e+00
-7.721558810617444868e-01
-2.182585113326731552e+00
-1.538729211463891744e+00
-1.016277317590438267e+00
-1.964914790086831120e+00
5.119419632317627755e-01
3.796582925194366687e-02
-5.652817023046270428e-01
8.725884083105410749e-01
-5.007929432367695943e-01
1.138688682963417298e+00
4.587780742280015422e-01
3.070725010073604988e-01
-1.700868023423194320e+00
-1.494565309377765328e+00
-1.092040237076767006e+00
1.466497224229319052e+00
2.168941123969312823e+00
6.235978542466191765e-02
2.621775507042028774e+00
5.289741932113916079e-01
-2.758436800013387202e+00
2.230474249131255249e+00
-1.524291965435318197e+00
2.400330057601106404e+00
-1.074609949062332204e+00
1.125399089948725839e+00
-2.316119718209385336e+00
8.296075101654668549e-01
-4.684243258321738601e-01
2.819738652890474206e+00
-1.993166117048404518e+00
4.797288281206592009e-01
6.503101832720935560e-01
-1.584330144747367886e+00
-1.859485363621506071e+00
-2.739358464643676383e-01
-1.861911212120177239e-01
-3.387576749395702636e-01
-5.583595814222546139e-01
-7.396937719449370174e-01
1.725168831566836758e-02
-1.596224898633598288e+00
-2.296032186883431248e+00
-6.687764621073648275e-02
-1.933015031355645785e+00
5.949672516603378147e-01
-8.463794536429092297e-01
1.151858491505622917e+00
-1.295158642829425721e+00
-2.039230358872092808e+00
6.745321711568006418e-01
3.016748155978304702e+00
7.077950544397597632e-01
-4.915115534761226312e-01
-2.274791205072291822e-01
3.507479519416000224e-01
-2.567659257450891186e+00
-1.412974638720816190e+00
-1.003862332632118770e+00
-1.852026098618873906e+00
5.644866453038009935e-01
-1.462109200970058698e+00
2.194636022803972963e+00
-2.360398319129515254e+00
2.003381391752600660e+00
2.338734397092916861e+00
-1.441398357712998735e+00
-2.084836110489962202e+00
1.646369218882266283e+00
7.962808151832391212e-01
-1.574835282234495759e-01
-3.088609786906597154e+00
-1.367890562156161005e+00
3.382178728893278086e-01
1.021635853844765185e+00
2.317980090759149125e-01
-1.950851173899448288e+00
1.972893252255665253e-01
-1.646287747959273684e+00
-1.526223780001646491e+00
-1.871901980012728117e+00
8.254843610655179242e-01
-8.582207018367801199e-01
-2.549231653017205002e+00
-2.279428117445332802e+00
8.412399890293471572e-01
-2.311351041524206451e+00
-9.411946484055797590e-01
8.951474584852956440e-01
1.201522338523036554e-01
1.270136781930936376e+00
1.733122874400734537e+00
-7.035504302247137520e-01
-1.070424368551327055e+00
-3.209687654216661468e+00
-4.357740502054915366e-01
-7.797010908183277245e-02
-6.111932021714943097e-01
-7.432735276633084531e-02
2.356626433337886795e+00
-1.865657702235186788e+00
-2.469575972936921826e-01
2.264522765518280245e+00
2.527066509265107896e-01
-1.156211492706415989e-01
-1.481720951276136233e+00
-9.287901856993425742e-01
-5.192392464154116372e-01
2.800729609855572289e+00
-3.578076233444080212e-01
-2.416394326214753308e-01
-1.743618773633529573e-01
6.070319585591720246e-01
6.626374612096762595e-01
3.309365083499539839e+00
-9.448935044175736930e-01
-2.423492648834425500e-01
-1.096049379696192094e+00
1.168672258229807914e+00
-2.076574372539731428e+00
-2.249726388210484096e+00
-2.045854381385121101e+00
5.663811485284909741e-01
6.819843800286267133e-01
-5.262625866263147545e-01
1.020531391100616858e+00
1.029460528346581194e+00
-1.526484683676838428e+00
1.748368138615993717e+00
8.333133439410694843e-01
-4.885396599256633943e-01
-3.258496711604399909e+00
2.598570536270319309e+00
4.298269488582855402e-01
3.221136090337767488e+00
-2.061425852338576448e+00
1.406394499120744879e+00
4.462067863911478582e-01
2.137010114777684322e+00
1.823940986713422863e+00
1.526194440313990874e+00
2.541614398847122480e+00
1.017957935498703392e+00
2.198431594917866327e+00
-1.533862448489595076e+00
-2.180021030875989307e+00
1.256417134430046545e+00
1.621946204495429811e+00
-2.609775297124093396e-01
1.264981038560129889e+00
4.999277706543432398e-01
-1.097688306706112948e+00
7.466908749600467687e-02
-1.420730398227438185e+00
-1.820476664321368787e+00
-3.016283862749685074e+00
1.199659455531992158e+00
8.252289066875087009e-01
2.822087252310653271e-01
-3.203207514277701673e-01
