9.276400552041977887e-01
-7.945778792419941894e-01
1.139759134353369507e+00
8.391101188306586411e-02
5.298076918089585918e-01
-1.458544879852588239e-01
-2.008303306607278349e-01
-3.549701299902705692e-02
9.698545803550061573e-01
-1.253774730350949995e-01
-1.289203472751249135e-01
2.836902695559510162e-02
-1.171001107397810909e-01
1.066283402401791314e+00
6.974142105228734456e-01
-5.107862855768682264e-01
1.025048775070133367e+00
3.584599513000129578e-01
-8.393637596513212618e-01
1.430576866267896152e+00
-3.260867692591828959e-01
-3.147399831922760294e-01
1.834479716593470089e-01
9.688165564582083000e-01
-9.548510126356087868e-01
-1.974603476753053477e-01
6.485419687140083767e-01
-7.872147973582261926e-01
-1.672174241979989817e-01
1.209492404476300242e+00
-2.073186835252257554e-01
7.520000807834950618e-02
5.777731259648057754e-02
1.360361277147935199e+00
7.489607574906437248e-01
-2.293065342288413688e-01
-1.088451959018534643e+00
4.008518262535300941e-02
2.402579052097605222e-02
-8.235785515806564039e-01
-3.392438269385362193e-01
7.917427933983941513e-01
-3.006290648276170874e-01
2.136644632517401110e+00
-5.222919219204325003e-02
-7.239451723951169371e-02
-5.719998699725101776e-01
6.170900388953526328e-02
4.200860216795155866e-01
9.416742937259757751e-01
5.945903352119249474e-01
-1.852694899206815404e-01
-4.377653538562003566e-01
2.220335421006457699e-01
2.998655991733871762e-01
-2.917864845068161572e-01
1.158109316353092000e+00
-7.557319577537793265e-01
1.705637176230541396e-01
2.761443649482337448e-01
2.180444233439131074e-01
7.199451542936649018e-01
3.105343468053426426e-01
-8.160383002158918542e-01
3.558945778036666230e-01
6.442050031457063897e-01
2.257943102622366194e-01
5.260882033214037135e-01
-3.071056090264544236e-02
-4.421586329346472999e-01
3.337635081802303727e-02
1.423396907658877275e+00
6.829915962793169371e-01
6.668868123600000253e-01
-2.091221161200995382e-01
4.775058237676199080e-01
1.179622912589747274e+00
2.785894130717608830e-01
5.710428141117577239e-01
9.447780182135203653e-01
2.654744423936448716e-01
5.737064275692573823e-01
-5.202512340202720270e-02
-5.118585801160939752e-01
2.618763720058727151e-01
3.800008447272821277e-01
1.094943352273876735e+00
-3.749954044267652109e-01
-6.094216828274438003e-01
1.702258094223768614e-01
3.753272440470038496e-01
-4.367956729804030047e-01
5.728111927588137586e-01
2.046210108076479406e-01
4.767243623980056966e-01
-1.707110364852882922e-01
1.108869426446371514e-01
-7.255234301994878399e-01
6.857178731881971023e-01
-4.214730490824630110e-02
1.324178141970865363e+00
-3.204937738155544391e-01
-2.651790308088090159e-02
7.754161405524312434e-01
7.777500472325528103e-01
-3.124236480065662458e-01
5.405668597026385136e-01
1.060372165120680332e+00
-3.784694553793680472e-01
5.834541022369886809e-01
1.727564285373595354e-01
3.885369065180503401e-01
4.553824027217969750e-01
3.595408633561693601e-01
2.813286044846097234e-02
8.345372965040273594e-02
1.390286784007157994e+00
1.094397880701156067e+00
3.319874615607230073e-01
1.076183966380963364e+00
-4.576305283044538319e-01
-3.700078955084432630e-01
-9.739124099945056789e-01
-4.591892255343084095e-01
-1.597595390492359269e-01
7.161057909282078082e-01
7.987659850278614471e-01
7.013921272952914343e-01
1.575713687398245355e+00
-6.930435911633443524e-01
2.190903533928884872e-01
4.525210888286268496e-01
1.569541451218270101e-01
5.127777081670248371e-01
3.420043011284999435e-01
-8.370410519006744599e-01
-8.728601881118694950e-01
-3.178094398924808939e-01
-1.201832608586038235e-02
2.896098465540786204e-01
-1.895879389221177824e-01
5.647693963773657844e-01
-8.710516646851903522e-01
1.928073228544766038e-01
5.825308918033810235e-01
-4.983488620069902453e-01
-1.564828453648418882e-01
-9.322393996597733157e-01
-4.430491186481927968e-01
-2.365083795396421273e-01
-5.548220468355754553e-01
8.418615282499455899e-02
1.824275448778107100e-01
2.985527404948673524e-01
-8.539987533081670745e-02
-9.755366848449167350e-01
-5.603649572057759487e-01
2.848219791230282572e-01
-5.149584162563417555e-01
4.323982434994236845e-01
6.281006117476923833e-01
4.706285913972210050e-02
-3.000145735360855159e-01
-6.904384538848595820e-01
6.919332692571960042e-01
-4.902011751044609289e-01
3.116300236920297451e-01
1.009390925333340627e+00
-6.240572704840284812e-01
-4.097670986188605702e-01
1.959383015893777280e+00
-1.578927725993930775e-01
-1.702379563068205648e-01
7.173550481517413369e-01
1.004733972339499681e+00
3.558478946864362391e-01
-9.313276045776917034e-01
4.819580509005501612e-01
-2.125708576915994463e-01
-3.608288425623326079e-01
7.129586735357481553e-01
3.712041920898807579e-01
1.132112508604170120e+00
8.647118769307270414e-01
2.313718052695714136e-02
-1.888859811998831739e-01
1.287508092989342323e+00
2.768619798897715700e-01
-3.276342837393442786e-01
-3.903890812909246999e-01
-3.147728821593242521e-01
-4.234789338109681278e-01
-9.016567640366504044e-01
4.956605842593070910e-01
-6.363304720708712336e-01
-2.124268570719821739e-02
-6.098011853142720762e-01
-1.778127698009979163e-01
5.213729239309536911e-01
-1.031196439836290502e+00
5.707089016110571400e-01
-9.157158509430780580e-01
-7.244434816935974020e-01
1.095335422633460176e+00
7.012233326231140929e-01
-3.496196240510017206e-01
-1.243100859909076067e-01
-6.018877976545476960e-01
3.728804212124118833e-01
-2.083765272519049472e-01
-4.200877311762579169e-01
7.882911039352473725e-01
1.753190747816956163e+00
-5.289946440615134193e-01
-4.260795029961068625e-01
-4.047816866207631925e-01
-7.784021505321294665e-01
4.684941191192999455e-01
7.943275944766493568e-01
-3.455011932794719298e-01
-7.311601975844879142e-01
-2.236569312004794696e-01
9.690588881168650248e-01
2.001642380483864836e-01
1.792808199086769749e-01
5.907469450534708066e-01
4.327510639118155589e-01
-2.368095700243021406e-01
1.061257066495695067e+00
6.220373870105249531e-02
7.273243311192647553e-01
-1.150576073152864698e-02
7.755453389515568619e-01
-3.809011317198031654e-01
7.961256406224002102e-01
6.226612856267084439e-02
-1.022257991725037840e+00
-3.278978432059433956e-01
-9.138072194848947949e-02
3.809484823388165631e-01
-5.968535142557064299e-01
-8.191874971141152040e-01
-7.667758085720436378e-01
2.613017100959383332e-01
7.698678483460986710e-01
-8.419189935430774208e-01
-5.840609750089690300e-01
1.023543445275177932e-01
3.493525714621394385e-01
-2.840002466460980757e-01
1.672120355802496905e-01
-5.740675928596934430e-01
5.053959307894454467e-01
3.396924916528124561e-01
9.735781297041051774e-01
2.350298555395929079e-01
6.856174075699190684e-01
-2.516734105165793420e-02
-3.046277642023740850e-01
-6.115280392664184106e-01
-7.010191110285861615e-01
4.689044613476459622e-01
3.121408231041036263e-01
5.663122941577407587e-01
-7.476509476937458487e-01
