1.401082960650513742e+00
1.088033424850715969e+00
1.440938505600963593e+00
1.115095445901126192e+00
-9.093355883751825797e-01
5.335759536332969066e-01
8.868537887270291353e-01
7.263407401839719890e-01
7.556319700850828713e-01
1.060626789419891747e+00
4.085303363178629521e-01
9.056358273919031809e-01
1.106087035130955742e+00
2.525169473034855616e-01
2.802606679811210921e-01
-3.591735887037745267e-01
-1.131851551137964762e+00
5.459685742727914126e-02
-8.851091127435974926e-01
1.199710390674048721e+00
9.297921545437611845e-01
-1.812812023968048691e-01
6.400809256620279553e-02
3.212259775608312107e-01
2.489173641912299506e-01
4.636096711687904826e-01
1.165643441120630230e+00
-4.227169180015542538e-01
-2.473588935441378006e-02
1.818501501071330684e-01
3.304754247943184065e-01
-1.708810419762420152e-01
1.363157835074340629e-01
5.732423605921129761e-01
9.163574272157063438e-01
-3.465292681657509144e-01
1.634701665737443577e-01
-6.571171603981460496e-01
6.561470225921790522e-01
-4.814223595833641012e-01
-7.235704102708488683e-02
-2.636236274514512368e-01
5.193549963946584302e-01
9.442244981429633865e-01
3.203175632492309965e-01
-3.155533912366946248e-01
4.243609585679269935e-01
9.858214204340416398e-01
-8.167032013555751702e-01
-1.422089502278851281e-01
2.104222416051791389e-01
5.381504101246447069e-01
-4.238814036639017568e-01
1.224088945869371114e+00
4.258461273337493802e-01
-9.957551321592372773e-01
-2.524922321179081108e-01
1.762422292177303340e-01
9.793730228600456833e-01
7.580028350329020004e-01
-1.256284404420043410e+00
-1.082049014133142917e+00
-1.461661921492034277e-01
2.658046971213973708e-01
1.338024138756791714e+00
1.037323807609168425e+00
2.068720328904978700e+00
-9.896026517310411164e-01
3.244561745257278917e-01
-9.074269481100530887e-01
1.278695666963068689e+00
5.170656149152381698e-01
8.117612792724289150e-01
4.108952413099439815e-01
-6.723199136839246304e-01
-5.958280393497010774e-01
-3.246805280555212780e-01
-2.090298140728897636e+00
1.443133682114855043e+00
3.168398459096396502e-01
2.635385368077312052e-01
-8.018716063721214038e-01
-5.462492032380440454e-01
-8.041772210131677145e-02
1.380009906437334455e-01
2.927427584549162076e-01
-6.468446116837047732e-01
1.078172838095186492e+00
-8.717854665032157557e-01
2.591351706941934507e-01
-3.565446160037590295e-01
5.348307925196399415e-01
-1.138611919265532235e-01
-3.082090573942837704e-03
2.586567059210649333e-01
9.574262186636345318e-01
1.100230375698501240e+00
-5.209581088874305488e-01
6.899294837587878204e-01
6.194831750951804161e-02
6.744961787215185689e-01
-4.848264351403263617e-01
-6.714485490909413157e-01
2.463046861304822588e-01
-1.009953552054279058e+00
1.244505654337876716e-01
3.584765918775538462e-03
2.034134646762676968e-01
-4.787565459742631341e-02
3.291614251455236562e-01
1.376332734572661108e-02
-3.614440062236883855e-01
-5.432962749077291376e-01
2.543904742586778345e-01
-1.572873219847698678e+00
5.204148814315064930e-01
-5.649526216732346784e-01
6.546435930246019552e-01
-1.931196307990010463e-01
3.424720117040482847e-01
-6.425339057079467731e-01
-1.094427989800655698e+00
-8.054934292298200349e-01
2.153645638844051691e-01
6.924589749000729100e-01
-2.268515956563659786e-01
-2.413425639646038512e-01
-1.526566336130710466e+00
4.855099072959481732e-01
-2.286784386363977517e-01
7.576558800706043040e-02
-1.713022208831204568e-02
-4.964971764198123361e-01
-6.638025700912323357e-01
1.137582058647275129e+00
-9.206878468063538490e-01
-3.041855558443177232e-01
4.072009419340018588e-01
2.367175128058771061e-01
7.327770186587687640e-01
-9.219568057998905886e-01
-8.631234259669042785e-01
4.328276199105883237e-01
1.343692069144563961e+00
-1.754513507864221278e-01
-1.056827235537500131e+00
1.520545525838947087e+00
8.693560657731824737e-01
9.572199854182789069e-01
1.000485353850163905e+00
2.924753613158654342e-01
2.520762163832978575e-01
-8.667998012236822758e-01
4.660493813178710476e-01
5.251646394470101953e-01
1.391450827768166976e+00
-1.114005216661332121e+00
8.122881791248515171e-01
6.036388095779451901e-02
7.412192493160030260e-01
1.236800023735993015e-01
-1.936536099306654657e-01
-2.202607985885118580e-01
5.996084224240809668e-01
-1.243068762111849412e-01
-7.569065668200131158e-01
4.885616955400344241e-01
-6.815431928640927617e-02
7.519646617965467517e-01
2.727923308192696170e-02
1.347219981596284866e+00
6.193644921869208009e-01
4.810303617575452662e-01
6.526893274172876902e-01
1.911269800345906988e+00
-5.093252780736080565e-01
9.864384130929868544e-01
4.415921564554818324e-01
-7.282462023971183473e-01
1.424252369371523441e+00
8.150702135422421835e-01
5.305210639791078098e-01
-7.905954000284914907e-01
1.912750994144842009e-01
-1.539378181122278977e-01
-1.489599139870566358e+00
-2.361674372835802505e-01
1.292999580352785172e+00
1.226874299079186159e-01
-3.232092767619362816e-01
-5.091171041636670669e-01
-7.142160921850848609e-01
5.191718211911132697e-01
9.437988908562404688e-01
8.073328054650968921e-01
9.779914828681381955e-01
7.701611815840434527e-01
1.268318418238225664e+00
-6.001854729355172655e-03
1.593299050074293843e-01
-5.009532447510581799e-01
1.683250232107438960e+00
9.296505315299586902e-01
1.136774464149248764e+00
9.405056283682142193e-02
-7.061518770767342135e-01
-1.035634626823012105e+00
-1.247744157718657515e-01
5.325583501322251126e-03
-7.646514047419693538e-01
1.110541399518581551e+00
-2.545642907456120985e-01
1.527526167827196746e+00
-5.885662234711955820e-01
1.217991028630871359e-01
-1.560990341454720765e-01
1.357409039187155830e+00
1.690337599661982493e+00
-1.100218812281331449e+00
9.655473305602479961e-02
2.451143491710815470e-01
6.551149659446324769e-01
7.707001757585620894e-01
7.221837580278146485e-01
-1.936594538452153680e+00
-4.299644385096033083e-01
8.261302127031312503e-01
-1.835067158029043966e-02
1.427184999865095616e+00
8.537378225960747802e-01
-9.129233173965155546e-01
-1.096014129121315461e+00
3.117943262654195857e-01
3.328886026495630479e-01
4.630108528710382143e-01
-3.521854222352999164e-01
3.461770956983581393e-01
-8.457927428308003037e-01
1.627229455579243034e+00
8.109854611154461781e-03
6.207764391525699005e-02
8.788602322871486017e-01
-7.881436539662552976e-01
5.048988509322239748e-01
-3.548102620707232480e-01
-1.034131688360169887e+00
-2.637971137602353466e-01
-7.463796276820152675e-01
6.563885074045997525e-01
9.213303194419599773e-01
-6.701408478961180526e-01
-1.465842133640555156e+00
7.815375772175224833e-01
1.151535043026207461e+00
-7.478222270406429395e-01
7.628833670302244130e-01
9.022098167691987580e-01
1.386442790468935815e+00
1.435232952618818447e-01
-8.154991222299298737e-02
8.819901309581721360e-01
-9.520942004592041208e-01
7.055844654803135330e-02
4.552615984161135776e-01
-3.820732482863608004e-01
