-5.363852733630440905e-01
-7.964998524177954731e-02
7.121333327628093235e-01
-4.463083738228728475e-02
1.152449078649369962e+00
-1.265981333826328381e+00
1.648193610901219186e+00
-1.313376440221140751e+00
-1.836866582382465030e+00
8.275131985832764325e-01
-4.187819991442846002e-01
6.322333098200024759e-01
5.459129849315158545e-01
7.486263571399819350e-01
4.290277117485845615e-01
-7.359577581239398203e-01
1.962256209579528843e+00
2.386888140519707324e-01
-2.190892043372059117e+00
2.616920382968069614e+00
-2.391402529423707346e+00
9.346273734607057904e-01
-2.753277735280704963e+00
-1.243542429105946034e+00
4.496379112604320660e-01
-7.227819709884318877e-01
-2.108443836512502667e+00
-8.838634663650074552e-01
6.870385340945346364e-01
1.046140809727359677e+00
-2.128238973363556941e+00
-1.647369059626117016e-01
-1.317487378299619927e+00
3.104116985353421398e+00
-1.155278502532702256e-01
-4.850314372756484582e-01
7.589591263338876237e-01
1.588063242988904333e+00
-2.287254134115159765e+00
2.507494516673644647e+00
-1.315497061209381702e+00
6.140029031650484637e-01
-1.251293969900528102e+00
-1.537930529237718780e-02
-1.676042130409383102e+00
-9.258243872446227929e-01
-1.820662322043370418e+00
1.083640351490915144e-02
4.726343926546719976e-01
-2.126631952296514916e-02
-1.343575095753340332e+00
-2.031645982281225837e+00
-1.385255144545396888e+00
-1.452046215819488006e+00
-9.099127564546033442e-03
-4.166850995028064664e-01
-1.542912972366855984e+00
-6.730822607481790065e-02
-2.428719860630014438e+00
-9.246420940252672582e-02
-1.628149471992102360e+00
2.985469754071608417e+00
1.365671971937642004e+00
-3.360997078333363586e+00
7.257995798818546174e-01
-5.838903650649405197e-01
2.705116508058614144e+00
1.832484848839527891e-01
-8.891427302819046030e-01
1.727811997782600084e+00
2.580374098299532903e+00
-1.382662041890102778e+00
-1.015054142980117424e+00
-1.887671482658302091e+00
2.776685687806484948e-01
-7.805562906821917890e-01
-8.379881955312796782e-01
-1.422803748178500083e+00
3.084740560242869911e+00
-5.956892541442651012e-01
-2.207276812740839311e+00
-7.390213119135089492e-01
-6.602364473692871050e-01
1.777232738460928774e+00
-2.385829112578126132e+00
1.319521847703847284e-02
7.161659216224576241e-01
6.260513970954307839e-01
1.164368279694354857e+00
3.278019575710003353e-01
-8.984380417179609335e-01
2.025892003223946358e-01
2.444635716224080824e+00
-8.633250382220972741e-01
4.278734783500074412e-01
1.268887214409248898e+00
-1.379336028309360307e+00
-1.616701134140132279e+00
3.655986985544399381e-01
7.487709212972875061e-01
1.459545582471970526e+00
7.950137877582432733e-01
2.193356092024000947e+00
1.268646987679096005e+00
-6.985846465160721053e-01
-1.941606172240360362e+00
-1.673176133160555246e+00
-1.192175747425846533e+00
-1.838716307286125007e+00
6.470201583459365136e-01
3.245568827417042584e-02
-5.824051822284310731e-01
8.203513005998458452e-01
-5.217932510963509962e-01
1.315648805110819941e+00
4.068062295898440262e-01
5.140268739277868981e-01
-1.824714956466184645e+00
-1.229904936518857905e+00
-4.194915924996457379e-01
1.549810713117040883e+00
1.955583954908641786e+00
-3.023976004676434681e-02
2.647413821485348429e+00
4.915854351981423509e-01
-2.843992238877682599e+00
2.301748414219446204e+00
-1.576451646170728971e+00
2.361059115298834499e+00
-1.383802319182247942e+00
1.251877218473072650e+00
-1.538570625485208510e+00
5.741600148719235852e-01
-5.152780215735413005e-01
2.856282192397993303e+00
-2.461500632494076246e+00
4.456623690171548913e-01
4.634427824431793796e-01
-1.534920167393140966e+00
-1.957451360506390792e+00
-5.658170885278636375e-02
-2.913024338102942479e-01
-1.202160404652652670e-01
-5.329395405713881484e-01
-5.513602556905041752e-01
-1.663049940403231453e-02
-1.810613747547171526e+00
-2.279396857365405538e+00
-1.776473179187457174e-02
-2.130516528720788116e+00
7.110087892310941182e-01
-1.051068062851481910e+00
1.184635654600684651e+00
-1.462296072154350313e+00
-1.855585734081795390e+00
7.424682490694072268e-01
3.055722206084832582e+00
7.448527924092452901e-01
-2.331826444732614245e-01
-2.513785713146865497e-01
3.475643645837691587e-01
-2.467163026491117517e+00
-1.388576968169576098e+00
-1.137188432090662227e+00
-1.848272966620829738e+00
3.412687827949975050e-01
-1.409126504581686756e+00
2.137130364134277372e+00
-2.318862838417599992e+00
2.139148914755171216e+00
2.274026439710297609e+00
-1.488967993148623492e+00
-2.003135613862726316e+00
1.710660188852384467e+00
8.241397990646421867e-01
3.101513398735610272e-01
-3.219013842782234569e+00
-1.422583786660910121e+00
2.284838893130329285e-01
1.100747772511074363e+00
4.956019731744447099e-01
-2.159134425794924095e+00
6.826910589992640777e-02
-1.699345828787623747e+00
-1.383401385935552286e+00
-1.954828475732653281e+00
1.013957800204017712e+00
-1.054947032468202872e+00
-2.428499397239942681e+00
-1.991273397148215496e+00
9.061961201296395707e-01
-2.294388034503629825e+00
-8.997762280090011444e-01
9.015141048229710075e-01
9.781165081380932547e-02
7.876358369280532790e-01
1.430167725206726637e+00
-4.533655707069262353e-01
-9.323667371492831979e-01
-2.874898102354539908e+00
-5.518244660877851260e-01
-1.331786633492232086e-01
-4.679277317449472839e-01
-1.802223194960557717e-01
2.335489818881811619e+00
-1.866535855479190875e+00
-1.844235165941433274e-01
2.159222481861908349e+00
2.956595283953653563e-01
8.651489193498945740e-02
-1.483602201591631697e+00
-9.405474312870265585e-01
-2.901345496699491711e-01
3.042056082438926445e+00
1.449933099959678229e-01
-3.739636926512606152e-01
-6.694931800908257569e-03
2.652469589561629038e-01
4.575588305903395270e-01
3.230363949409801982e+00
-1.101736259286010711e+00
-3.733174522901446801e-01
-9.967220939013724523e-01
1.136190826701519718e+00
-2.055529080081403670e+00
-2.181180473301483680e+00
-1.900246019873380821e+00
3.314917384923051769e-01
3.943822436804289566e-01
-3.869268352205978978e-01
1.058888878648551302e+00
9.904452421351079838e-01
-1.529232392660376583e+00
1.906612801602289853e+00
7.869443541158505084e-01
-2.530591979559649318e-01
-3.154683516363225415e+00
2.415507992780116631e+00
5.071485875548455979e-01
3.225756644462411060e+00
-2.039450700074833644e+00
1.314248837194304187e+00
3.230249475798439018e-01
2.428764551095560442e+00
1.887763350815316654e+00
1.644640677319597621e+00
2.587949704615303048e+00
1.083281933130241681e+00
2.268162649195540226e+00
-2.186061778080469864e+00
-2.055858704333473508e+00
1.188028232906933157e+00
1.833711229438860224e+00
-2.489425724811984431e-01
1.207569904410314088e+00
3.487136855379519007e-01
-1.273608853425810539e+00
6.215532709789124421e-01
-1.404108661761101384e+00
-1.753257745235417886e+00
-2.894357030976273837e+00
1.282249902126681107e+00
3.789612783473432223e-01
1.547868207520966266e-01
-2.282238813665184718e-01
