5.054174878575387053e-01
3.017341625250706372e+00
-7.698823107526414633e-01
1.095524719418911275e+00
-1.208293628647169271e+00
3.591984457095432681e+00
1.903404180773255350e+00
1.624843096068341597e-01
-5.510645591758383866e+00
6.577355121210211042e-01
-6.357953828904896465e-01
-1.404011496233841250e+00
-1.560342078388271325e+00
-1.519388626100637851e-01
-2.145537555289184439e+00
2.123493774770032760e-01
3.161389399753791185e+00
-2.693521192190832109e-02
1.829953139869554546e+00
1.985237055180381516e+00
2.569957760287446380e+00
-6.266137609396857044e+00
3.387566222160458995e+00
2.251904495499946535e+00
2.684114653026635544e+00
-2.649085438957186067e+00
-2.270866526707718602e+00
5.476852390440125617e-01
-2.835302044462115312e+00
1.153702164270040686e+00
-3.101312010487893733e+00
-2.773519686013120045e-01
3.558607764626701364e+00
2.962161949485475620e+00
-3.173079150006486771e+00
7.194495239569238532e-01
9.820047315279401001e-01
1.427240454958324634e+00
3.343559150791100443e+00
4.883103829304540788e+00
-1.812730586701773783e+00
-2.541812191943210397e+00
-2.817921896933857973e+00
5.844767344431367473e-01
3.003310400763148369e+00
2.853483848797883748e+00
4.170978790715710538e+00
-2.120831765610619257e+00
3.446134264722250151e+00
-1.766101854319836351e+00
-1.142559361454115852e+00
-3.243610456926709240e+00
1.171775242995121591e+00
-1.026056368945584385e+00
-9.356489503176305123e-01
-1.286724255895500102e+00
-4.310001645845906171e-01
2.016187125107152589e+00
7.092223691441945643e-01
2.827997732826128541e+00
6.880269266663112226e+00
1.631448511779850730e+00
-8.562800681221317545e-01
8.662070235896169867e-01
-2.840230262295571517e+00
-2.899758037839576197e+00
1.380300476933657983e+00
-1.385042482490310256e+00
4.757695542973585212e+00
3.729082432576958706e+00
-7.139309226894089422e-01
-5.312158225689866953e-01
-2.338808739549945059e+00
2.887069674234091998e+00
-3.881101913779760881e+00
-3.789559664181167964e+00
-2.497560656660092970e+00
-9.028739836914629890e-01
8.655639685959612972e-01
-2.850831679918801598e+00
3.539273048530941601e+00
5.406100643731091004e+00
-6.905820330568369636e-01
5.179277631141161464e+00
-2.853247545384896000e+00
1.765687375749033228e+00
4.975370906450105601e-01
-6.388186686835323203e-01
-3.168719481634853619e+00
1.119757506467656594e+00
-1.091218407815229385e+00
-1.609504123172170287e+00
-1.745138474824614150e+00
1.296337480726316577e-02
-3.524091627797382831e+00
3.234163731757410121e-01
-6.685580966645374268e+00
1.745556423488312803e-01
-7.623897414678757478e-01
-3.470101690952120954e+00
-3.560095548720618286e+00
-4.410727555248608489e+00
-3.951661526210751951e+00
2.880058430295872718e+00
3.389303017761231551e-01
3.764056687704277593e+00
5.865186299173836382e+00
-2.093574002072946527e+00
-6.021171712596248282e-01
-1.904591076498599600e+00
4.844101930608312734e-01
7.768940331150814282e-01
3.068590259753277039e+00
-2.714436774926390683e+00
4.604393301026544094e+00
4.119348209561287000e+00
1.938715578385695748e+00
-1.273106549750802952e+00
2.539299875801841022e+00
-4.119526271714699095e-01
-2.452498588468377871e+00
-4.301114359010752786e+00
2.126772447424018608e+00
2.314056373027265079e-01
2.697684849888814518e-01
3.980183098018493126e+00
4.236214596471972627e+00
-1.789971289707370516e+00
2.152195580777382933e+00
-5.108171970059796507e+00
-7.924647158342785769e-01
1.772738874669232412e-01
5.004695064548906558e+00
3.287831633123335262e+00
-1.158783821526219615e+00
2.308083412880675755e+00
-9.225008927296609595e-01
6.318038242675184657e-01
4.132729708769111276e+00
-2.238852263289606181e+00
2.799469684300869066e+00
6.926340811465604430e-01
-1.589929649325234617e+00
-8.448467420460835653e-01
1.478065260295333028e+00
9.231337334762784730e-01
4.603972669538852536e+00
-3.121222079232352176e+00
1.285440157499162961e+00
2.348573741721515784e-01
-3.249163424342693673e+00
3.074807862662032765e+00
-6.322327300757021318e-01
2.138666956865372948e-01
-5.146436460002808744e+00
-1.689243619224856996e+00
4.221939078786334676e+00
-4.488633539685079832e+00
2.622397456751695888e+00
-2.064342005262218116e+00
-1.419659534521210187e+00
-4.952404931827063095e+00
5.947142507326097505e-01
7.495974782042156281e-01
3.243821785938918012e+00
8.448922122584109351e-01
4.599286663756279481e+00
-6.612112389575094951e-02
-2.865534595995596678e+00
2.059689257124047712e-01
2.682728971289690678e-01
-3.888492559562482409e+00
2.819928405202041688e+00
-1.173829755829112198e+00
3.627007160008407727e+00
1.114044882366744371e+00
3.392693356728492038e+00
2.416323156298574748e+00
-2.180538252412591582e+00
3.799949253210379574e+00
1.229646792557787194e+00
-6.607816696609049023e-01
3.132823940128291351e+00
-2.880201427691598148e+00
-4.621025629811050806e+00
5.377564315826597330e+00
-2.224144223822595023e-01
-9.949021135427608131e-01
7.852637197022636073e-01
-1.105036386337749033e+00
3.337057861179116180e+00
-4.468002325912257544e-01
-2.299912348398895467e+00
3.607668369691372501e+00
-3.796356104723360936e+00
-4.178088934369789342e+00
-3.213472402594211186e+00
-1.548553876142802377e+00
-2.717094594231501681e+00
-1.486173393166365209e+00
7.251111915369913286e-01
-3.856000742814582161e+00
-4.078848433888981329e-01
-1.966205688454034872e+00
2.056255915852755189e-01
9.132078298509163083e-01
-1.099549676306375234e+00
1.502403158371560465e+00
1.851237918431631657e+00
1.152936291476827968e+00
-1.446188312120311459e-01
-2.868771962556956101e+00
-1.110014037492757510e-01
6.135628927153093937e-01
2.518819040088447814e+00
-1.554462470099284399e+00
-1.608734013166383869e+00
-5.116176358401955504e+00
4.139833342520999326e-01
1.093873943850993458e+00
1.497583025287678449e-01
5.314468711149037405e-01
5.868433936407280171e-01
-9.669224042582273970e-01
3.224387437196990724e+00
-1.496716577625343936e+00
2.392747019147450693e+00
2.339221603337909183e+00
-7.826165974503425382e-02
-3.764429963128367529e+00
-3.111637939626816785e+00
-3.821943740602288031e+00
4.469046370967761028e+00
-3.145598533003439445e-02
1.286186392469564344e-01
-2.686756190131380784e+00
5.235492970300593463e+00
-2.436781770036666295e+00
4.616436476787239229e+00
9.512715432905458623e-01
3.258028832877852277e-01
3.795173637356571206e+00
3.889561065589191902e+00
1.388771927543618112e+00
2.145501507555227949e+00
-1.271148793646885489e+00
-4.337008609863509528e-02
-8.068299656460675706e-01
-5.045683532826855666e-01
-1.746455833491908027e+00
3.892492780040907263e+00
1.970921035656473475e+00
-2.852422622448786381e-03
7.874925573613483776e-01
1.420101915501844836e+00
-2.237414359863168389e+00
5.788608888256574492e-01
2.943898019274486799e+00
-1.432043274983778591e+00
-1.022285293570789205e-01
4.750132168153331946e+00
1.198882582078295123e+00
2.359108261382172778e+00
-1.400005636944979259e-01
-1.450746716865103370e-01
