-3.396638587059916947e-01
-2.219290155338989046e-01
1.624989249791248536e-01
2.631752214365928322e-01
2.260506420571697095e-01
-7.521860383153644580e-01
1.618920910058699647e+00
7.679297828492354094e-01
-6.284053870164156841e-01
-1.083851565282011542e+00
6.731157852615916592e-01
1.380212005298431244e+00
9.886482251260269027e-01
-1.041832171913352090e+00
1.131941339514780515e-01
-1.961982293424031187e+00
-5.069920180627350836e-01
-2.053495097749951981e+00
-2.235398306605493601e-01
3.858246154968805741e-01
2.882551625514024329e-01
5.840188554302152557e-01
-1.105719248509191788e+00
-4.779750857450605905e-01
5.050270152120659578e-02
-1.037670166253418014e+00
9.206817598326433316e-01
1.063267683208050762e+00
-7.569062222510426485e-01
2.211818338338246814e+00
-8.181361310062228442e-01
-1.369507775545764305e+00
7.226755342163251328e-01
-8.403638583924626371e-01
4.566785266188386205e-01
7.594557597688540440e-01
-2.878408296224522211e-01
-1.107482932190365643e+00
1.642494884235403407e-01
-1.270293999977458954e+00
6.552216119700370323e-01
-4.353355307428305628e-03
1.253381427560823214e-01
7.241380223131209659e-01
6.028585323932309503e-01
1.576619540850036971e+00
4.485193179688987120e-01
-7.897342596627704436e-01
5.449559482692957202e-01
5.487313063302652338e-01
-3.332970243830891688e-01
-1.358877435564891156e+00
3.565579434829720951e-01
-2.227354201071540363e+00
-2.061088338634715633e-01
-8.410622630507094133e-01
2.573594738406518867e-01
-5.988076388411643289e-03
4.693831619529126309e-01
1.788098378673607103e-01
-1.867972869394881830e+00
-2.226233390224290620e-01
-1.552123669992157673e+00
-1.331954930941910309e+00
5.715111749554779852e-01
-4.985795569502698976e-01
1.137416194395592939e+00
-5.794677326125308170e-01
-1.257353503867442601e+00
-4.718650214259882958e-01
9.482312999144560939e-01
3.727525099491881821e-01
-1.294391185552631329e+00
1.463422603902187202e-01
4.963477580984871351e-01
4.486399769774943036e-01
-1.909261697433314864e-01
-9.625295080128412062e-01
7.396439629468604116e-02
-2.566261257839271281e-01
2.718544631315869195e-02
-9.975938376938520147e-01
9.397466521867922293e-03
9.647612636744663794e-02
1.683671732555005740e-01
-1.015616571921022615e+00
1.015411674981648416e+00
1.123742551848042615e+00
1.043018285152410130e+00
1.368683349738412935e-01
2.113565737892509483e-02
-4.426045599996087376e-01
2.746015749194287703e-01
8.488733044154593843e-01
-1.245597257930514123e+00
-8.689369756264983535e-02
-1.154810107786927442e-01
3.338320220140669065e-02
1.087749949047109421e+00
-8.349979785042069835e-01
1.405389207521912376e-01
6.605527218395041977e-01
6.289959707781573872e-01
1.240255582141428947e+00
1.982183988477907444e-01
-8.188223365795330722e-01
-1.406401498667993799e+00
1.402018746372687641e+00
-9.613810676886370699e-01
-1.207713496379706264e+00
-1.582051088817737206e-01
-6.597839801793838888e-01
-1.608115051767933235e+00
4.491218017871809187e-01
2.628710891818410444e-01
-1.557676650889323611e-01
-2.409918835437345752e-01
-1.423206350317943292e+00
1.001743630334274604e+00
-1.338024265904910193e+00
-2.591898549861852419e-01
4.315554477328263916e-01
-1.085377594742205298e+00
-4.390230821749522283e-01
-5.254475732197325666e-01
4.325369638220268736e-02
-1.195935577080206258e+00
1.172062496797802722e-01
4.364421440572250344e-01
-6.419425901172084448e-01
-9.874588471790585187e-02
-7.400185214926376931e-01
6.711209640452202585e-01
9.098942383633755737e-01
-5.909415472550677562e-01
-6.921705235347287433e-01
9.932438422469705985e-01
6.369935386408411837e-01
-8.161734367336461737e-01
-6.185509241496011112e-01
6.391309058922833852e-01
5.855956120246176289e-01
-2.063312675297478138e-02
-4.252005205322691994e-01
7.025278192764958796e-01
-7.426200793494134311e-01
-4.147579894758661179e-01
8.203582413930374795e-01
-5.032077198398916540e-01
-8.253802918553689860e-01
-5.627737853441394655e-04
-6.359361674775266815e-01
-4.731476829764615366e-01
6.671198887907210384e-01
-2.483692670925299190e-02
-1.662170403541373354e+00
-1.335508495187472278e+00
2.031203433079410425e-01
-1.682903757610526574e+00
1.822732208901657880e-01
3.602942888926213838e-01
-1.395606796537539829e+00
4.378064560308116415e-01
3.444430911795184902e-01
1.179370093571289857e+00
-4.908278725757743710e-01
-2.342418847064797471e-01
-3.697431998548621479e-01
-7.620253805658554203e-02
1.177066467148940365e+00
-6.735919800311601646e-01
-8.451104531417839016e-01
-1.371453926094858389e+00
-8.768366974344848908e-02
5.916368528561002371e-01
1.273659610153188959e+00
1.887448474806114052e-01
9.711288979892931383e-01
-8.468117909157892864e-01
-5.919213264474030289e-01
2.185430161288333395e-02
7.226527803611557665e-01
-3.140517708166892796e-01
-1.828874557405907986e+00
-1.308315350201977312e+00
-4.075225378626332606e-01
-1.536496901927574266e+00
-1.534451640038467582e-02
-9.365193397839272071e-01
2.464453415626610133e-01
9.222785347214149665e-01
1.011778281688082037e+00
-3.426694247631548729e-01
-5.555033825004566106e-01
1.268285772863054328e+00
-8.842122513354395696e-01
1.220636736923466525e+00
8.874582695714399172e-01
1.152221931470835514e+00
-1.416909451306149315e+00
-8.675436885160744405e-01
1.494551978339847542e+00
-2.596201701226519276e-01
-1.463701642509922241e-01
1.010446710039057727e+00
3.046681223024830243e-01
7.638791846669436003e-01
4.109872577139011586e-03
4.172533001283076359e-01
-8.128224459309196792e-01
-3.407943227415849985e-01
3.043624030295156158e-01
-3.986065185718256632e-01
-4.197299766638127316e-01
-5.170478017999028397e-01
-1.934365006332583681e+00
-9.438726482982222332e-02
1.517311244723476005e+00
1.244307528620122838e+00
-9.961989863717809479e-01
-9.263584402985730604e-01
1.171973060784182730e+00
-4.938911097751183532e-01
1.285668531866605013e-01
5.528336549839903968e-01
-2.514137281432209936e-01
-5.777915647379756603e-01
1.200274037066810351e+00
1.248230100951183696e-01
-2.764283644249762029e-01
2.851554317303306441e-01
3.334159960769670500e-02
9.214637913839029970e-01
7.800044698134109833e-01
5.243751412091578468e-01
1.198480332108912139e+00
-8.783470558999950661e-02
1.484131977132786329e+00
1.195441981750211963e-01
-1.886019962214245671e-02
-7.572563453029995673e-01
1.748996012561906954e-01
8.858459836530593323e-01
1.214931794034029844e+00
2.648776374529958622e-01
-8.474301801319075178e-01
-1.091116762884433822e+00
5.405512987175074002e-01
-5.195478671008866428e-02
-4.328648041400114943e-01
-1.170600582030784098e+00
-1.697100145591301734e+00
9.411887039350874673e-01
1.383394749806710955e+00
1.105609957396416210e+00
-1.024810346609334344e+00
1.243341603273879326e+00
-5.130402024256757176e-01
-1.845833002654411192e-01
-2.351540725907541943e-02
-8.453033552802573514e-01
-9.217221839379959869e-01
8.160992946224892020e-01
7.404581208965791417e-01
6.248719071738602082e-01
