1.402835646526975122e+00
1.084149108297542519e+00
1.439474719027585170e+00
1.115038648298457558e+00
-9.062074203694482355e-01
5.337711298692723316e-01
8.922141326032693165e-01
7.269861286199252870e-01
7.528853487219966389e-01
1.060671159312637890e+00
4.079559049921734903e-01
9.066416416255453914e-01
1.107179717872078140e+00
2.523592450393983277e-01
2.798043467651874505e-01
-3.591718595302715311e-01
-1.124780924922120562e+00
5.333715092681204362e-02
-8.823980502675651261e-01
1.200319008302729529e+00
9.323337159965918719e-01
-1.812603495563888112e-01
6.388669632600436910e-02
3.212850215046155200e-01
2.477064957364556175e-01
4.633922462537188314e-01
1.163781913470668172e+00
-4.227903957241682109e-01
-2.472304240641855916e-02
1.690170443863545091e-01
3.304428425810075898e-01
-1.673530853399303187e-01
1.360308404811179095e-01
5.726660723055614355e-01
9.154169666374634140e-01
-3.460664513384554275e-01
1.633748061111545691e-01
-6.588448847834073030e-01
6.626803507424514628e-01
-4.816795440714234933e-01
-7.222581537609890079e-02
-2.640050892345517375e-01
5.134025847749017490e-01
9.544232215003078945e-01
3.202559077459909975e-01
-3.155464800026892003e-01
4.253660171048659899e-01
9.858346014278622782e-01
-8.175774281726286841e-01
-1.422224247579447765e-01
2.104321887936476954e-01
5.381869651945930810e-01
-4.237930929525654533e-01
1.223597529984850940e+00
4.258123717366342209e-01
-9.959109075324928950e-01
-2.525189154846659845e-01
1.759750202650192941e-01
9.788900612090771780e-01
7.580234016337152880e-01
-1.256432152099525190e+00
-1.081394585849701606e+00
-1.456385536007715753e-01
2.654270978932055658e-01
1.337824098388211924e+00
1.037340371146317608e+00
2.069427496667133326e+00
-9.890529013938299530e-01
3.249072340909017753e-01
-9.163546116417982113e-01
1.279631971631921550e+00
5.178420400775350929e-01
8.105505667041817963e-01
4.108181406634359711e-01
-6.724554129141072645e-01
-5.965460573582355153e-01
-3.245602998767533331e-01
-2.090358605410162607e+00
1.443564945704404634e+00
3.175409253001083565e-01
2.621830509651510432e-01
-8.013639196984151392e-01
-5.466420593473790834e-01
-8.080884747932952361e-02
1.377466384354585904e-01
2.920845044070343732e-01
-6.478224181353609001e-01
1.077560157614587455e+00
-8.708876555605831182e-01
2.569434196670810078e-01
-3.580361909938338805e-01
5.349616781776470598e-01
-1.069143127139000893e-01
-2.599358972738198548e-03
2.588948812086358520e-01
9.584154542716825098e-01
1.095889001003253593e+00
-5.201603284449966003e-01
6.914067269327647258e-01
6.293358319381209265e-02
6.750677750705313951e-01
-4.844343642904596070e-01
-6.714768779261021114e-01
2.470542309230279454e-01
-1.011640263718631472e+00
1.245583581979606003e-01
3.845602916809427469e-03
2.065097840773436333e-01
-4.685774059535226244e-02
3.289475443854844028e-01
1.418484656879095800e-02
-3.613506533617592553e-01
-5.430895796341360660e-01
2.553423331292745124e-01
-1.572413997324474844e+00
5.214899648111354091e-01
-5.613560563672405079e-01
6.546239434809769664e-01
-1.929102475206206369e-01
3.412557703300760359e-01
-6.433386348829234214e-01
-1.094186954402286194e+00
-8.050975823951233012e-01
2.152294062128949637e-01
6.921272944828423812e-01
-2.202331972879638944e-01
-2.356292816554845515e-01
-1.526152187883734745e+00
4.777271392975640518e-01
-2.286623431508130189e-01
7.536416524710877474e-02
-1.801819489060961510e-02
-4.965742560003471029e-01
-6.646680504288167146e-01
1.138103225401494667e+00
-9.205504843207337196e-01
-3.050898678526864916e-01
4.074460684332381621e-01
2.329389829372963683e-01
7.326429313462647919e-01
-9.219739288797792476e-01
-8.646236244035523377e-01
4.323658361431919062e-01
1.343638937874431116e+00
-1.754893269833135150e-01
-1.056903139822664484e+00
1.520415602660576626e+00
8.704052979207972385e-01
9.572347736874580182e-01
1.000616615613090010e+00
2.923115168276855802e-01
2.483437624628341278e-01
-8.668857805657984583e-01
4.664444324579364309e-01
5.258915286923713239e-01
1.387174364432133711e+00
-1.114012139213177210e+00
8.125185798182562591e-01
6.306802815858064681e-02
7.404130704107523275e-01
1.183159812076135936e-01
-1.935952762088098966e-01
-2.239164374010071956e-01
6.001676681484870990e-01
-1.242211316915129982e-01
-7.577776951651856718e-01
4.888192591179073565e-01
-6.827015076211860600e-02
7.509643727791154300e-01
2.951135041081052318e-02
1.347240412989644476e+00
6.188711410814810021e-01
4.810443673971105949e-01
6.530588679444109257e-01
1.912204989543468958e+00
-5.093207603760140367e-01
9.867776237655248028e-01
4.414793533945213788e-01
-7.283252961981149243e-01
1.449048766548995948e+00
8.151406735620670974e-01
5.339772690823764156e-01
-7.920757446920073663e-01
1.841828048145610075e-01
-1.541916501168079934e-01
-1.486221977539621486e+00
-2.355832635665489894e-01
1.293328097564281798e+00
1.227233040780193601e-01
-3.220900123910069301e-01
-5.084841094539668260e-01
-7.142903910709387238e-01
5.191266331078081553e-01
9.439306219405521059e-01
8.010397228703672878e-01
9.780663902951292066e-01
7.651599962848938397e-01
1.268259069307456244e+00
-8.913253366946059797e-03
1.590996614377579443e-01
-5.013550457030145902e-01
1.683397094926522009e+00
9.289991110839667110e-01
1.135905885962603667e+00
9.710200605430861776e-02
-7.062881813382640983e-01
-1.035454229818813410e+00
-1.247590603064706455e-01
4.322903928463536424e-03
-7.644770916624979984e-01
1.110337258881603173e+00
-2.546178642743262555e-01
1.526845124628683159e+00
-5.907765121586774359e-01
1.230223262847985749e-01
-1.554111097329037572e-01
1.357395552569541142e+00
1.691271463658930552e+00
-1.099926388869183258e+00
9.246977346586819635e-02
2.459280384695500532e-01
6.550460453461065535e-01
7.709045710381536853e-01
7.229071191221988490e-01
-1.936376416014918389e+00
-4.318107547139378166e-01
8.275320253896913947e-01
-1.786312667727689429e-02
1.426185411063200625e+00
8.538308064552670995e-01
-9.125990045364843484e-01
-1.095895508230028792e+00
3.481731115346817784e-01
3.326947617204473739e-01
4.661742200076037790e-01
-3.518830154067294491e-01
3.437145330492329398e-01
-8.364771631025941234e-01
1.619582874866362099e+00
7.705496294395305923e-03
6.872411806650260968e-02
8.804005958364667928e-01
-7.883849061561636340e-01
5.062972895953526953e-01
-3.548179985026753136e-01
-1.032884266808112628e+00
-2.626195222221567871e-01
-7.473867317789544273e-01
6.571184919881494224e-01
9.214731451530940864e-01
-6.700715875887804929e-01
-1.465813402031324930e+00
7.815097506342445488e-01
1.151880423649006557e+00
-7.477136632514226333e-01
7.627729285221969135e-01
9.023545742767639100e-01
1.369136455660900920e+00
1.433834654181921631e-01
-8.158263592147046994e-02
8.817451969581536764e-01
-9.520986161418131255e-01
6.988749828728349489e-02
4.549331209426461520e-01
-3.807056888581532572e-01
