9.194176875534203486e-01
-8.019952618550201251e-01
1.088207946346461785e+00
7.908970682112100026e-02
5.304517381551924204e-01
-1.473199106200908937e-01
-2.003477068387438664e-01
-3.484236007688799180e-02
9.713303065075122866e-01
-1.287332792555723193e-01
-1.312409619164574270e-01
2.939552711672368743e-02
-1.269364508431767569e-01
1.119406336005478675e+00
6.960504482019037598e-01
-5.173215268033196645e-01
1.028872958987795183e+00
3.610601425011381038e-01
-8.497191115544975304e-01
1.411074647777947444e+00
-3.289754436224148759e-01
-3.548135725599188550e-01
1.868134662927605494e-01
9.644881315586166792e-01
-9.546262925385171627e-01
-1.934887194771651442e-01
6.516700849447191191e-01
-7.853509009698430576e-01
-1.690688568098423772e-01
1.189120684966777697e+00
-2.104255278383184713e-01
7.670478807710391644e-02
5.543654236191605106e-02
1.357518925875821347e+00
7.482647348400802700e-01
-2.309591962950084398e-01
-1.075081386746965295e+00
3.304261124254065374e-02
2.317638309628513096e-02
-8.082074689543913282e-01
-3.360714196183067215e-01
7.935988027352154361e-01
-3.045647676890713695e-01
2.138003689082802694e+00
-5.077429888390407042e-02
-7.021982796274003902e-02
-5.524847763786479016e-01
5.977270089403716874e-02
4.147737234771339265e-01
9.329072181717126266e-01
5.962406770136743361e-01
-1.871538763708716913e-01
-4.509250365965902230e-01
2.214742920526259207e-01
3.009510030327745000e-01
-2.982607022266671182e-01
1.158830411490504586e+00
-7.374010242188714370e-01
1.713564457043837697e-01
2.737138045325890889e-01
2.157365002388432484e-01
7.286263351056305737e-01
3.181013835004760648e-01
-8.179062740056588510e-01
3.508295202518691425e-01
6.428708027477761933e-01
2.273055532844792670e-01
5.409667963592522666e-01
6.498529276149996037e-02
-4.453222644598649471e-01
3.509266390484171161e-02
1.406531974658873141e+00
7.612680051758232702e-01
6.454243269378958647e-01
-2.094276891429091569e-01
4.675875880616894298e-01
1.177248932152274552e+00
2.911078749435501156e-01
5.703619074993865334e-01
9.341962606828119187e-01
2.656065760304840984e-01
5.734493035497989499e-01
-5.092900837191208230e-02
-5.156639459754834842e-01
2.920673161087650183e-01
3.867810928748232069e-01
1.082096847587123101e+00
-3.838321146495373704e-01
-6.024167091529069040e-01
1.722683789537219901e-01
3.763965443036980663e-01
-4.399175428987271430e-01
5.761074380104326265e-01
2.080269208219220622e-01
4.710505220315816532e-01
-1.692726683690344569e-01
1.205523927249768784e-01
-7.272767170344026644e-01
6.854138885334035702e-01
-4.592328938984548831e-02
1.377569566733808593e+00
-3.483224628806146361e-01
-2.834745558741596366e-02
7.741518614147734345e-01
7.824239635909541191e-01
-3.122695835344846405e-01
5.354952953646265890e-01
1.053257227747530944e+00
-3.775617390405640594e-01
7.103955330933038326e-01
1.763600408255356911e-01
3.844098541593691798e-01
4.554194048698239072e-01
3.678516696623802540e-01
2.741472202898963262e-02
8.778506276656572460e-02
1.389616344277806670e+00
1.092352472324236601e+00
3.363065680237126154e-01
1.083543105319816346e+00
-4.238200510562901702e-01
-3.365720433386931720e-01
-9.779375028842854922e-01
-4.572608351010573058e-01
-1.631872018605374508e-01
7.150660308367605689e-01
7.998092706621521275e-01
6.859492208426383186e-01
1.553080452068682948e+00
-6.916916036860372152e-01
2.072574794612303262e-01
4.099250166210182122e-01
1.587294020430836394e-01
5.107466089961891775e-01
3.450144896335299860e-01
-8.503151866807739934e-01
-8.709177802864445095e-01
-3.103867628558246716e-01
-1.071906595654423949e-02
2.938078174545545318e-01
-1.880848326638533963e-01
5.699536978137565990e-01
-8.688315076765582567e-01
1.929038289798286343e-01
5.813776849771570276e-01
-4.972688003916365118e-01
-1.475841584525805494e-01
-9.272325609888726339e-01
-4.363391461204478849e-01
-2.376202427504867098e-01
-5.538990215888366375e-01
8.193254822829007522e-02
1.818992296970182443e-01
2.974020978362132417e-01
-9.146751125066833465e-02
-9.780650879957905053e-01
-5.658619174409834640e-01
2.915996146022162838e-01
-5.182541603811686715e-01
4.366654212676495672e-01
6.277521992706620590e-01
2.638975461434380637e-02
-2.991523412165673079e-01
-6.910187891825558815e-01
6.698624302322879753e-01
-4.774759651080134337e-01
3.163757429065292559e-01
1.010140957416256313e+00
-6.302540973110316580e-01
-4.094922923446814855e-01
1.958734626633350073e+00
-1.573187387041762864e-01
-1.792164410776569683e-01
7.187032102406599732e-01
1.007357912756893015e+00
3.551160481048863948e-01
-9.287374090496871570e-01
4.822183248032125835e-01
-2.127682572363560898e-01
-3.532512133383796660e-01
7.134896038019380438e-01
3.713585981495830524e-01
1.130758940238785204e+00
8.757697164283954061e-01
2.175700180234077866e-02
-1.892872994948088528e-01
1.291232745936955695e+00
2.791627638302346393e-01
-3.251904369672981021e-01
-4.079498492223672113e-01
-3.130170933040639092e-01
-4.276813183723222056e-01
-8.733074539392351454e-01
5.317848400112691332e-01
-8.448961605007857534e-01
-2.376443155931069751e-02
-6.254581839360185969e-01
-1.789970983390554993e-01
5.189629726281482780e-01
-1.032735245736332574e+00
5.880445037482850967e-01
-9.150096522877073646e-01
-7.224367165686366166e-01
1.093202025520963128e+00
7.179624838879371529e-01
-3.445526560518542558e-01
-1.388770103502203479e-01
-5.740797950989765530e-01
3.741366644792837315e-01
-2.109264403945409760e-01
-4.213957247032195652e-01
8.014013674461689662e-01
1.752780846839564921e+00
-5.393839955711022816e-01
-4.164631725870895362e-01
-4.076663994214935194e-01
-7.791958075328312416e-01
4.702757798515853627e-01
7.927497801672918065e-01
-3.472289856787897921e-01
-7.423457821937108347e-01
-2.240054533819704763e-01
9.687380780012959658e-01
1.981906641677223246e-01
1.836009203970442594e-01
5.890737423477216961e-01
4.322866818515676002e-01
-2.363268447388780780e-01
1.058955206253175074e+00
6.231360759092181151e-02
7.109658875801528888e-01
-3.112889168455652833e-03
7.743318801643505056e-01
-3.761729029574923389e-01
7.966862329997130843e-01
6.726480928884592814e-02
-1.022417032574626239e+00
-3.302723083546371119e-01
-1.016698121781778319e-01
3.801931380908741831e-01
-5.967210765869330746e-01
-8.217088547601986148e-01
-7.709521615620984480e-01
2.575565109176062850e-01
7.710537942538645551e-01
-8.389770886116029169e-01
-5.843289126042993109e-01
1.073854194323651812e-01
3.543104534559444740e-01
-2.842966469536411522e-01
1.675735244010436442e-01
-5.740938498828463965e-01
5.102940896548007199e-01
3.387453634261638480e-01
9.723299939193670305e-01
2.302348584908880946e-01
6.863025913619026364e-01
-2.549270390829476776e-02
-2.880353962217392927e-01
-6.086235068695109440e-01
-7.056270096563662664e-01
4.664165041670217948e-01
3.106627904390766859e-01
5.696485998867004685e-01
-7.506135067219259493e-01
