-4.197556404849284717e-01
1.935671505900712797e+00
-1.167034101253550782e+00
-1.440125937860089023e+00
-3.832040178631894167e-01
-2.677347781234791224e-01
-8.072693700016123630e-01
-1.675952833230485162e-01
-5.731401438111971558e-01
2.632309322063206114e+00
-1.524474095381100625e-01
1.057603328345587901e+00
-2.435592452562962418e+00
1.018560217402123408e-01
3.719370958234848867e-01
-1.189371125247551841e+00
4.661542061076002219e-01
-1.186328318072552790e+00
1.842421748503156043e-01
-3.313877494991345762e-01
2.051713693496828750e+00
1.881520220569042445e+00
4.651454260758789427e-01
1.005800433894387558e+00
-5.063215019134403860e-01
-3.086834176976118727e-01
1.732426005026791449e+00
6.276778010845784905e-02
1.384832611782737866e+00
2.473936232784741840e+00
-3.546646401887342259e-01
-2.231765534810549401e+00
-5.988065758328696697e-01
-2.154506338978379176e+00
-1.896142950900846502e+00
-8.531365525167653452e-01
5.301093397051583889e-01
-1.922235736328407274e+00
1.164900112946440469e+00
1.947601332436216914e+00
1.665858828580117246e+00
3.624565525175563740e-01
2.778895703154281360e+00
-1.803684520036781480e+00
-9.144142627393728739e-01
-1.039014524857162058e+00
5.117150218022241681e-01
1.104942383229230218e+00
-8.909789391817933557e-02
-4.708961064273731734e-01
6.617075013001970651e-01
4.540834344304124914e-01
1.359504089876263144e+00
-1.303797703933831764e+00
9.577952348945626415e-01
1.392997839228685697e+00
-1.370163011951033738e+00
1.199521945841864334e-01
1.721645857527902279e-01
-1.695969591636239837e+00
7.963579504833220302e-01
-1.030919245084395586e+00
-1.248252162883892069e+00
5.446329815984978229e-01
-7.712498716873131266e-02
-1.421457042913724100e+00
9.581189018785836176e-01
-1.276048683234560555e+00
5.215233396815037725e-01
-4.349914613884923176e-01
4.974782414607509806e-01
-1.594830440164868746e+00
-1.243999651922042204e+00
1.524972718973516495e+00
1.238296866198689283e+00
1.360114141767468476e+00
-1.044101019703359778e+00
-1.422390519613071058e+00
9.519797539136867215e-01
-1.397316951513597250e+00
2.371295933662171063e+00
4.643558833629355953e-01
2.148741501420781130e-01
4.936639685427338664e-01
-1.667076915832723882e+00
-9.571473796388373367e-01
-9.638348640583748184e-01
7.391747414939010552e-01
-8.160901492121233058e-01
5.908903610963960329e-01
-5.120391890737222562e-01
1.741329028956362102e-01
-1.119149702594157914e+00
-2.663703219171511982e+00
-3.926531563820074427e-03
-2.563741521439478754e-01
1.240198597294306149e+00
2.954372282827653518e+00
-1.533525677205048732e-01
3.305874333543216137e-01
1.769006077449649883e+00
-1.343131340874841317e-01
-4.496261364831523610e-01
1.562395097262651023e+00
1.369993428154711035e+00
-3.405428229500648829e-01
-1.238389507385408317e+00
5.299350615158436861e-01
-1.810958040236158251e+00
-4.875914424031352890e-01
-2.004372889824296067e+00
1.284747556718214057e+00
1.380038299559357640e+00
-1.414607277930867713e-01
-1.486030046228033585e+00
6.354442386175431778e-01
1.217692235892960717e+00
-2.096343012762742486e-01
1.177707907522703268e+00
1.035205400561528988e+00
4.377662584642771360e-01
-5.465883177308340501e-01
5.907407543113465387e-01
1.042592482742134674e+00
-1.462246905208694214e-01
-2.330205103474609629e+00
2.114318010264444880e-01
-1.779426340556510722e+00
-1.065868300884786457e+00
-1.609025479790038016e-01
1.350635304434616435e+00
-8.211475145600060088e-01
-1.049210669404499807e+00
-1.582582811540973688e+00
-3.214694458103857788e-01
-4.172668469187188478e-01
-5.204074753684652110e-01
2.119682840387547174e+00
-1.693071381689876809e+00
7.425705148020697588e-02
6.954428981609958593e-02
-1.803307814861030423e+00
8.002760731068742084e-01
-1.840405035978810167e-01
1.197210426592236088e+00
2.991387610301747269e-01
8.913780831722812881e-01
-4.623869979158814481e-01
-1.411802251490291260e+00
-1.138305418187291140e+00
6.538552473787994090e-01
-1.868105034677278287e+00
-8.811362180171288250e-01
-2.656391324068918980e+00
-8.085384826021185800e-01
3.845192773991136514e-02
-9.621682587958805266e-01
-8.289730029689665880e-01
-2.728612546703678365e+00
-1.794638509074440114e+00
1.718759070943426170e+00
-1.457071426433628414e+00
-2.259617043745542897e-01
-5.123868909881761774e-02
3.079973985836497619e+00
-4.307847655261567432e-01
7.364361526642133615e-01
6.180284972665465171e-01
-7.705030505131003071e-01
2.440682410587891871e-01
-6.628077270675615251e-01
-1.682407923817084816e+00
2.806342448360030772e+00
-1.197935853488551583e+00
-1.934827372872611528e+00
-2.034117408879055233e+00
-1.111942164023312252e+00
-2.386119244609225198e+00
1.878425351685042710e-01
-8.536774426726175813e-01
-8.413764677089642374e-01
-6.627365865114940302e-01
6.550325991245115054e-01
-6.540124865904677343e-01
1.424848487127906016e-01
-1.543145601379961818e+00
-6.699228416165873279e-01
-5.011378147910485747e-01
1.841695286801608100e+00
-1.157651086143190788e+00
-4.124691611476918318e-01
-2.284460734864197207e+00
-5.218841855116209683e-01
-1.205738146335250560e+00
-2.086636498715824128e+00
-1.908576489943399901e+00
5.762833188784353133e-01
-1.058295461724648279e+00
7.766184357611366496e-01
-1.755751718543517192e+00
-2.670629796778635434e+00
3.148465584722943134e-01
-1.444401191014992092e+00
1.964789804182500710e+00
1.378753496281724056e+00
-7.781595174482223154e-01
1.107893886345995726e+00
-1.349448997026243324e+00
1.516246803707191892e+00
7.154907688387258657e-01
2.762834336732357787e+00
-9.104400943364920895e-01
-8.971028216615281603e-02
-2.540398073199505169e-01
9.775694079641329415e-01
-2.248579534782501277e+00
-1.998728664090023921e+00
1.617393874577784274e+00
-8.983559297032620017e-02
-1.183501807868930111e+00
7.823704060224290213e-01
5.452303579366903907e-01
1.471838517989870310e+00
-7.428997799204979380e-01
1.965265556297047800e+00
-8.532189300637863516e-01
1.227313805987252593e+00
5.221716639958945416e-01
2.868214179066531644e-01
-9.107164362018203008e-01
-7.848960760058615316e-01
2.088280031733006137e+00
-1.136677912434411963e+00
1.893382592898103511e-01
-5.645383562475241312e-01
-1.285069596352433896e+00
8.663511613669006017e-01
-6.147185292967973121e-03
6.692205618659635702e-01
2.396050689570527581e+00
7.767295763675539089e-01
1.870706916973446710e+00
-1.721949905066383346e-01
4.284086425183978308e-01
-9.737027197302279280e-01
-1.686496959427195685e+00
2.858290688816083058e+00
1.562869344432397334e+00
2.684334506229298367e-01
1.319401245558337932e+00
-1.268904284302770635e-01
4.154514825862983679e-02
-7.482334108165657194e-02
-2.662129868818824407e-01
-2.029053354309662716e+00
-3.325479324108929213e-01
1.769432473527823291e+00
-2.759752891965688182e+00
8.293512920766564489e-02
1.212202214106397058e+00
-4.219629701113614129e-01
-2.226211375945968296e+00
-1.446827679334743676e-02
1.287005429575685644e+00
-4.686403881612384303e-01
