-1.948080019852862221e-01
-1.825121289362504173e+00
1.570120618156710446e+00
1.678093836633456071e-01
4.244710409247753335e-01
9.569930904223945822e-02
5.153052316082211703e-01
-1.055642735682408295e+00
-2.144559214932866553e-01
-2.933887456571275254e-01
-9.834567202947148701e-01
3.832459415762250465e-01
1.605040717323257815e-01
2.281393298717065754e+00
1.240879729685572919e+00
1.112333173929935803e+00
-9.268261590125573823e-01
8.098211792562348688e-02
1.581920624464730141e+00
-1.670327353205901311e+00
1.387591588669068454e-01
1.033411722189571780e+00
3.679632031718656493e-01
-1.216079272887430784e+00
-1.014839415440294268e-01
-1.725376574259464835e-01
-1.747635466104041857e+00
-5.365798939279577962e-01
-7.440707831191508692e-01
-5.352329389598992071e-01
8.157695861500611212e-01
-8.894893615244280349e-01
-9.181454443515195685e-01
1.171548292691660498e+00
1.273877491017907593e+00
4.136076121067663314e-01
2.488070306946361110e-01
-2.041074708781789759e+00
3.011145545665376289e-01
-6.481372654800067190e-01
4.389077241657987072e-01
2.341567174608595869e-01
-1.172970261055445718e-01
-2.318603328884668358e+00
-1.759219062982670501e+00
-9.302163847671386376e-01
-3.467326655328888813e-02
5.731529146971959809e-01
1.138919095887787503e+00
4.471273103470887467e-01
-1.764265905170320448e+00
-9.022165901374026298e-01
1.384264239124032292e-01
-3.327926280709481155e-01
-1.677112776865998245e-01
1.025719737473993254e+00
1.703740318278575083e+00
-5.341563999830452047e-01
-3.145553624996950681e-01
1.565293929897490166e+00
-9.721100793353407710e-01
-6.416727713590733018e-01
1.458757630954560014e+00
-9.076125774749017605e-01
-9.850534053414594649e-01
1.990211174719741793e-01
9.934538068258229604e-01
-9.448575380223528386e-01
-3.944054162455901125e-01
2.323195656951497212e-01
-2.027633882255203801e+00
-4.627505863862138580e-01
1.598645138969641666e+00
7.574991125326143715e-01
4.351056172806962996e-01
-4.587926751207138110e-01
5.811153797684271982e-01
-1.163797604824813980e+00
1.807215941018209593e+00
-1.151056080254428737e+00
-4.141459798726784269e-01
2.461733023110888041e-01
-1.086490143977305145e+00
1.236772393209590454e-01
-2.702039731503350639e-01
-2.620596303332665133e-01
3.189046868785576638e-01
8.232369579651912517e-01
5.365075790118820770e-02
-7.218791358090316246e-01
-6.152191303550937906e-01
-1.236985924394851999e+00
-1.857610340588175424e+00
-9.525533429974983313e-02
-1.084319834590419251e+00
8.819047803441161237e-01
1.048453529789890259e+00
-6.536733299213433046e-01
-1.347786461900947197e+00
1.075123302136807846e+00
6.146959642131224477e-01
-1.355581380821811122e+00
1.699985059687547206e+00
8.110694415150547787e-01
1.612626350183640755e-01
-1.465818954975149913e-01
-4.029912217746483005e-01
-5.922749672144814737e-01
8.461667537998670552e-01
8.457469619541587713e-01
7.434939304087283540e-01
1.083130695330536852e+00
-1.183794883924786490e+00
-8.787770626343861524e-01
1.621127038610366000e+00
7.149205059518698446e-01
-8.535857504251230798e-01
5.605245237599835173e-01
1.394360173947511994e-01
1.191477332485820551e+00
5.649365531594336964e-01
4.966801353189134738e-01
-1.938120795647558126e+00
-3.471943253884361424e-01
2.830498354362266600e+00
1.338309871881221191e+00
7.773929314550053205e-01
-2.345144727139740759e+00
-4.814323647370761794e-01
5.666612830108174598e-02
-5.133561513278134258e-01
-7.556619047697459290e-01
4.316466524605916955e-01
9.104392663133349661e-02
-5.210754325829248801e-01
-1.166881877068106199e+00
-8.687841119255942379e-01
-8.974386531048822446e-01
-2.348784766763988063e+00
-2.008850837447712756e+00
7.544514837203436519e-01
7.377282870546498783e-01
4.023480913175910278e-01
6.342076389104273071e-01
3.211994289923278401e-01
1.199681351317106293e+00
6.702676988179793183e-01
-4.578672785536609668e-02
1.076602585656352362e+00
-8.184047905913230947e-01
1.084669455660959070e+00
-2.239248471307319494e-02
-1.263449538708202313e+00
5.621158907279617534e-01
3.146747633527318677e-01
-1.307840208584811759e+00
-1.423964099466759059e+00
-6.398082263610741505e-01
8.883536822511233222e-01
1.302666750003622864e+00
-1.446088865305596549e+00
-2.919657381046779632e-01
-3.950616062948917317e-01
-2.040792404516246217e-01
1.998628576232751863e-01
8.592208766856237467e-01
-6.523484556245348065e-01
-1.097402410045497767e+00
2.421969951027068135e-01
-1.203672760996032931e-01
-6.224907786099406204e-01
-1.662038974843992989e+00
-8.637467861513239420e-01
-1.431693018431412501e+00
1.316203766270831466e+00
8.712801916021322146e-01
-2.190671519758973229e-01
2.332708449807368092e-02
1.059120640399069169e+00
6.126633136182166872e-01
6.807169186987617193e-01
-6.169953419610857415e-01
-2.406175791233552130e-01
4.999180316419482573e-01
-2.036474554615746446e-01
-2.436891473695072530e-01
-2.294360488203911697e+00
1.515505123686930466e-01
2.465713807035267990e-01
5.494206867416361745e-02
8.575060774007930986e-01
1.810187007678595528e+00
2.266563606761939631e-01
7.014866277837219499e-01
-1.218137646214133341e+00
1.048196219802423945e+00
1.322987518930355266e+00
-2.889995522386502591e-01
1.156242449661151417e+00
-3.876518343836242719e-01
1.852931517498065173e+00
9.692475743182168424e-01
-1.261326294949371762e+00
3.989492545473534157e-01
1.495152123649924114e+00
4.273010234102463945e-01
2.752128446010501054e-03
1.564363455612305387e+00
1.042154568925548475e+00
1.748870522943644090e+00
-6.453966763685737851e-01
-1.576171799099386872e+00
1.318376662995859316e+00
4.852075093048526799e-01
9.527601958758907807e-01
1.177392623870224364e+00
-1.411405405253806922e-01
-1.244772215174628327e+00
-9.208768780209775073e-01
-8.874522379919633774e-01
-2.691374494716818777e+00
-2.702682176996745178e-01
6.479788316154044825e-01
1.157820960489749806e+00
1.142643961627108684e+00
-6.072554581550562158e-01
-1.290327481897362905e+00
-5.107057939886667786e-01
5.613735627355037616e-01
-1.757278113504198158e+00
5.446551875174896473e-01
-1.726661233511115556e+00
2.597127249360192125e-01
7.178470195395002251e-02
2.159295871306553760e+00
-1.298572673029376290e+00
1.518097244113875588e+00
9.248310488987026012e-01
-7.223703145762585542e-01
2.979335708911177716e-01
-7.745433405592859477e-02
1.185090249213753166e+00
-3.000297551859913425e-01
-1.150842481270344109e-01
-1.516230447389355085e-01
3.597557612621368195e-01
-2.164614736373400739e+00
9.450677867217850414e-01
-3.123341793770298969e-01
-1.166841372749597872e+00
5.338814818771999704e-01
-2.501563871961061558e+00
5.581953744380832028e-01
1.540942672408647462e+00
1.383442074299163327e+00
-2.252376676939075173e-01
1.335913517607304479e+00
1.017468915064390300e+00
2.213618762020149511e+00
-8.257243119674535781e-02
-1.291165470514824776e+00
-1.127799521533003446e+00
1.781119672880121296e+00
2.578038478168413583e+00
1.003161005917196702e+00
