-4.549706403267989585e-01
-1.151837782495675339e-01
7.479418659835788130e-01
1.240105798751070521e-02
1.262406544263591668e+00
-1.245067651034196254e+00
1.761737383180884020e+00
-1.846659564396944120e+00
-1.455165986824107138e+00
8.658143204978981933e-01
-3.847319537071091089e-01
6.909527098047723026e-01
3.340042180892896506e-01
6.680803394851007049e-01
4.337963159497338350e-01
-7.319943056095050693e-01
2.228724317730367499e+00
4.950753508132447328e-02
-2.244816856530592375e+00
2.710804500709993459e+00
-2.260185425682862626e+00
1.799904896060869675e+00
-2.937674547966266925e+00
-1.466642272256710955e+00
5.910552792084935447e-01
-6.905966198886848151e-01
-2.069449864396082361e+00
-9.639375839459451978e-01
5.646450485722687151e-01
1.413970838042253986e+00
-2.080982578562774243e+00
-2.803544754738612754e-01
-1.444661635123073662e+00
3.132917410025187976e+00
3.741146289846460082e-02
-7.469724302439975094e-01
5.106795298933513028e-01
2.095098645563666651e+00
-2.349485312417717076e+00
2.569926444290628886e+00
-1.504112805655819063e+00
6.401941352931271867e-01
-1.295634356664487230e+00
-3.801173073562855720e-01
-1.773086203269004235e+00
-7.697045176815603407e-01
-2.227459343925846103e+00
6.203376567531464492e-01
5.480547074666475282e-01
4.589887648625606137e-02
-1.262876559123852438e+00
-2.144679640342084248e+00
-1.594928892676335419e+00
-1.575741770008278975e+00
8.177151464975913886e-02
-2.270421293001171070e-01
-1.742563382993029819e+00
-2.412924271015898237e-02
-2.472807322720875334e+00
3.833621189363874138e-02
-1.244082254847058921e+00
2.917624315573648097e+00
1.182811008600100022e+00
-3.229965455063386059e+00
8.148149452436596052e-01
-6.231801583846199311e-01
2.768341228780484720e+00
2.548825448017792011e-02
-1.269544135407164598e+00
1.782699904117049927e+00
2.962915107390168501e+00
-1.460088127926289614e+00
-6.316284707319307357e-01
-1.786344784761326743e+00
5.248395801642742331e-01
-6.036876968164761603e-01
-5.464546872943579769e-01
-1.421325383262538988e+00
3.018433251751415636e+00
-6.814396034350659326e-01
-2.112148689801240042e+00
-5.924085472760851623e-01
-1.036827894642356807e+00
1.886049301741603346e+00
-2.385104365119242509e+00
4.713069529927376711e-01
6.559265632321547024e-01
7.885542335474450271e-01
9.401598785108495893e-01
7.088468129159558595e-01
-9.323026021435782962e-01
2.252262685584748847e-01
2.441988307676234538e+00
-6.200460753187579943e-01
5.334253939494361108e-01
1.539371619385492274e+00
-1.438638541266946680e+00
-1.589943333252934687e+00
4.162672553839562584e-01
8.873724295252964911e-01
1.221535293351525331e+00
9.216397212485567536e-01
2.510567823530397646e+00
1.206079641404663061e+00
-7.845579055447793326e-01
-1.680163919824935848e+00
-1.583508698815907723e+00
-8.366107348101234908e-01
-1.728566299867235756e+00
5.947815353740798505e-01
1.028051983530551827e-01
-5.443350701141673742e-01
7.517671050601328897e-01
-5.020523033257479062e-01
1.196108503238059173e+00
6.207269917491397004e-01
3.621641337102504687e-01
-1.819148075868198156e+00
-1.502642576387927864e+00
-6.236272067135792962e-01
1.481658425055886630e+00
2.809151248320766125e+00
-1.008515340196348142e-01
2.532514744089229275e+00
6.302074418951960633e-01
-2.626652548978761104e+00
2.413376397313456767e+00
-1.306565707383254837e+00
2.294777621912659882e+00
-1.195390554304478048e+00
1.289699532369783963e+00
-1.989245837934743077e+00
-7.630728932912195228e-03
-3.778482633613341468e-01
2.986140784403401582e+00
-2.069082713495722814e+00
4.256632238221578213e-01
5.267230678571235281e-01
-1.486827898964934613e+00
-1.853217661295933683e+00
-4.208832490597008147e-01
-2.415829173650477779e-01
-3.310992941759608454e-01
-4.640099239451888624e-01
-8.790306149309662365e-01
-1.713823695312770290e-01
-1.768999111734281371e+00
-2.126743006210683795e+00
-2.118580002912854587e-01
-2.130167107354649758e+00
9.112721620426270652e-01
-2.777953091679257192e-01
1.402225483747358670e+00
-1.335720326716904882e+00
-1.985426827159667118e+00
6.580592034474237462e-01
2.872680927136542994e+00
9.764280317425213518e-01
-1.406950174970842404e-01
-1.437648485252642772e-01
3.080953187250220493e-01
-2.446022113808319354e+00
-1.470457540368457439e+00
-1.053949558209712700e+00
-1.690986739411298956e+00
4.256924874593843722e-01
-1.464569979134810573e+00
1.985509570439275562e+00
-2.374184161616628153e+00
2.311680182966542318e+00
2.392003294438662664e+00
-1.753666204035291498e+00
-2.168140967774836003e+00
2.086413248220905459e+00
7.877598994654793074e-01
-5.437813007550584832e-01
-3.136539498977356732e+00
-1.584864336883025082e+00
3.169858984318925654e-01
9.818988954809472203e-01
6.241249140179576660e-01
-2.172811279986951227e+00
6.493624724740933996e-01
-1.695814568404858891e+00
-1.271060466064231287e+00
-2.192487177971253143e+00
1.203642804131756394e+00
-6.609101901161524850e-01
-2.548098971882093444e+00
-1.899525631031167894e+00
1.103250580292233662e+00
-2.334251311152922170e+00
-8.919776118841394874e-01
9.053271511093123891e-01
3.175031898029711530e-01
7.886222554473412139e-01
1.310527204563146197e+00
-3.437054469617705221e-01
-1.198214089788301351e+00
-3.092512545324840545e+00
-5.275625468698833531e-01
-1.441739895037203179e-01
-5.136515466317976841e-01
-5.031928950965149916e-01
2.306238281242178889e+00
-1.671481199352458979e+00
-1.050836944431547126e-01
2.291888884258102888e+00
3.947495144229020148e-01
-2.582641578762212564e-02
-1.369632974798368430e+00
-8.867524977451257673e-01
-6.891588250287827844e-01
2.863045123709885509e+00
-7.033445402091335064e-01
-2.314949239341552445e-01
-4.668925682213664885e-02
5.114335297778872524e-01
5.139364074070359445e-01
3.400296792117569300e+00
-1.436691287745878398e+00
-3.111103658463550969e-01
-5.377356841307209256e-01
1.040807678735816477e+00
-1.929965287517189543e+00
-2.183408471032577403e+00
-1.933202662367794034e+00
1.103236866456044574e+00
3.483454797189325380e-01
-6.594392853479803529e-01
1.129217641737729538e+00
1.033890808693413543e+00
-1.503618492891644065e+00
1.455271327801663128e+00
8.076792047061482904e-01
-3.757379764462284027e-02
-2.933042609358687436e+00
2.404136847800624643e+00
4.122476052924401446e-01
3.222576636461931265e+00
-2.192240003272790005e+00
1.136422734613552255e+00
3.188275579158982298e-01
2.024878134162091392e+00
1.687714158897525740e+00
1.798236378042221029e+00
2.291170387046066015e+00
1.193104419116992165e+00
2.320189950084142527e+00
-2.432976034403722565e+00
-2.129889396810747293e+00
1.061481400023434496e+00
1.584308498342544169e+00
-2.508349992863728728e-01
1.198644851264066613e+00
1.476404931715490643e-01
-8.271335090695083325e-01
3.711536748527098362e-01
-1.459199876080364611e+00
-1.714823741254102085e+00
-2.620245740190270567e+00
1.037771518260910852e+00
6.135208316559684905e-01
2.343329242364781961e-01
-2.332482021659939564e-01
