-4.954938958332140153e-01
5.046272134066603909e-01
-3.097509994250542409e-01
-4.947079810393392729e-01
-8.775652910314818422e-01
1.851281216305309840e+00
1.276962852156655059e-01
-2.557617301509451657e-01
2.797000063944122816e-01
-1.069410784474942089e+00
1.503625308170118968e-01
-8.459097346456890820e-01
-1.389117307829333070e+00
9.644896626049749289e-01
1.560634589684169571e+00
-1.281524240517000202e+00
-9.206657513452232156e-01
9.092616932657525686e-01
-6.392491404631477359e-01
7.867747216235241314e-01
1.307234992894331427e+00
1.746525280828876703e-01
-5.440780557631730296e-01
-6.900447419693900297e-01
-1.501290333793508791e-01
4.503288880002523364e-01
5.985431824864766437e-01
-8.393608949617211712e-01
1.007553189612449218e+00
-4.857056154352991095e-01
-3.577723348625430067e-01
-2.979575226280672395e-01
3.978815123408036003e-01
-2.800535113813610866e-01
-1.567930908218575226e-01
7.126629328373969008e-01
-5.126408670177043936e-01
1.396556466309685218e+00
7.188833839584304330e-01
8.313351771675723256e-01
-3.231629485833477644e-01
-9.043137116781123641e-01
-1.302970181635683677e-01
-7.116232968590516794e-01
-1.312478460754169074e+00
-1.924756998795661977e-01
-7.043129285036139331e-01
9.976152486234592942e-01
1.662923194221807455e+00
2.790231387603241409e-01
-4.148756095019545120e-01
1.001317817298575719e+00
9.799466267552801035e-01
-1.364572797653093250e+00
-5.181595494897242027e-01
2.909186182666588238e-01
3.028431510238007163e-01
-7.253226937093618654e-01
1.718254545020997393e-01
-6.312733490131218206e-01
-2.270211030291790777e-01
-1.677310651277623410e-01
4.294564318484305199e-01
1.634651573530410351e+00
-2.391980098782785724e+00
-3.845730400373132407e-01
7.301143581464675236e-02
4.904253909043742032e-01
9.040005610676504766e-01
3.409721948812147185e-01
-1.052256301926191240e+00
2.724520783150627401e-01
1.043026991289303540e+00
1.338026133840318987e+00
-2.475984621174924349e+00
-3.422276744740537779e-01
5.673033797899831310e-01
-5.001630619278130130e-01
-3.212885608704116880e-01
7.675760656650504332e-01
-1.170600807887717698e+00
6.936717091524806644e-01
-4.597983043981049289e-01
-1.351416240260162382e+00
2.497772344194036376e-01
2.135296228026107634e+00
-1.787659797789671323e+00
-2.252736810855331395e-01
-6.703767110577079080e-01
1.122143169014010455e-01
5.288851777772702878e-01
3.027510092177347345e-01
2.969034531919477748e-01
-4.800004367981138831e-01
-9.414383762111272480e-01
-4.706950962172430364e-01
8.175129031661525214e-02
5.504136598685618192e-02
-6.818828401592438859e-02
-3.980303567845616675e-01
5.357671331844300333e-01
4.794271186065455770e-01
9.529532976640011643e-01
1.730151878882544736e+00
-1.292197034279780887e-01
6.699368587930616403e-01
-5.944694292813518244e-01
1.340531623209318290e+00
-2.709342388991674011e-01
1.851021652412302876e+00
1.457133078648882307e-01
1.495453004990743517e+00
7.327672253546215764e-01
1.654289841021848173e-01
6.635605627038848597e-01
5.436419803174904336e-02
7.994430279384674431e-01
-7.326557283169600199e-01
-3.805219668566471314e-01
-9.262416723930588791e-01
6.151472691551072014e-01
1.460786284636847343e+00
1.059765502729956621e+00
1.998970392302986232e+00
9.882306818214379174e-01
9.354062148042139313e-01
7.639889278665280559e-01
-4.897834840636380305e-01
-4.652370008076492369e-02
4.246602222541236427e-01
-9.550094165871051421e-01
2.043158742103091952e-01
8.536456083823956709e-02
-3.840454135866063767e-01
-1.014324509236447458e+00
-2.596587003974044072e-01
-4.121193902032962431e-01
-1.068958945437471497e+00
5.664115047541563586e-01
-7.394942485836655255e-01
8.328208161606186488e-01
-5.825970393772298417e-01
-1.814559594942874998e+00
1.138074777294139972e+00
1.231138544764872750e-01
-1.041776942655533666e+00
1.088435170940839358e-01
5.355233808993384859e-01
1.608161507830393688e+00
-4.349053413569143878e-01
-1.256956072841669103e+00
1.407266663696023379e+00
1.388732021859742760e+00
1.964006698423302888e-01
7.611442479855945464e-01
-1.314039358943530411e+00
-4.583070234237192619e-01
-5.728000832642214935e-01
1.233179076217040038e+00
-5.082154256803533832e-01
-5.033426757188494971e-01
6.334032366464021901e-01
-6.278020070869717584e-01
1.047692753931696030e-01
1.282111259498833755e+00
-1.161143548218493526e+00
5.527507749806569448e-01
3.625077177278370755e-01
9.065377884651283358e-01
-1.109665314127542685e-01
4.620860717702026665e-01
-1.110655524989620391e+00
-5.959951551878086562e-01
-6.511630203073127676e-01
1.421635195977838662e-01
8.794486670119389116e-02
-1.183928506050573759e+00
-1.015536756546529862e+00
-3.630827162159617344e-02
9.574114949278491604e-01
-2.049552104265318087e-01
-9.447262382621243182e-01
1.085805538874564435e+00
-7.815070260533154428e-03
-6.544051784407405037e-02
2.662468790491283599e-01
1.618636493152439959e+00
1.585778497206146442e-01
9.470374134019923229e-01
-3.533723357159880840e-01
-1.071578277043046867e+00
9.166686699281522133e-01
-1.518307964288716949e+00
-2.352469619713595250e-01
-6.940301907989147034e-01
3.420045039689340594e-01
3.830882573944568992e-02
7.932120345984753351e-01
9.790583029330438558e-01
2.306337064410765580e-01
-1.006427951130514087e+00
-1.141722176159449154e+00
8.339725298174628376e-01
1.277871173617799894e+00
-9.289641952093327104e-01
-6.321721399168617195e-01
-3.579399549666133495e-01
8.604869094334388624e-01
-5.558952839135313795e-01
-1.690578754321489865e-02
3.890567472730621090e-01
-2.503461036063415746e-01
9.939866778909877132e-01
1.552991741366798184e+00
1.046974802899322682e-01
1.578037869427662276e-01
-4.502355046388119564e-01
-3.181418732887226763e-01
6.011553441533182829e-01
-7.291675564786858077e-01
-2.301268783992946321e-01
2.999849907290970119e-01
2.213226514367603315e-01
4.674217907979498210e-01
-7.436186689920180892e-02
-9.218646616580519204e-01
4.938761692762992372e-01
-3.215400938846719181e-01
-1.575183141854897273e-01
-7.788646206261184979e-02
6.265981610818087411e-02
-4.656228125273297325e-01
1.235470805586499798e+00
3.329720989440965728e-01
-2.439960557696761456e-01
2.003682562667370437e+00
7.700953708659257213e-01
-7.728517460076171908e-01
-1.548059385738637106e-01
5.179982867828115678e-01
-5.319784509918163984e-01
-1.844155728737610689e+00
-1.202266473757636733e+00
1.673197819041109202e+00
2.275281980570354190e-01
-3.855350269286009213e-01
2.013628843185495843e+00
-1.427279479889025648e-01
4.042549252126148573e-01
-1.821825935583288869e+00
-3.908771158187075434e-01
3.017032772543483121e-01
6.660480855285660917e-01
-2.844925133649224280e-01
1.075968962483735636e+00
-6.060852070262138375e-02
-5.484461663009611021e-01
5.052514100237035510e-01
-1.359735811320068599e+00
-4.680110371661929114e-01
-8.160304311350946582e-01
4.297582240974311407e-01
-9.620547850246602417e-01
-6.132891207280696255e-01
1.177972634380098471e+00
