-1.067841848499648139e+00
2.539665636465793935e-02
-3.869749131096402728e-01
9.589921005783567098e-01
-1.568554083711339198e+00
2.873382279381099802e-01
-6.948377770571628753e-02
1.033560858349847678e+00
-7.626456145056172975e-01
-9.882432711012755222e-01
-3.265086693888786140e+00
7.917011791295124057e-02
1.504881572841352932e+00
-1.514598827710524231e+00
-7.334829978058969857e-01
7.641454108398223477e-01
-2.228898188489710108e+00
1.845162529021868059e+00
-2.640468878855593005e+00
8.967930859205077709e-01
-9.113970761523521036e-01
7.080497067115425480e-01
-6.431815565308547367e-01
7.073381546218955318e-01
1.007171998344432273e+00
1.326581904563159275e+00
-2.453851437089673571e+00
-2.089817128889642106e+00
-1.566825751237537423e+00
2.529127095254719126e+00
-1.374186988702871703e+00
1.272878043376419743e+00
3.724353859918467236e-01
2.166894005061773765e+00
9.855642660820927992e-01
8.520723821090584460e-01
-4.805794676973821900e-01
7.173382526737217546e-01
2.319926603833808443e+00
8.768744331579129137e-01
5.634272932677802243e-02
-4.568334511796953712e-01
1.993984486095046194e-01
6.535246247021164745e-01
-1.766814806455780484e+00
-1.619957968514952773e+00
4.136581963723483524e-01
6.906625318674509961e-02
4.792310701051251676e-01
-1.817742660110265085e+00
-5.786547411253338824e-01
-7.616024922869102376e-01
-1.307554966654432549e-01
4.089132571201527511e-01
-1.237641002338678645e-02
5.970614946084981667e-02
5.324158685719464490e-01
4.614347149879451382e-01
2.026781560174074404e+00
1.786787922412266028e+00
1.940932752378832893e+00
1.139953674218826762e+00
2.747812122466875451e+00
1.894794476182015242e+00
3.694464079075954199e-02
-2.777901251028985774e-01
2.210968267973111301e-01
4.768939613378868625e-01
6.879102864685733287e-01
1.279452523108068673e+00
2.534300887224738119e+00
9.166313550598881310e-01
-1.648008133965610966e+00
2.297732759909878908e+00
-1.031151197739731407e+00
1.030411395451941159e+00
2.131140490486357564e+00
-5.871196163562942827e-01
1.777630640335157608e+00
-3.114332360107167075e-01
1.232620830266963674e+00
8.439209501934366586e-02
2.496328385602631705e+00
-4.541199845076700492e-01
9.470512979989474667e-02
-1.129565864024617561e+00
-3.203826013613399137e+00
1.365148986463056435e-01
-6.392740245158003987e-01
2.082687064295015045e+00
1.073765286948172859e+00
5.722384993982660983e-01
8.208156407508045982e-01
-1.589334613265009244e+00
2.599483897905949248e-01
-6.031067312281996884e-01
1.930644895722897880e+00
-2.626164842649290510e+00
1.066748035950055629e+00
-1.214392738726932208e+00
1.312501091248313934e+00
1.729983130747457354e+00
2.914160179101376036e-01
2.295223287574834625e+00
-1.358733531122775284e+00
-5.607548192752956906e-01
1.443159163322329241e-01
3.798145541570314698e-01
1.290566568712149698e+00
-3.347393279594432225e-01
2.425093558890274725e-01
-1.144084291375666584e+00
2.602749496018330611e+00
1.411753793794526146e+00
2.336496289442272278e+00
-2.268022072096339770e+00
4.848863181418521240e-01
2.155358334547476662e-01
-5.463716181219328005e-01
-1.162864091338380756e+00
-7.851510354692852189e-01
1.119396582416546160e+00
4.647528518504508988e-01
7.589094729162427777e-01
-6.602818320233081462e-01
1.471269402169809837e+00
-2.720970848109120155e+00
5.064216048827477890e-01
-5.435311814143266584e-01
1.245631790690501450e+00
2.269550266670861405e-01
1.160791091403076347e+00
1.509610495683237463e+00
-2.118495081924009149e+00
-3.257264089374181992e+00
1.792528384436884892e+00
2.186884729560861995e+00
2.768155602964235573e+00
-1.314367299446852932e+00
-2.406164322673268963e+00
1.617960291718190335e+00
1.571165657275999328e+00
-1.500804326876369332e+00
1.988185630974077522e+00
-1.077232978705286337e+00
-8.228808581710711501e-01
4.455917866569817365e-01
1.765844813860472928e-01
1.259340218826061619e-01
-2.277679321834349402e+00
1.224883381412767980e+00
-9.813998025741161868e-01
-5.132535989542483801e-01
-5.057618019501595175e-01
-6.128519197839457089e-01
4.953982480134003774e-01
1.305241350637011966e+00
-2.128651988226320374e-02
5.673806056634554951e-01
7.735575380786789967e-01
-2.181215466713524453e-01
8.080503853603812070e-01
-2.173853400828587301e-01
-3.514201115088513155e-02
-1.086368207907311811e+00
4.451468109548376018e-02
1.161435988474467829e+00
3.402365807934507602e-01
5.788098216863089007e-01
5.150518649480717581e-01
-2.713876230015384028e+00
6.552428852279946758e-01
2.526566805475337851e+00
3.006186546213988064e-01
8.976101099406396111e-01
1.652744505627831373e+00
-3.603910083974366518e-01
-1.527077520547149181e+00
1.938994513920720086e+00
2.085231303700992633e+00
-8.959942072850840544e-01
-8.154940827408441173e-01
-2.381443574286094211e+00
3.084138647697842739e+00
-6.304338589173873464e-01
-3.277826335897462862e+00
-9.704983504312275633e-01
-6.022109825155523843e-01
-1.581880788258343551e-01
-1.231674672119542846e+00
1.841664155667123604e+00
-1.453259064343834783e-01
-3.110879774519041407e-01
-1.213269935459705406e+00
-6.358038249430868483e-01
2.842096820206623686e+00
-4.340301676584978896e-01
-6.908165955587090012e-01
2.446657445514651419e-01
1.538066153204992181e+00
-3.378239736714350183e-01
-6.498984022834893848e-01
-8.189419094217410544e-01
1.657015586496477066e+00
6.441411581502738404e-01
-2.019702672346271655e+00
-5.779868820641822502e-01
-1.490482185797387338e+00
1.183410590648480420e-01
5.332988679694218304e-01
1.752261609200196080e-01
-8.334956480846174021e-01
1.972129439295239761e+00
7.182425696985877961e-01
-3.305532320184454420e+00
-6.764504005503301221e-01
-2.730592929736827656e+00
1.557470989098601821e+00
-1.233633643342019193e+00
5.126148679106788952e-01
6.055223671831377885e-01
1.110084204130278307e+00
2.402888526648421230e-01
1.818657334086947630e+00
-1.336861856923377695e-02
-2.901490003902386094e-01
-3.233871209714880290e-01
3.987171218746984325e-01
-3.689321097160674356e-01
1.628274597641050425e+00
6.195260805964837303e-01
6.112554567540912087e-01
2.959521834719570921e-03
3.455074740175564152e+00
-7.094038253942268613e-01
1.964434371831054182e+00
2.194351206193641268e-01
3.869250052342483315e-01
1.361802044299949666e+00
1.091010046481510010e+00
3.868920933192201983e-01
-3.377350649131351246e-02
1.131817171076731965e+00
-3.086660638509163279e-01
4.030444976959850489e-01
1.377038105955840086e-01
6.855503142696913743e-01
5.536446591676561502e-01
1.628597315924511291e+00
-8.628366880798049587e-01
-2.510307638976263966e+00
-7.790315324830656696e-01
-1.068063500605640481e+00
2.266537795182196113e+00
-6.536338736058138199e-01
-2.832501045427506359e+00
7.722576100042936875e-02
7.643150715664691619e-01
1.500921414561618428e-01
1.593751739221152430e+00
-4.061443489432270404e-01
-6.891396347668212741e-01
-9.179798874145306264e-01
1.367449481006821066e-01
1.189535806698950759e+00
