9.273355080254302996e-01
-8.879475946969979105e-01
8.382195565074422872e-01
-2.915687122372145890e-02
4.445553404192943980e-01
9.080457182309524533e-02
-1.940183957547662597e-01
2.017720815075435548e-02
9.494727055708435115e-01
-2.208730094280493828e-01
-1.557261270746372606e-01
5.038310301033155358e-02
-3.035627692969124491e-01
1.002003749007208899e+00
6.717578522287409593e-01
-6.113886039775475734e-01
1.107744520627528484e+00
3.994047424398777801e-01
-8.305022095493720391e-01
1.281773127215359409e+00
-2.733401633376209561e-01
-3.963423165797216319e-01
9.957993185307850714e-02
1.078137473761397569e+00
-8.720812863437736873e-01
-1.474518165626828303e-01
7.061669697075979579e-01
-7.814110330312387109e-01
-1.710636502311920493e-01
9.143053462204002724e-01
-2.213082734382371408e-01
4.648019024408755334e-02
7.079600542716094069e-02
1.184858204271659998e+00
7.866264457448656211e-01
-1.855485528473282131e-01
-1.081134874399755530e+00
-3.929311971821651539e-02
2.054067992334685303e-02
-7.962675995884725966e-01
-2.518624848718961085e-01
7.942755180924929714e-01
-3.088568459430188207e-01
2.031412480956209965e+00
-8.364780491099534088e-02
-4.514033306741224716e-02
-4.721823131248732985e-01
9.135364782989077725e-02
4.555609673961656947e-01
1.008720269216451193e+00
7.816983996675938018e-01
-3.006828153936796366e-01
-3.518149222561169909e-01
1.817904338586329716e-01
3.010785362672379062e-01
-3.119471579928566052e-01
1.175617925155958865e+00
-7.011419314103078948e-01
1.692157019676698848e-01
2.625156198058273826e-01
2.570482381024744023e-01
6.828445296332847914e-01
1.774428876994208204e-01
-7.947030054464979676e-01
4.615054081066044533e-01
5.100147061334615595e-01
2.736695643595751237e-01
5.395778578126622094e-01
-2.065142645059271365e-01
-5.013933300927762016e-01
1.123154146667323661e-01
1.270224450256972837e+00
5.804065262031306016e-01
4.783423628191018628e-01
-1.570088396248763007e-01
3.023719491761954759e-01
1.227921485034705551e+00
3.155500786871164309e-01
5.274043542430864040e-01
9.968012130350203392e-01
2.938525554174882259e-01
6.167537211631312077e-01
6.174914956899518748e-02
-4.185425056580240333e-01
2.501483422509869214e-01
2.788761481488445937e-01
1.102680939247593361e+00
-3.580562716445336302e-01
-6.219092269360504410e-01
2.711541078848998532e-01
3.811012454136416538e-01
-3.729171239094831725e-01
5.770286141455386320e-01
3.140191703740747853e-01
5.142734570670054461e-01
-1.855890594853434605e-01
-5.877011916698793303e-02
-8.148747569599588125e-01
8.261455909276298470e-01
-7.234212636142607622e-02
1.013112869628624679e+00
-3.200352692137721222e-01
-2.985012666929812153e-02
7.496912093207218630e-01
7.776442860062372509e-01
-3.082783336617103132e-01
4.290127507192291190e-01
1.210884983610247101e+00
-4.632977196341910298e-01
6.901063609987589942e-01
1.983588388576608408e-01
5.815664821709385368e-01
7.512803795373884652e-01
7.403057505487858903e-01
2.978709799831295024e-01
6.607941925096556812e-02
1.721201429615655032e+00
9.501814228859117861e-01
5.414663756276051343e-01
1.119762758900908928e+00
-5.037735013535082906e-01
-1.525260793972012252e-01
-8.226135853188025759e-01
-5.746442408756353704e-01
-1.536702297825143226e-01
7.292215550461571549e-01
7.905018520148385797e-01
6.839972206207577399e-01
1.323090151439223483e+00
-6.622268434559521744e-01
1.103990661128926853e-01
4.396626352730295118e-01
-2.345803407872001367e-01
5.425865946018366692e-01
2.406868729726175937e-01
-8.291013689653337071e-01
-8.382010428685074954e-01
-4.505385320906317159e-01
-1.077000725366068778e-02
2.260704701176450004e-01
-8.138481818051018779e-02
5.620726795398651721e-01
-9.386573235187074538e-01
1.453519586885675396e-01
5.693105444596356923e-01
-5.101112827694128660e-01
-1.527417839468666882e-01
-5.423494861888303875e-01
-1.810803841170432471e-01
-2.655477017386770888e-01
-4.583641818621703168e-02
1.095678756538993048e-01
2.260880291684404797e-01
3.104600253590560355e-01
-1.060195204932987134e-01
-9.057941976933981953e-01
-7.635333417380895105e-01
3.334153676646921527e-01
-4.212503049384065945e-01
4.221451142035101967e-01
6.999435052643265820e-01
4.330591900040019482e-01
-3.562930567466869314e-01
-7.964813439741853518e-01
6.326466517298965364e-01
-5.670051060417882205e-01
3.037733173512024987e-01
1.060050424430541760e+00
-5.421561765511812014e-01
-4.049518273182781125e-01
1.959949865723119355e+00
-2.629257471374307764e-01
-8.996665657903490931e-02
6.260567774303904542e-01
1.067365646152922842e+00
3.346189321377339709e-01
-9.632302472599288956e-01
4.428135429712202198e-01
-1.368011569509291481e-01
-4.067448496345103526e-01
7.617929498887086037e-01
3.400644283434244852e-01
1.168537651114768483e+00
6.721177881268365351e-01
1.504475445387255805e-02
-1.916913058565636319e-01
1.172099441703724265e+00
2.044578897706222920e-01
-5.627744329978588977e-01
-1.593008496669820195e-01
-1.966205499503317355e-01
-4.059521613411938290e-01
-8.181347817944785161e-01
3.421424823378717561e-01
-6.553779516996944832e-01
-1.395157821683230825e-02
-6.569830968539651650e-01
2.500515334791014732e-02
5.904066527338935888e-01
-9.952736564407226316e-01
5.825854215617608522e-01
-9.911610035386102524e-01
-5.789725693246526861e-01
1.071892428072505066e+00
6.800941803433689925e-01
-3.024261246807309345e-01
7.476268099205196638e-02
-4.847001662018287638e-01
4.306284174558979716e-01
-1.953444441815115618e-01
-2.418254685981565122e-01
7.364671348199247625e-01
1.786421230771520818e+00
-5.320304876263366456e-01
-4.255738105091100842e-01
-3.858407111955768909e-01
-8.300273391196878459e-01
4.527666511257597004e-01
7.475831674636128632e-01
-3.614449966279649207e-01
-7.272732742703125197e-01
-2.197687051612821074e-01
9.917974034599505995e-01
-2.002237433823736423e-02
2.661083018737782635e-01
5.988796645724444589e-01
4.056036279959494562e-01
-1.414340504886082428e-01
1.046948703808106229e+00
2.030936084710596723e-02
8.376731222792512810e-01
1.714571002983601433e-01
5.830340095415632584e-01
-3.001869805620751563e-01
7.217795843022121183e-01
-8.695565738326654914e-02
-1.056088127043166347e+00
-2.951223734313749292e-01
-1.142025453523860118e-01
3.308893906108268945e-01
-6.408810329303363806e-01
-8.255907724135000958e-01
-5.711647177842741341e-01
6.684289070859344983e-02
7.519521636978364620e-01
-6.957820758258839167e-01
-3.017583022191253628e-01
7.010807000596787353e-02
3.741715953254396987e-01
-1.269982919652661302e-01
1.766570297430403447e-01
-4.685067058826022368e-01
6.100082140045381962e-01
4.122225646406380006e-01
9.839211311831184137e-01
1.495157392375664196e-01
6.342611258790658013e-01
-1.157679263690092192e-01
-1.686145026036528494e-01
-7.804404257220528551e-01
-6.780111130133333885e-01
4.618345972406567856e-01
2.276798990601655859e-01
4.728656309513906697e-01
-7.235299072826802957e-01
