-1.304629616602117403e+00
-6.519053535731823557e-01
-3.455936816780406651e-01
-1.330947847379685189e+00
-6.744779624224065406e-01
5.063095519560055768e-01
1.469346551157370895e+00
-5.977023358231160488e-01
-5.344626016334377283e-01
1.104510332129207573e+00
1.693644021998477855e+00
1.188208900316542804e+00
-1.036670778150861949e+00
-1.215764772379893000e+00
-2.259429302660886929e+00
2.177912902913558213e+00
2.098367967940249823e+00
1.047057210288049767e+00
-1.208568803185203100e+00
1.804869378368073596e-02
-2.607571035676064852e+00
-6.387229999124209856e-01
4.102879345500686226e-01
9.824389421505721476e-01
-5.567171466251342737e-01
1.160035013408727833e+00
-2.031071313258465683e+00
-1.041152091844829819e+00
8.347900831252880183e-01
-1.985218923694813675e+00
-1.767013648194378506e-01
7.819094071428984716e-01
-2.295235720477844521e-01
1.174738876278057065e+00
4.008510756152608434e-02
1.272224488687490496e+00
-5.961745143426602778e-02
4.668741954064088984e-01
1.839218003138051727e-01
-1.589188226632009204e+00
-2.489619603153471417e+00
7.184056607804969463e-01
-1.569637545771464637e+00
-1.401147465231951328e+00
-3.935456203281238463e-01
-2.975817776972360384e-01
1.639407681939542005e+00
1.293932448478632091e+00
8.254834672691694353e-01
1.278921604224869002e+00
1.592127879822048619e+00
-1.861046628914284629e+00
1.847879131028132615e+00
-1.180213544565528849e+00
-4.932021078400141700e-01
-9.192485595966692902e-03
1.125731190541132465e+00
-1.433396141477363717e+00
-3.509038901203287431e-02
-2.544142457824742465e+00
1.083893499116720671e-01
-1.766614925241701273e-01
-1.386024008843173672e+00
8.143085488798994520e-01
3.372187552298854252e-01
8.477821152943333383e-01
2.425207076195649014e-01
-1.668848331937389462e+00
-1.234549900860946181e+00
-9.180345937471963147e-01
2.225063153395315574e+00
-8.804273885737952110e-01
-1.818707786500503021e+00
1.128884226822699510e+00
1.619328696368404485e-01
1.352679236480454517e+00
8.428019187063768847e-01
-1.594860307349007300e+00
8.472256298609144309e-01
-2.974537947349439326e-01
2.351506514151277649e+00
2.628968118692289302e+00
-2.661795084523299049e-01
-3.193219240426244721e+00
2.418088529921656793e+00
3.600959700239370509e+00
1.613432554664289142e+00
5.430543664907625523e-01
-3.190150321780394482e-01
2.377160704005781167e+00
4.838309843138528521e-01
-2.315027943442183878e-01
1.323053941947502032e+00
9.675331603404384584e-01
-1.533633873314255824e+00
-7.836630273753386611e-01
-6.188585620498958662e-01
-1.937483446684979294e+00
-6.290917820329064991e-01
-1.194087348197509835e+00
7.485390893462503525e-01
-3.412851395909758945e-01
2.558297240860063493e+00
2.579757443355533919e+00
9.592042003363983049e-01
8.348884600439709924e-01
1.395089642530351171e+00
-2.113940350517924838e+00
1.108121022210522888e+00
8.660318819684058589e-01
3.441086307017594326e+00
-1.302221409345170722e+00
1.149711497512085345e-01
-1.884614718965228031e+00
2.274905625739926496e+00
1.245713378676195804e+00
3.035510589564925255e+00
2.386176391041824107e+00
-2.299706058307768308e-01
-1.889556242241179351e+00
1.103309497780251114e+00
2.060753961789745237e+00
-8.750050551310632752e-02
-2.006906712226952383e+00
-1.500454650069277251e-01
-8.321638098651048532e-01
-1.780312911591376057e+00
2.261104159509232936e+00
-1.427250832030476868e+00
2.367902646808797584e+00
8.680230083583968526e-01
1.281105402980349917e+00
1.074028321788910834e+00
8.287967974159586859e-01
-1.289149510781453234e+00
8.755091870745610461e-01
-9.805413495946646574e-01
-2.822879684493063923e+00
7.016961240050859638e-01
-3.377701065785131407e-01
-9.590179188917593578e-01
-1.456368284349062181e-01
-7.193506121531064723e-01
-2.491125438464553365e+00
1.110210222918222023e+00
7.363567284400217572e-01
-9.993682469674229907e-01
3.853298834796788919e-01
1.303561559931688985e+00
1.929375732728607185e+00
2.846267745919248138e-01
-2.729183751627163534e+00
-8.308356171313132643e-01
-1.077222123229568673e+00
8.438939614853500082e-01
8.966690028184971517e-01
1.177843805053402138e+00
-7.337390466079307672e-02
-1.257053261901942776e+00
2.184101024302481930e-01
4.158922362456347055e-01
-8.924531110427900149e-01
4.285664232822617992e-01
1.115701782885474724e+00
-2.970012395245786418e+00
1.822998500255966214e-01
2.021686673157707226e+00
1.801021912842875050e+00
-3.486986505062210639e-01
4.650127018344877849e-01
4.301646983651213896e-01
9.661806122423198528e-02
6.833564784202440512e-01
-1.541768745125375428e+00
2.625989275077320051e-01
-1.981712324370656475e+00
-9.058308350480244187e-01
1.912426608030788344e-01
-1.599578027810096836e-01
-6.217693620687364531e-01
1.119603744508014032e+00
-5.169028726747849634e-01
4.502432347933142953e-01
3.449296436610337580e+00
-2.756189668998259457e+00
-1.314697983646101020e+00
-3.547315027962185674e+00
-1.276211229632205624e-02
1.344238815849293500e+00
2.090094220147389770e+00
-3.144427155378004546e-01
-3.461289292089084757e-01
8.855060587626376600e-01
2.071222093512999685e+00
-2.214112772956462472e+00
1.742115904677835392e+00
2.161281243854560774e+00
-4.156779429043618856e-01
-1.212169444034596699e+00
1.004488139733465513e+00
2.250025052746627896e+00
5.035175513686488413e-01
1.764872035700214337e+00
-8.195061562466989802e-01
-4.066935287109243458e-01
-1.379452787952290871e+00
1.751102909802954244e+00
1.712129053054684436e+00
-1.397140431536306515e+00
-1.026142693257815264e+00
1.357805968126370721e-01
-6.564665049294762245e-01
2.130847583035385906e+00
-1.418551530184120057e-02
3.139808880392586765e+00
-2.094556047264237719e+00
-1.371366069209565275e+00
2.692947688316325472e+00
-1.620702239130787481e+00
-1.437240760622689129e+00
-4.146534531197391960e-02
7.586962115724916744e-01
9.513762231688758231e-01
2.306263873565350231e+00
5.613947725187746762e-01
-8.014676127150552887e-01
1.162250651974394033e+00
-1.059152821002932177e+00
5.544004904841655090e-01
-1.872091012763423268e-01
-8.579730821394658535e-02
3.826600882980975005e-01
2.103499982546309433e+00
1.463573507576232391e+00
-2.178614290989163149e-01
-1.326722876890763958e+00
1.826431907336550364e-01
2.562042198480612321e+00
1.087817445276772155e+00
5.692152344631866701e-01
-9.823770448533541977e-01
4.039271256562730894e-01
2.189567947614480481e+00
3.383631710783381319e-01
-1.618284890480619742e+00
-7.391008086742397731e-01
-1.658609868122449482e+00
-1.443522034965641687e+00
1.580035721353187483e+00
1.047193669266858196e-01
2.172384755193472738e+00
1.697930496669271871e+00
1.207351210762184657e+00
-1.675478367967715154e-01
2.830641141890309243e+00
-4.109799264353670711e-01
-1.414574540657765445e+00
-9.994376075394829917e-02
2.215864675603771428e+00
-4.632163226490274011e-02
-9.916077500358468910e-01
1.432551510238151637e+00
-1.134105200571420724e+00
1.333956494584465302e+00
1.201141832212745175e+00
