-6.737343184656514605e-01
-1.325009116240519758e-01
7.429848855536025365e-01
-9.131703531705406829e-02
1.213058706930524311e+00
-1.265297157195694799e+00
1.682280907948118243e+00
-1.386576428201801603e+00
-1.610775637628555579e+00
9.106671598300578596e-01
-2.577881712165019934e-01
6.923528599272549267e-01
5.905263948974701638e-01
8.014451035536150902e-01
3.058504745986751483e-01
-7.356514386242871684e-01
2.120118510792078581e+00
5.663886657134359348e-02
-2.128736873378459293e+00
2.656964307287857263e+00
-2.304957198298025034e+00
1.317127808667998945e+00
-2.896141367055879101e+00
-1.263188386668759211e+00
5.045420627131713687e-01
-7.018271438203805834e-01
-2.033391876182906621e+00
-8.520866991372441079e-01
5.504061510012034919e-01
1.305423770502527336e+00
-1.973108408871095509e+00
-2.123949380752018223e-01
-1.290575151791058639e+00
3.169661977320717750e+00
-9.868340846670495270e-02
-5.457564843622043638e-01
4.088990262566316591e-01
1.402403021860802790e+00
-2.268429360611298851e+00
2.588955347665332418e+00
-1.557812082694327138e+00
5.142195293761037123e-01
-1.150363105520093354e+00
-3.693438683647672915e-01
-1.680434694086366809e+00
-7.982474391952050219e-01
-2.056669695923274865e+00
-4.452889215367622500e-02
4.382457111854451970e-01
8.172600654249731478e-02
-1.236102219875417463e+00
-2.060410498665490309e+00
-1.616593779033750788e+00
-1.565898514714801459e+00
-6.443946953125327670e-02
-4.261661384695150656e-01
-1.804347058108468849e+00
-1.873747317328552098e-01
-2.285574305143714735e+00
-8.264559326041462373e-02
-1.578893087161784559e+00
2.926204668905226125e+00
1.377640298949137643e+00
-3.307030101648908094e+00
6.190861043762079241e-01
-5.084167978474924965e-01
2.635488918569098615e+00
-2.784524522635764554e-01
-8.217641904817682974e-01
1.879636802552184793e+00
2.684321651493644101e+00
-1.358413165138198986e+00
-8.694519639333121441e-01
-1.691817840432725761e+00
3.930161099181442297e-01
-6.716343059070317700e-01
-8.192298514736306991e-01
-1.226773951134811691e+00
3.094394860275897052e+00
-9.143183493703149756e-01
-2.056041740227293246e+00
-5.103689129202931829e-01
-8.201467576702294870e-01
1.781980850381803760e+00
-2.349759942268007329e+00
5.904770700139119755e-02
8.441116175957420475e-01
7.194135203150288094e-01
9.014225372078379372e-01
4.757714316993304493e-01
-8.792171687693820514e-01
2.002948438632640993e-01
2.479570234010595176e+00
-7.081385519414893359e-01
7.938655599985421363e-01
1.412087153268174022e+00
-1.411423235086386896e+00
-1.656343198097771863e+00
4.269853445557676985e-01
7.431839201589083288e-01
1.288131585663137235e+00
9.658624549963855666e-01
2.220775933213508413e+00
1.317852407521588054e+00
-6.723442245416826335e-01
-2.013067692975204714e+00
-1.256815812610027949e+00
-7.986664004812314976e-01
-1.760284360877588883e+00
6.084046887837788464e-01
3.288021352647865769e-02
-5.640034305405106085e-01
8.208234413610095981e-01
-5.110484072722649707e-01
1.189236467806333852e+00
4.637667681089595040e-01
4.592526364538806471e-01
-1.804533191402619918e+00
-1.410251918703521179e+00
-6.399641238132058874e-01
1.512176261216041651e+00
1.824389574608837883e+00
-1.268210573675970093e-02
2.719447065058883339e+00
5.006074927329224877e-01
-2.654460073596257796e+00
2.224348923124096267e+00
-1.392685715361215992e+00
2.335269067186657832e+00
-1.159306854456279678e+00
1.122908293336016383e+00
-1.906723791510757327e+00
6.411782945072365125e-01
-4.119973569925505785e-01
3.067138826513513106e+00
-2.142185404890436740e+00
4.545044570720646604e-01
6.361492807114997872e-01
-1.513964680103701221e+00
-1.894917005247981567e+00
-3.070222538156660574e-01
-2.779750225863081292e-01
-3.851093237923923773e-01
-4.768042299981603560e-01
-7.367026697060032880e-01
9.148919271315503199e-03
-1.794509632156711110e+00
-2.305328647049591062e+00
-1.194941907139263487e-01
-1.942017042640741931e+00
7.024406470962469839e-01
-9.470189805347635215e-01
1.249771573969936656e+00
-1.400827528892819585e+00
-1.889971621576101768e+00
6.892572461648434068e-01
3.219213331969158265e+00
7.791061626502107096e-01
-2.785356235836292105e-01
-2.308314219982345039e-01
3.309224882505957255e-01
-2.547903057003806815e+00
-1.452868982126165998e+00
-1.042486655822994379e+00
-1.821173453952202204e+00
4.506826204028943628e-01
-1.427422963499983322e+00
1.966821616778512860e+00
-2.342911805250701196e+00
2.151753864841037256e+00
2.241999113491215390e+00
-1.605279697188233712e+00
-2.045723926822649474e+00
1.659024636690320076e+00
8.101802441265939514e-01
-3.473057214979732299e-01
-3.072165044738489836e+00
-1.472085484142074518e+00
2.991131866044761112e-01
1.014839734115089653e+00
1.607715677085931327e-01
-2.250253524885164058e+00
2.517426283187736424e-01
-1.600423323460171687e+00
-1.263051757592742241e+00
-1.959454294989129597e+00
9.709178812928063174e-01
-8.169448826440228739e-01
-2.518563695249027123e+00
-1.983114676895213258e+00
9.240993557017169735e-01
-2.381830291447152970e+00
-8.685718404864117836e-01
8.606125608835970553e-01
2.209531912479124061e-01
8.429637263178488826e-01
1.396505665934313134e+00
-6.733082736554123482e-01
-1.055881498176640010e+00
-3.141309704033385053e+00
-5.318477827505952993e-01
-1.472243585323493031e-01
-4.732554768472362894e-01
-1.874123825897864859e-01
2.376866313958598376e+00
-1.818401890237952401e+00
-2.105077424197671632e-01
2.150713971728028806e+00
3.205334075839040842e-01
2.673187291893409645e-01
-1.486648507939912101e+00
-8.974497216843546621e-01
-6.491045074836501172e-01
2.884589758542415172e+00
-5.028603951762471436e-01
-3.198935465002717971e-01
-2.276510784394107645e-03
4.597385858336005549e-01
5.185416160681645126e-01
3.252047702428265019e+00
-1.113236511492877723e+00
-3.083216489729971865e-01
-1.023454387186904846e+00
1.166042072804495122e+00
-2.038617971225655356e+00
-2.170160060407356539e+00
-2.063696507233138799e+00
6.037020727865426428e-01
4.631988913665400776e-01
-4.163670298908177525e-01
1.040235226507260524e+00
1.080114413653174843e+00
-1.500029213854383592e+00
1.821895942515346256e+00
7.223888597827978764e-01
-1.832392063731894116e-01
-3.136105449420631519e+00
2.543206589510827342e+00
4.934759536877009189e-01
3.205921499093455918e+00
-2.068522963161913975e+00
1.303360670426366275e+00
2.782060757983172428e-01
2.278730631816174856e+00
1.569333659258418168e+00
1.740209936487320475e+00
2.483348101314952761e+00
1.069013679039483078e+00
2.261915192068756131e+00
-1.835418043529389864e+00
-2.049381255261460311e+00
1.116185131605791359e+00
1.731630872130552001e+00
-1.377195420128491388e-01
1.185566567625361278e+00
4.512799411922530091e-01
-1.019762770219556636e+00
5.758980407676572710e-01
-1.404666267605246821e+00
-1.548028107535053044e+00
-2.735998815335181966e+00
1.119279988562423611e+00
5.911573572604827964e-01
2.350070053649463142e-01
-2.620268428686943762e-01
