-1.030857716686416792e+00
2.755495776370911476e-02
-3.776783252774475463e-01
8.850658003381692840e-01
-1.540877698365018311e+00
2.607583032758229447e-01
1.248518194310051233e-02
1.048813649872002207e+00
-7.689439551954654339e-01
-9.840088447071571043e-01
-3.385013749136734251e+00
1.345459877640654556e-01
1.445759512866711116e+00
-1.513230261208541538e+00
-7.356890024622592117e-01
7.655508131058825771e-01
-2.227620293681565666e+00
1.842566164953167274e+00
-2.646187507469327738e+00
1.062268653143309871e+00
-9.047918243233064040e-01
5.191280331764086542e-01
-6.456441904074304849e-01
7.115787561078236179e-01
1.025897565956464863e+00
1.328403935504099742e+00
-2.453690833471453558e+00
-2.059940496857747050e+00
-1.565506748559617245e+00
2.536659326647114909e+00
-1.364100786679419919e+00
1.316318771292271261e+00
3.639906704054634012e-01
2.179978414078015625e+00
8.786399669590754247e-01
8.497309396404147952e-01
-4.743145004547055232e-01
7.660353295384983996e-01
2.306892274917831109e+00
8.692844109614447090e-01
7.221755653630698712e-02
-4.546132404195448173e-01
1.125958588005047112e-01
6.585026941025352576e-01
-1.828308464580115977e+00
-1.683494582407906615e+00
4.035766982280217241e-01
5.183637955661477004e-02
4.801530155721571713e-01
-1.850832965628045779e+00
-5.872464848945455618e-01
-7.655002974971580887e-01
-1.812874709430095099e-01
4.197278621439425317e-01
-1.963904328685671039e-02
3.100308824192885698e-02
5.386999596831218984e-01
4.434353632734829853e-01
2.256512995118687748e+00
1.740568433964926554e+00
1.947009789734667651e+00
1.123183906912905261e+00
2.920402398913529041e+00
1.894020254563536731e+00
1.119799986551133220e-01
-2.590098965839625622e-01
2.787276725191321636e-01
5.078763670030043142e-01
7.313674466263768714e-01
1.294958596987842769e+00
2.534173921313112476e+00
9.134303119351172562e-01
-1.643119684406797676e+00
2.319180316502207351e+00
-9.742647312340374510e-01
9.870855588241354006e-01
2.129307158625131535e+00
-5.265242004588476243e-01
1.762197942134085871e+00
-3.360468288963637251e-01
1.185124482328762330e+00
6.198488215743019197e-03
2.485267372675705300e+00
-4.563098612675505206e-01
1.009659480018687966e-01
-1.123332660244051651e+00
-3.132629950976422162e+00
1.365509283732551649e-01
-6.893181775538169687e-01
2.106922514403064550e+00
1.032683612125382844e+00
5.721243618819334964e-01
8.139518469779878362e-01
-1.551203318450218083e+00
2.180122682270421997e-01
-5.578698858032026253e-01
1.886712962550814332e+00
-2.573956481328663504e+00
1.134474176705914550e+00
-1.209262216240137633e+00
1.308830029402229700e+00
1.700363764853358939e+00
3.043408288954796426e-01
2.313391258582500054e+00
-1.380346577453720469e+00
-6.240159042726981520e-01
1.454652598825227905e-01
4.600570062988469378e-01
1.335587219796813052e+00
-2.664979261635844199e-01
1.844438058930953639e-01
-1.132045941446014892e+00
2.599276606543039048e+00
1.349822945239897987e+00
2.357134175964936240e+00
-2.273041146811722424e+00
5.177030283733462523e-01
1.910482372772062398e-01
-5.437002575063045740e-01
-1.245334301460154114e+00
-7.815678606803702078e-01
1.118550000469485717e+00
3.889568718473790376e-01
7.800871443135788397e-01
-7.113202549787567275e-01
1.475725537358580697e+00
-2.717057100134872893e+00
5.374077903541186751e-01
-4.597458995463581943e-01
1.421777451510382040e+00
2.353587556685551863e-01
1.156671097617614663e+00
1.544544374610001825e+00
-2.265100598562776568e+00
-3.057035048437655611e+00
1.660980005367467482e+00
1.901894122344159888e+00
2.788969244117733837e+00
-1.347940345238073157e+00
-2.409956452962397577e+00
1.610360648155188645e+00
1.580337611721958302e+00
-1.503463077591264074e+00
2.092910922322732237e+00
-1.213757868291755582e+00
-8.158426744098159489e-01
5.136589412366943108e-01
1.825543218539042722e-01
1.159330265839897955e-01
-2.319436379294853801e+00
1.221637608887081727e+00
-9.823867379983590720e-01
-6.367647269654680420e-01
-5.040924455232544954e-01
-6.116684485832890594e-01
6.456720172545346026e-01
1.317545568020384472e+00
-1.670609255486651401e-01
5.670387919300948765e-01
7.536001627580255491e-01
-3.141696237081916809e-01
8.378877773003901019e-01
-2.160657493834111653e-01
-4.109052433779580848e-02
-1.081445120231812718e+00
1.743136546574291512e-01
1.153325453823640157e+00
3.408725566285831232e-01
6.405565208172185887e-01
4.649844443288939644e-01
-2.707958486894264993e+00
7.075299533328467394e-01
2.433738258731287907e+00
3.065073961113710665e-01
9.230030514767444405e-01
1.645835962147906617e+00
-1.020940345191557186e-01
-1.592196441743634727e+00
1.956128861979115729e+00
2.089651229620431039e+00
-9.070569032715457558e-01
-8.261592890894663421e-01
-2.395636893667546730e+00
2.796888913189029324e+00
-5.914412602644139039e-01
-3.274062871330487567e+00
-1.019948729412063715e+00
-5.752223252800974240e-01
-1.274630194236252567e-01
-1.267453247172609654e+00
1.842404279528233157e+00
-1.418045429151154613e-01
-3.117139506376147562e-01
-1.319990351678992369e+00
-6.448902605116251241e-01
2.837200482892670461e+00
-9.203287248113479757e-01
-7.184593164220270944e-01
5.631035220566059651e-01
1.572123319463889279e+00
-3.193763385798809029e-01
-6.498453136678352671e-01
-8.052529171183645529e-01
1.698963153510594015e+00
7.213815872540456642e-01
-2.258612210893673478e+00
-5.915271992805213319e-01
-1.477042653529542449e+00
1.181523627409710175e-01
5.138176777827624386e-01
1.738288361168107421e-01
-8.356938458272477055e-01
1.975725245267165864e+00
7.812647916961199535e-01
-3.294136346603280252e+00
-7.620498058217702875e-01
-2.786823810264423162e+00
1.554478742534678881e+00
-1.198705492539326789e+00
5.095084582457281019e-01
6.082712396394304166e-01
1.135335046053312924e+00
2.125497038644807990e-01
1.798178611834544194e+00
-1.677268355913720532e-02
-2.868921600617225787e-01
-3.205360222251869007e-01
3.907371830521212952e-01
-3.713399944904384187e-01
1.627158920503597006e+00
5.836296311687275695e-01
6.068542160498747728e-01
7.387464904919047518e-03
3.471915914480682819e+00
-7.026466743658165148e-01
1.952375078079727322e+00
2.774581132784416648e-01
2.994931479793487838e-01
1.417429049123064555e+00
1.066767635197714004e+00
4.068038923998006373e-01
-4.299026419964657036e-02
1.134382701276162475e+00
-2.313784501444816066e-01
3.720946265383857643e-01
5.194832684482086210e-02
7.216475838377225394e-01
5.583304579361823006e-01
1.637666591068075661e+00
-8.718292848575712739e-01
-2.511615796644523613e+00
-7.814315057599139358e-01
-1.063191188964556444e+00
2.170421213622715673e+00
-6.614902214866561492e-01
-2.832420042291639017e+00
7.005059813347705444e-02
7.497644260500305746e-01
1.346239590374682937e-01
1.584374511347028003e+00
-2.852025950574399449e-01
-6.814442676743898142e-01
-1.077614636785010793e+00
1.135631351792875388e-01
1.197601262831533120e+00
