-1.016006936033804875e+00
3.608669655987009617e-02
-3.678335525049714061e-01
9.653399295333512375e-01
-1.545640349191996332e+00
2.591558977170814737e-01
2.897368081683861923e-03
1.064259106669429356e+00
-7.725320614412890530e-01
-1.007115368739635475e+00
-3.453299956249442193e+00
4.269523099305110037e-02
1.431410350691403766e+00
-1.507050927729172152e+00
-7.643464664355571481e-01
7.706528628542710369e-01
-2.233651827782323185e+00
1.839570840624532355e+00
-2.627191323308635251e+00
1.069195316962074482e+00
-8.811045490070282815e-01
5.270124043660522339e-01
-6.457446937378050755e-01
7.187115431256377862e-01
1.030634012034702618e+00
1.338320145235345926e+00
-2.455743466647136497e+00
-2.052960674713554035e+00
-1.575442487469158159e+00
2.535762447564775091e+00
-1.378194318587923517e+00
1.315794220877773535e+00
3.665507118152929733e-01
2.198796779836513338e+00
8.726172092676146574e-01
8.532766793416932671e-01
-5.170118666954369724e-01
7.699806520857159775e-01
2.310090664240797231e+00
8.340911463946415472e-01
-6.105685461929855062e-03
-4.509255244439751009e-01
1.371190538692828309e-01
6.574441677024008834e-01
-1.835977002897481336e+00
-1.656351025811376276e+00
4.724390926431794591e-01
4.801533452802849572e-02
4.281903080998752942e-01
-1.807993506683559293e+00
-6.278476796401381010e-01
-7.591493935216588884e-01
-1.909757310008998732e-01
3.829224071318803047e-01
-8.196354895613405800e-02
-2.790697529812272148e-03
5.487278067217076227e-01
4.468702245483566760e-01
2.597411853192220565e+00
1.875598512001922735e+00
1.942078601038172536e+00
1.139152705415930056e+00
2.935840535466222700e+00
1.899617332328475294e+00
1.895825573319107615e-01
-2.371845734990001564e-01
2.731152217034551466e-01
5.218992384692814346e-01
6.992491367026743010e-01
1.290721943510943825e+00
2.544034269239364932e+00
9.090060360059230016e-01
-1.675511143799973457e+00
2.059683503197052623e+00
-9.811641278069930250e-01
9.771700386076797029e-01
2.138232569556386853e+00
-5.469118048382841657e-01
1.744469695741933668e+00
-3.104744468571248861e-01
1.187624897618310582e+00
2.674410008521310722e-03
2.489845193516881050e+00
-4.502781160815967354e-01
-1.331542096232475325e-01
-1.112306531940359999e+00
-3.204243466383886574e+00
1.358886228692597897e-01
-6.979018341551688209e-01
2.148882278568922555e+00
1.060356546654902088e+00
5.819499156603039625e-01
7.811310008596881183e-01
-1.548420532781369374e+00
2.149162457217407562e-01
-5.602380445138296361e-01
1.889452444483208593e+00
-2.544380322033831465e+00
1.111360433242106094e+00
-1.221229312727727612e+00
1.314235116013779292e+00
1.687268368870592283e+00
3.010973113717422267e-01
2.311938037377495370e+00
-1.327014062469825673e+00
-6.430229045181481418e-01
1.463708298356377335e-01
6.079887675306234751e-01
1.326436987010954693e+00
-2.518811595446343032e-01
1.240179328170286643e-01
-1.129866011960448446e+00
2.608916611291444365e+00
1.362780616182283744e+00
2.357612997103987862e+00
-2.302946818033367649e+00
4.673189670513409610e-01
1.935677241355526768e-01
-5.365934415881483677e-01
-1.178590074754300110e+00
-7.864963370178881252e-01
1.113442834737693898e+00
4.106404955839298987e-01
7.514968942374163907e-01
-7.161231600908528616e-01
1.457383424117695281e+00
-2.706342946490002621e+00
5.339116217998525205e-01
-4.602314730470677961e-01
1.452856925842505698e+00
2.337597411297394900e-01
1.154694748521363001e+00
1.554643542267790446e+00
-2.294902975538452239e+00
-3.228108986537858272e+00
1.687697202975159572e+00
1.886014034567812248e+00
2.773114496981403221e+00
-1.344204994886912807e+00
-2.406114666829445081e+00
1.608133944327810649e+00
1.566005906099867895e+00
-1.522602311677540676e+00
2.090071741768103397e+00
-1.231284490674794840e+00
-8.114076806299422850e-01
5.038907562708299093e-01
1.816847329397414668e-01
1.175963691826874546e-01
-2.349774222652038613e+00
1.218333271518597938e+00
-9.822301118379247464e-01
-4.201229017051226200e-01
-5.067088461129968247e-01
-6.069511142520147562e-01
6.513390082078619470e-01
1.403380097096059043e+00
-8.177846167278506051e-02
5.545521737427627773e-01
7.873801320172106877e-01
-2.839111710795959587e-01
8.241441025004938581e-01
-1.883343293252895123e-01
-2.166181050180365775e-01
-1.070570400870583194e+00
1.769273202653517119e-01
1.161971656836497280e+00
4.860874256718579201e-01
6.445374663436144180e-01
4.808881473251068739e-01
-2.720750604570465914e+00
6.682734223951485308e-01
2.413563101868668515e+00
3.034746983522138564e-01
8.884285537005391920e-01
1.637351330758349155e+00
-1.177575061714579568e-01
-1.586394107383206631e+00
1.953368133704083798e+00
2.082718302471677774e+00
-9.346836517309139447e-01
-8.103753294402996632e-01
-2.398845906658912952e+00
2.726474054894762578e+00
-5.655931057788134986e-01
-3.274566042764349483e+00
-1.029358922920541319e+00
-5.894518120247828064e-01
-1.369565276098158035e-01
-1.288245292560870059e+00
1.836772671777075150e+00
-1.194844040964823662e-01
-2.878460977735483040e-01
-1.327654854376537408e+00
-6.318045762540845933e-01
2.813414396736621637e+00
-8.552302380244257707e-01
-7.162888471775539223e-01
5.604970256835235531e-01
1.662015392747666187e+00
-3.704504571451412431e-01
-6.482403090142978552e-01
-7.828337076970930397e-01
1.699174152992641629e+00
7.161860674303739405e-01
-2.261118088099844048e+00
-5.947463018490579678e-01
-1.493816311491104054e+00
1.766257317921210712e-01
5.222932732956088175e-01
1.747505594360870274e-01
-8.327368680477833518e-01
1.947220119539102789e+00
7.334993061409293968e-01
-3.294827386616223652e+00
-7.619440853330462504e-01
-2.792675261588193791e+00
1.560666402849288703e+00
-1.171382010774406623e+00
5.137708755216782164e-01
6.064238924954901133e-01
1.098765539353275367e+00
2.001872243187360623e-01
1.819802774039248394e+00
-7.153617169954902544e-02
-2.857614856720773755e-01
-3.234431516418145858e-01
3.165062061751566791e-01
-3.731959017887380159e-01
1.636406063221943041e+00
6.686773492631645777e-01
6.042840241684844793e-01
6.919037350885662817e-03
3.483517134370304191e+00
-7.017931262269144765e-01
1.948769451859519108e+00
3.461688754806568902e-01
3.189085660995522598e-01
1.409905109956111957e+00
1.081629267150338247e+00
4.070031143733149337e-01
-5.164966121443639868e-02
1.175084791749222424e+00
-3.310318350824814071e-01
3.679422518178595558e-01
9.301565015637276723e-02
7.298622715271235739e-01
5.621771207660152259e-01
1.578488374598262745e+00
-8.665938509972087589e-01
-2.509882381216759661e+00
-7.831569432242304618e-01
-1.064194712366704376e+00
2.136812410262721951e+00
-6.730535699359844193e-01
-2.831289478808157067e+00
1.032885774991227218e-01
7.392194652802586141e-01
2.104244514673269117e-01
1.580392373229177139e+00
-2.765000320498671171e-01
-6.994553997850023741e-01
-1.081695810076076070e+00
1.099280774316462733e-01
1.194491602195691948e+00
