-1.036511964480849590e+00
2.710071489788345653e-02
-3.659883980726561514e-01
8.957783140884620909e-01
-1.540707876409999733e+00
2.736486225602389744e-01
1.050188798678892976e-02
1.050110058326518381e+00
-7.674974237192948578e-01
-9.842444107691646904e-01
-3.388719583369067312e+00
5.385795452546698198e-02
1.453239566718283804e+00
-1.513292041324129089e+00
-7.368179506269976198e-01
7.651983262343070580e-01
-2.228752759603548128e+00
1.843760004324185520e+00
-2.647388415908435100e+00
1.064440317243820600e+00
-8.972549936941235371e-01
5.227351296021959248e-01
-6.460122943452681898e-01
7.101830722875955848e-01
1.024798567334160415e+00
1.329783406729829975e+00
-2.455359384031363223e+00
-2.034479514237999442e+00
-1.566840150565518286e+00
2.536549545075726719e+00
-1.366362288756980403e+00
1.317360775022341279e+00
3.646726057866866433e-01
2.180343504991193004e+00
8.554545063729189769e-01
8.499022699594853680e-01
-4.732397572760295712e-01
7.567433763062711982e-01
2.308753983375105623e+00
8.596534899988971246e-01
7.379345648899675314e-02
-4.548937472695798734e-01
1.474734234472134531e-01
6.524919104659551161e-01
-1.827147623674901578e+00
-1.667387031228229954e+00
4.013349184698319361e-01
6.971726307473512241e-02
4.671813703359991576e-01
-1.871352701746453295e+00
-5.853996766879068225e-01
-7.600408975242000098e-01
-1.823156254917648877e-01
4.170324957092840235e-01
-2.310380592302102229e-02
1.555493593173359369e-02
5.378690423756428141e-01
4.409596372307606482e-01
2.692935968486344755e+00
1.734473202156258775e+00
1.949384579417626551e+00
1.130994415042486878e+00
2.900895485575902821e+00
1.912438917824340834e+00
-3.831107411826427389e-03
-2.610497672245751799e-01
2.654642361003629047e-01
5.128939016381992566e-01
7.389938909622707497e-01
1.267088687389459567e+00
2.533366694844475298e+00
9.084925146692061082e-01
-1.672975545269467235e+00
2.341722498169984235e+00
-9.707863082329827309e-01
9.767411913466584883e-01
2.125056198453963763e+00
-5.423815658628035052e-01
1.769586180415119836e+00
-3.661701451759023507e-01
1.187110184615011166e+00
4.586798397558074225e-02
2.482895393441850729e+00
-4.405825878770424087e-01
9.953918641459372219e-02
-1.121332758070476610e+00
-3.189760897067818846e+00
1.324210265711815715e-01
-7.021466379768345201e-01
2.145439674055441337e+00
1.038742217185986583e+00
5.721534825200298435e-01
8.123000153996444705e-01
-1.549618929077628993e+00
2.171026455422949142e-01
-5.621450899236142273e-01
1.892227846687621451e+00
-2.586853969009131671e+00
1.128590744747666630e+00
-1.210290383681201787e+00
1.311314729589482475e+00
1.698807873601944074e+00
3.033449466502647907e-01
2.320920746374527610e+00
-1.325133361072971194e+00
-6.314703246385729996e-01
1.444530355359670837e-01
4.536724943855860448e-01
1.324832804995318414e+00
-2.745354811001356476e-01
1.342524337205589502e-01
-1.140068305764650125e+00
2.602430242487709933e+00
1.365637530093611218e+00
2.354119948702990239e+00
-2.262448567207107963e+00
4.997351687410059307e-01
1.916703224221001367e-01
-5.458481690357610550e-01
-1.256758487454052942e+00
-7.852515848899976891e-01
1.117958139246324256e+00
4.154232470517132958e-01
7.831051545253746582e-01
-7.080896999201242714e-01
1.460086179606273626e+00
-2.714596862163634494e+00
5.380446805744033556e-01
-4.482204868650496721e-01
1.447850043525525043e+00
2.402050973535637401e-01
1.155586032257480911e+00
1.553383214631102183e+00
-2.282049250321625866e+00
-3.125316896850463877e+00
1.666127167868446612e+00
1.894865303212005081e+00
2.786003551911318432e+00
-1.347420191099739872e+00
-2.409810670297315660e+00
1.607645200094810933e+00
1.579742419877798731e+00
-1.496797862338771878e+00
2.097516834015518583e+00
-1.186412579088826469e+00
-8.180287387932289045e-01
5.104269164524665170e-01
1.827498721678045279e-01
1.161159968164472006e-01
-2.320275557982713899e+00
1.222354418503092566e+00
-1.024267796196280056e+00
-6.188984489999022065e-01
-5.041729605741516185e-01
-6.073905519028254263e-01
6.641497984095877660e-01
1.316213820279128033e+00
-1.033718617163468245e-01
5.670050352860063203e-01
7.537224329823736246e-01
-2.618285246653447862e-01
8.860190962331566666e-01
-2.157552862893572510e-01
-4.314509693367379883e-02
-1.068593514009889223e+00
1.713049493397117429e-01
1.153046193133999697e+00
3.413281402569722789e-01
6.586454650727578963e-01
4.834817840052467175e-01
-2.707795325590553581e+00
6.890711067448831439e-01
2.445755139665938493e+00
3.077270579063223765e-01
9.682611438878595544e-01
1.638907326766025685e+00
-1.258181710271853715e-01
-1.587505277093723688e+00
1.956443848312223288e+00
2.089228522694186019e+00
-9.444213239659692283e-01
-8.331864317867093694e-01
-2.391084744559463182e+00
2.722593892751155931e+00
-5.800059249938718242e-01
-3.274267341298218614e+00
-1.027156140002876583e+00
-5.822758504716044614e-01
-1.249543043623097816e-01
-1.372264125967531889e+00
1.842494801040388319e+00
-1.375674028398750914e-01
-3.132828476311183552e-01
-1.318087521173227028e+00
-6.438013769993971014e-01
2.835119590288179836e+00
-8.737566143822551590e-01
-7.149900263937249978e-01
6.037996577591859815e-01
1.574869247486808010e+00
-3.165887167771315180e-01
-6.495902227963215037e-01
-8.228697762335915877e-01
1.721118312581015886e+00
6.983280073908471053e-01
-2.277245398816403199e+00
-5.925473991129678319e-01
-1.481043180686587579e+00
1.181263974418886031e-01
5.123719275935327833e-01
1.743397704946095528e-01
-8.295689065677598339e-01
1.975869441941972893e+00
7.615586568079500962e-01
-3.294873419832456740e+00
-7.732121722896178051e-01
-2.838112339114420735e+00
1.554802519117450821e+00
-1.229461350788825902e+00
5.102299875429305853e-01
6.097052459348122344e-01
1.129051106317460862e+00
2.103886758762234799e-01
1.819176908466940690e+00
-3.046104975360886674e-02
-2.888165650228913250e-01
-3.229795196189045869e-01
3.923283590503372498e-01
-3.712202221162798077e-01
1.631379708800737571e+00
5.856230928896778432e-01
6.051707367726193443e-01
7.460797069708300679e-03
3.482705003588570047e+00
-7.037851386107402130e-01
1.952494787160634848e+00
2.422176786235967494e-01
3.061497411114227907e-01
1.445496141959645930e+00
1.068835722444921199e+00
4.071129231283839300e-01
-4.265812065887262389e-02
1.134377663735832487e+00
-3.602366462696936500e-01
3.737854034898751565e-01
5.615839950581529710e-02
7.225556261956690429e-01
5.583604177525978152e-01
1.635029128763764161e+00
-8.642577185260671424e-01
-2.510719146297462956e+00
-7.829508974369031593e-01
-1.064883960397069451e+00
2.053184064997383818e+00
-6.650216050136328327e-01
-2.832453301954260372e+00
7.400394041028590664e-02
7.447658959636151987e-01
1.686768628587777541e-01
1.584081145870493534e+00
-2.783550942876999446e-01
-6.947528109669119933e-01
-1.152468162741612012e+00
9.843562066308528258e-02
1.197051379067874288e+00
