-4.952309676301669961e-01
5.043596292917278401e-01
-3.093324786595448295e-01
-4.943913741128879713e-01
-8.777994796406961564e-01
1.854974619024505111e+00
1.318403625106549515e-01
-2.545516283543918790e-01
2.802133419775981737e-01
-1.071309554379413109e+00
1.516581022583522453e-01
-8.462767657380998454e-01
-1.387533151472979842e+00
9.644868268400995648e-01
1.560663601228184261e+00
-1.281514090221184121e+00
-9.194741878020447068e-01
9.368194183876951131e-01
-6.469726138697891038e-01
7.910677373334870088e-01
1.303165457035123431e+00
1.744770259596516715e-01
-5.515203510745113613e-01
-6.933868720555212972e-01
-1.501229573411249352e-01
4.503323480442075755e-01
5.983777971403401175e-01
-8.390341258600536589e-01
1.007183608165246769e+00
-5.539627953425660944e-01
-3.599019411624423403e-01
-2.849663279787186809e-01
3.958174882112616699e-01
-2.800478585564547540e-01
-1.505756110845065943e-01
7.146202933988201611e-01
-5.141161406122082278e-01
1.397460550181689243e+00
7.188673103184408664e-01
8.341347835315585657e-01
-3.229664147637072436e-01
-8.993726093129897903e-01
-1.311628756402660745e-01
-7.141156610977628105e-01
-1.311047123032623718e+00
-1.932432461616775676e-01
-7.044324582073148155e-01
9.982771729210239142e-01
1.662872491237246342e+00
2.790855750055453166e-01
-4.157226751303813028e-01
9.984075467760258338e-01
9.647596437912573375e-01
-1.364441354088978153e+00
-5.200427961354811002e-01
2.780933355216352876e-01
3.005955387734147721e-01
-7.251716756929021956e-01
1.757487476945741589e-01
-6.363738211019845936e-01
-2.269400594455038001e-01
-1.740573576523303523e-01
4.035065804450858051e-01
1.625692902250098548e+00
-2.400117382479719730e+00
-3.858273261559889700e-01
6.935327530210741442e-02
4.884088915081540305e-01
9.001666053672714440e-01
3.385346257864749742e-01
-1.061280444824955094e+00
2.716971180647823059e-01
1.042712357327725048e+00
1.295735298290650483e+00
-2.475643677932863440e+00
-3.126245311419080797e-01
5.690458304983219140e-01
-4.997792841100128780e-01
-3.232836486565583978e-01
7.675856392303940234e-01
-1.190699898395441991e+00
6.935410959518589769e-01
-4.600985956325647219e-01
-1.350189705769784254e+00
2.474984837082724320e-01
2.135010904809282462e+00
-1.775922830249625495e+00
-2.265294183771965619e-01
-6.703176874310312616e-01
1.127221280101514816e-01
5.324229690591716357e-01
2.980033879940575114e-01
2.976171040088072539e-01
-4.829495337412075262e-01
-9.412453201319291862e-01
-4.709531620454125989e-01
8.319716719631013724e-02
5.643075516921564061e-02
-1.449684214715487307e-01
-3.986555340808537462e-01
4.824166255694533056e-01
4.797129397673212670e-01
9.523186806506139801e-01
1.725865539943778115e+00
-1.338108661396218424e-01
6.695210953028504219e-01
-5.950269359669252411e-01
1.342036236741305233e+00
-2.705943215487893738e-01
1.850290794013379925e+00
1.471170791148537493e-01
1.489985769525003612e+00
7.356942841465652361e-01
1.653997519670468153e-01
6.734833454312391110e-01
3.963565778950010887e-02
7.464387211528834554e-01
-7.332229530723667343e-01
-3.810898721006134027e-01
-9.271348750959579332e-01
6.210031117294814162e-01
1.462922712554829641e+00
1.119775859417801334e+00
1.997972035906172561e+00
9.603107338691563299e-01
9.358302872149110163e-01
8.320856472119121383e-01
-3.615633432424818494e-01
-4.450742796296848491e-02
4.317766625709534845e-01
-9.548290699852716168e-01
2.050860787779935634e-01
9.633758157810048961e-02
-3.799690738927344325e-01
-1.023274076488052575e+00
-2.621098796778174589e-01
-4.063916776054514179e-01
-1.076409073158244301e+00
5.475375028397797550e-01
-7.346975985210887350e-01
8.330379915019580084e-01
-5.840469986392816670e-01
-1.810397282501305494e+00
1.133129375339243072e+00
1.285614871297728057e-01
-1.052880864244967407e+00
1.086396911380000663e-01
5.299193208960585322e-01
1.610393310973946113e+00
-4.330225425971399034e-01
-1.207305421067885520e+00
1.404355216115390936e+00
1.388720934722522893e+00
1.961409623425487136e-01
7.615113836701059569e-01
-1.319768039766636925e+00
-4.608698929922545595e-01
-5.721397528136680233e-01
1.233394695644222328e+00
-5.080959334784515002e-01
-5.031012865306911941e-01
6.346669890279077464e-01
-5.787344011728304816e-01
1.045551541494286890e-01
1.280534056223618933e+00
-1.164169911423561521e+00
5.527847260155475118e-01
3.620485404754490988e-01
9.029210160742253688e-01
-1.174756890389328373e-01
4.727922694214958810e-01
-1.114596831418830147e+00
-6.204463205158730066e-01
-6.513049061559635922e-01
1.432653711235952476e-01
2.083745114158639389e-01
-1.182746358800659481e+00
-1.013808647704411481e+00
-3.622328992694240357e-02
9.535184286804131437e-01
-1.985985813548652446e-01
-9.557351333190348130e-01
1.086201947166388626e+00
-8.255706344286614651e-03
-6.436762644592015914e-02
2.677457437888631775e-01
1.620093136164640679e+00
1.534565525403706332e-01
1.026058399754902872e+00
-3.534718240788715660e-01
-1.072331739490501423e+00
9.159016266019266439e-01
-1.565832280405052401e+00
-1.343821592923626906e-01
-6.822747460946815279e-01
3.437898206876451868e-01
3.713928044743221302e-02
7.933535771248252377e-01
9.790132938941692453e-01
2.684944088577368992e-01
-9.987158116872680846e-01
-1.139170137564368135e+00
8.275208745937433497e-01
1.277944643954497694e+00
-9.290198554802550079e-01
-6.327497826125680902e-01
-3.565312361024487453e-01
8.600873773297008640e-01
-6.309094926811306125e-01
-2.126371989656222761e-02
4.166528547826900963e-01
-2.517076762226146402e-01
1.005960414973630757e+00
1.553593505861046609e+00
9.698506779813068079e-02
1.617088911058273681e-01
-4.492555755304577514e-01
-3.180391970099036847e-01
6.022906772586480439e-01
-7.525692058154381803e-01
-2.269079663279571224e-01
3.005110206303689968e-01
2.227754207917438944e-01
4.699249484761416906e-01
-6.813582295514940268e-02
-9.218657497193744055e-01
4.938407310563657227e-01
-3.214864646389760661e-01
-1.585681619596435443e-01
-7.419917635313663662e-02
7.206704632816254841e-02
-4.424752624994198191e-01
1.214386734289844894e+00
3.388398799602229672e-01
-2.479071117201175622e-01
2.004304668353046548e+00
7.068719390880311426e-01
-7.739377496222530350e-01
-1.552081873570999304e-01
5.173168225122299901e-01
-5.353474451779592913e-01
-1.838600635072494827e+00
-1.204871046927258993e+00
1.687815192147378518e+00
2.253209654961982888e-01
-3.848111449918548144e-01
2.010596462469520951e+00
-1.429174786400972397e-01
4.041851123751477037e-01
-1.817528776472565610e+00
-3.908736894576883558e-01
2.937062442128240969e-01
6.667137037946717637e-01
-2.692625790070078962e-01
1.071741254736103155e+00
-6.061348454172682532e-02
-5.492488985829855341e-01
5.057636872210067303e-01
-1.364825422415931300e+00
-4.678495997452002952e-01
-8.155809077055761191e-01
4.282952961737029329e-01
-9.623247124483416126e-01
-5.779447203846894698e-01
1.179276265982545979e+00
