-6.298459925764985368e-01
-1.825054353591550660e+00
1.570157976742821315e+00
1.689754774827028905e-01
4.256946861222336009e-01
1.093398908244822276e-01
5.172634879060277191e-01
-1.055640673099145221e+00
-2.144394166486440767e-01
-2.889525519233430706e-01
-9.587017148768328667e-01
3.338292130959719661e-01
1.604152982120089777e-01
2.281614518182509155e+00
1.229508439811429321e+00
1.115125161010666055e+00
-9.134072148347149867e-01
7.801545334520819386e-02
1.580480873167529499e+00
-1.670878007603780580e+00
1.394246485597573915e-01
1.032850740820681512e+00
3.680811064142366362e-01
-1.216456679717372591e+00
-1.110298327555779285e-01
-1.872500980991661235e-01
-1.756322295893156582e+00
-5.366255886932453922e-01
-7.310233913980838105e-01
-7.706376241709359531e-01
8.178980015663198655e-01
-8.892420096511575167e-01
-9.251638937850632516e-01
1.171543819945612075e+00
1.273644630800301991e+00
4.137516624914248098e-01
2.485243943937190114e-01
-2.053996228037620053e+00
3.028120003349363265e-01
-6.541808774740874854e-01
4.385263683320056449e-01
2.410364773713026820e-01
-1.171957701156157439e-01
-2.395673827989727389e+00
-1.794256358424354270e+00
-8.335727481388603977e-01
-3.423281661387266722e-02
5.762798818556380542e-01
1.151328631627759114e+00
4.520284933665937865e-01
-1.765508060602399176e+00
-9.037496451282651666e-01
1.377183993956878905e-01
-3.392610915809336491e-01
-1.591178924258096761e-01
1.034335634586936337e+00
1.646093835139131656e+00
-5.303211598045911579e-01
-3.156021089638048616e-01
1.633099031522631472e+00
-9.370850832936481467e-01
-6.546371269271953341e-01
1.460840788066242846e+00
-9.028785098577867263e-01
-9.849369221093327020e-01
1.933150839831802303e-01
1.004101000977929647e+00
-1.024583410773607595e+00
-4.021860048246689301e-01
2.323211045378263950e-01
-2.027675371864722020e+00
-4.628027800703961581e-01
1.603524551844684121e+00
7.575490938954118070e-01
4.322292602690658292e-01
-4.692512229257134737e-01
5.807408761536829722e-01
-1.160728103797423749e+00
1.838059446921049833e+00
-1.169634121749251410e+00
-4.286887954895093333e-01
2.444238070481136171e-01
-1.086489980166295055e+00
1.234731777745887438e-01
-2.700411861951390602e-01
-2.813182522442447819e-01
3.463834282419677724e-01
8.408064649230169163e-01
-9.828723793560215083e-03
-7.134743682614443916e-01
-6.127887798038996747e-01
-1.259807564775985433e+00
-1.862306424560658202e+00
-9.433643048816187093e-02
-1.083985006898801062e+00
8.778370137198689971e-01
1.059189856269519447e+00
-6.194837239706492138e-01
-1.347797541885253692e+00
1.075854588359060893e+00
6.150204738265585558e-01
-1.563835178624043643e+00
1.699681873334660587e+00
8.109743636837094538e-01
1.011059281416364503e-01
-1.477568565501698183e-01
-4.028278486984950280e-01
-5.941255982652972056e-01
8.510527844666881947e-01
8.457165925786167548e-01
7.434093352441221159e-01
1.080008845092584435e+00
-1.184005506528566620e+00
-7.434021971140584162e-01
1.621175377343417434e+00
7.206098610690910844e-01
-8.533314720150012578e-01
5.712224754371963975e-01
1.391164347807428703e-01
1.191560748205976017e+00
6.003339440270075711e-01
5.008089546210052756e-01
-1.893779064219278441e+00
-3.436188411947117549e-01
2.829757759478843671e+00
1.339899950623560487e+00
7.771958539567804802e-01
-2.345167480542643901e+00
-4.810731180566156784e-01
5.629237163674580269e-02
-5.141020080576770290e-01
-7.526302748244549923e-01
4.310680655627361912e-01
9.873366944807984713e-02
-5.199215493019218037e-01
-1.166885765730115709e+00
-9.067076675478189518e-01
-8.931822368131536738e-01
-2.347781429085190830e+00
-2.009000187666297954e+00
7.545441518986168994e-01
7.755690785048520164e-01
3.935797484040835514e-01
8.033025248309278998e-01
3.212207864768585330e-01
1.237234980109060745e+00
6.702262697604536301e-01
-4.440106604746249519e-02
1.151047395224575443e+00
-8.184328640792547516e-01
1.082239239366109995e+00
-2.513757124778779814e-02
-1.261640339365241115e+00
5.590815427483639688e-01
3.039578873673937087e-01
-1.308340817342328322e+00
-1.425918305574903622e+00
-8.027810298297659575e-01
9.042438574500137882e-01
1.313262702149555317e+00
-1.446054891703654421e+00
-2.901605855511901755e-01
-3.976639798103384082e-01
-2.040791196240912819e-01
2.197970575201194099e-01
8.608623748992814129e-01
-6.523382711731289252e-01
-1.107275636816422937e+00
2.423277655940026809e-01
-1.221134153995390298e-01
-5.940860545986907937e-01
-1.662077939031974649e+00
-7.914641923148965086e-01
-1.431691001973854238e+00
1.470928389271556780e+00
8.689480512284025737e-01
-2.166154854510812799e-01
2.240140042555569325e-02
1.087404898507516204e+00
6.125302608566913776e-01
6.799894876993868298e-01
-4.954300623884779209e-01
-2.440698560282341112e-01
5.023717447112427958e-01
-2.035720497374050031e-01
-2.443227177650976190e-01
-2.294216627468521619e+00
1.509802435303876644e-01
2.362540880124165688e-01
5.453369336036191506e-02
9.189640927655442493e-01
1.810943942600628631e+00
2.181658369442222023e-01
7.010143025179658149e-01
-1.218193233450926671e+00
1.047392530237836850e+00
1.322876456084729480e+00
-2.902964174789120499e-01
1.154163266456660786e+00
-3.912579721716739622e-01
1.863759194215013792e+00
9.740353367642354820e-01
-1.264168537257462477e+00
3.958356376631068652e-01
1.467958442493909832e+00
4.283368310790592881e-01
5.160715478830269452e-03
1.566154399700356636e+00
1.050969525632531765e+00
1.748923988854608425e+00
-6.452927582589282895e-01
-1.573777146051890563e+00
1.290307094733770032e+00
5.586922716059766758e-01
1.045228891172911956e+00
1.177302241768142688e+00
-1.746038579786720335e-01
-1.245617419191948905e+00
-8.884521132391607345e-01
-8.940446016462628709e-01
-2.702955601999584623e+00
-1.461784633330233951e-01
6.581620340528063773e-01
1.161258461913104778e+00
1.143064613734255275e+00
-6.116537835057617167e-01
-1.292009557968815558e+00
-5.108783513534738141e-01
5.539355829533785247e-01
-1.761507180429812358e+00
5.264759190577575909e-01
-1.726430139534416153e+00
2.601190150107249299e-01
7.166854205242607911e-02
2.159212530484963644e+00
-1.298499949041269863e+00
1.518052155826588034e+00
9.282653102639696341e-01
-6.912852530607288548e-01
2.896490280352258528e-01
-9.875272139767499180e-02
1.184831513322431640e+00
-2.996700326162077821e-01
-1.145593952030560941e-01
-2.928531607387065416e-01
3.602419621270253058e-01
-2.165595571938989217e+00
9.505388009029098750e-01
-3.123136849950539085e-01
-1.167127789928418036e+00
5.365073504710626828e-01
-2.527191313857886534e+00
5.525510344802360141e-01
1.518390150688685658e+00
1.402038692326022407e+00
-2.253953496834162906e-01
1.344667625823324997e+00
1.016946225299691031e+00
2.214898218052342660e+00
-8.273574222499643915e-02
-1.290256662887824479e+00
-1.123897578896464911e+00
1.783137082122009609e+00
2.578140218573413467e+00
1.130034785162787214e+00
