-1.500236216908042985e-01
-1.825118419861743169e+00
1.570120616365560773e+00
1.678880819876700237e-01
4.244288638220328203e-01
9.569124097594841616e-02
5.154604940928826373e-01
-1.055637284276074617e+00
-2.144559695160656865e-01
-2.935997617846954344e-01
-9.830148843804390468e-01
3.831634119677451156e-01
1.605333082305661352e-01
2.281422920724935022e+00
1.240368064161735395e+00
1.112348735001996047e+00
-9.260154829658168163e-01
8.082062411795493118e-02
1.581985808617276668e+00
-1.671836100893888455e+00
1.387613223972270493e-01
1.033391400791336734e+00
3.679447780165798210e-01
-1.215991444552555478e+00
-1.015471040085881016e-01
-1.743716819078708902e-01
-1.743179304425386267e+00
-5.365809162559903589e-01
-7.439637079060997804e-01
-5.336738429946946694e-01
8.157025194364084797e-01
-8.894696451279544558e-01
-9.200904623415486761e-01
1.171546932778504857e+00
1.273834927059205091e+00
4.136179323567790167e-01
2.488417814809072703e-01
-2.042045737004865469e+00
3.012010301559185366e-01
-6.482629784270603768e-01
4.389576257907735202e-01
2.347811032666828057e-01
-1.172946664189480209e-01
-2.324826743442481636e+00
-1.761467211467005356e+00
-9.177664724112324368e-01
-3.466866278117679279e-02
5.735621928820880955e-01
1.140059404299433421e+00
4.461978278999283454e-01
-1.764492133242449690e+00
-9.030298227815584111e-01
1.383442658077871923e-01
-3.320126136172559805e-01
-1.683949876785071353e-01
1.025418255134436629e+00
1.707335574140744106e+00
-5.355215298632609588e-01
-3.151993971634533542e-01
1.566464214964967905e+00
-9.707815319479893290e-01
-6.447399612516033773e-01
1.458881973541769073e+00
-9.080613289024416224e-01
-9.850422964315053154e-01
1.997741124794078227e-01
9.929292849826293343e-01
-9.543573708469953454e-01
-3.946669260626898823e-01
2.323194570906837730e-01
-2.027692390928086841e+00
-4.627487217530780739e-01
1.598715974629020264e+00
7.574977429979962151e-01
4.350242465229064437e-01
-4.604862412155777407e-01
5.811365832149727462e-01
-1.163687839626060372e+00
1.798375415430404578e+00
-1.149093804251944295e+00
-4.141396740226956363e-01
2.470710184169361556e-01
-1.086490064239780784e+00
1.236516215754215053e-01
-2.701773515114355151e-01
-2.622468985812941300e-01
3.187457433604292678e-01
8.195540381022476950e-01
5.009541773997806813e-02
-7.220080390476316667e-01
-6.152800578121564445e-01
-1.220949358485001079e+00
-1.857605411242095439e+00
-9.526703880031217597e-02
-1.084479384118311129e+00
8.822650295022048672e-01
1.047984774904948679e+00
-6.499083261597174976e-01
-1.347785471862738005e+00
1.075068064031980519e+00
6.147004221903349386e-01
-1.382998623071764577e+00
1.699943758337461253e+00
8.110692115548088221e-01
1.613167647653270809e-01
-1.342284218312463084e-01
-4.029802490826858152e-01
-5.935600494526060977e-01
8.458839278441970810e-01
8.457448087526137082e-01
7.434933129695276977e-01
1.083233114337037506e+00
-1.183750698276476943e+00
-8.690287873610954561e-01
1.621128327710861017e+00
7.149166621557173640e-01
-8.535727353055220235e-01
5.603157503187499167e-01
1.394284626923326664e-01
1.191481673988166401e+00
5.659303254602124911e-01
4.967910162529736162e-01
-1.938963832582275781e+00
-3.470950420826977023e-01
2.830286922454609222e+00
1.338460084809509398e+00
7.771268608386407983e-01
-2.345144628591601332e+00
-4.817070022569815424e-01
5.666364523562533034e-02
-5.133576986108051576e-01
-7.538957571236439836e-01
4.316597453450514155e-01
9.086938523258233924e-02
-5.198225706947307012e-01
-1.166881983331217842e+00
-8.689362357055763209e-01
-8.976736765404181861e-01
-2.348739816740778696e+00
-2.008870263494411557e+00
7.544579020759140109e-01
7.376548964996390012e-01
4.027722825584458266e-01
6.612344266508564106e-01
3.212046151538598959e-01
1.198460076163528232e+00
6.702669132524695650e-01
-4.546965699665822536e-02
1.078988337798461927e+00
-8.184031130480150518e-01
1.084955969475366100e+00
-2.264240311435143302e-02
-1.263451459106410102e+00
5.621472939389392520e-01
3.149188850606424173e-01
-1.307887977177700334e+00
-1.424000408926253680e+00
-6.414065202667507126e-01
8.883476449347039727e-01
1.307430894030840340e+00
-1.446060877184117910e+00
-2.919080475057192481e-01
-3.951904131652895780e-01
-2.040792082964442700e-01
1.994759490476773756e-01
8.592240770034283992e-01
-6.523491775922601876e-01
-1.097122147258720704e+00
2.422049121402582716e-01
-1.203697954376024976e-01
-6.229357261705767979e-01
-1.662038256633833422e+00
-8.650193385049919081e-01
-1.431693171403852771e+00
1.309917097681242426e+00
8.708519066620939997e-01
-2.190471101171167778e-01
2.332793978328756568e-02
1.060441569852952348e+00
6.126661008051389468e-01
6.805344707311358210e-01
-6.113511811742843305e-01
-2.409948494941851482e-01
4.997765164674924931e-01
-2.036496168847065913e-01
-2.437569605709121734e-01
-2.294364750013341059e+00
1.515640044554520949e-01
2.462923305905840576e-01
5.480014222332571516e-02
8.531868277118725974e-01
1.810199979004160076e+00
2.233502348447551911e-01
7.015299904131717668e-01
-1.218068162940509458e+00
1.048237102106819529e+00
1.322995462799354760e+00
-2.885457052865276761e-01
1.154771944050991817e+00
-3.878057919645168106e-01
1.853735700464944625e+00
9.692716253972301077e-01
-1.261695012109564917e+00
3.989636146449122012e-01
1.498854084176304280e+00
4.272874697199822158e-01
2.773450981358204556e-03
1.564542288118311975e+00
1.042175372081046936e+00
1.748858458219063383e+00
-6.449174648555293654e-01
-1.576267261386035345e+00
1.318509483335628785e+00
4.982469917089519251e-01
9.441504591028847537e-01
1.177387242391897848e+00
-1.403624968531972661e-01
-1.244726757284114305e+00
-9.208491386801168632e-01
-8.868903612896372746e-01
-2.691854244813013608e+00
-2.791200821029015122e-01
6.479320009116907864e-01
1.157820426465973052e+00
1.136698550487963200e+00
-6.081913090602474314e-01
-1.290289012218656328e+00
-5.107625854737661841e-01
5.630849022283080929e-01
-1.757213885683966526e+00
5.442936871947838817e-01
-1.726689723272712973e+00
2.597141562491760425e-01
7.176447374690569925e-02
2.159299631757811699e+00
-1.298572573694639187e+00
1.518091705194874574e+00
9.223531830996746228e-01
-7.209561439905505242e-01
2.973865966055936894e-01
-7.715845373977756050e-02
1.185042014807356603e+00
-3.000152357004611803e-01
-1.150480909088565928e-01
-1.460447209860238904e-01
3.597416711907738818e-01
-2.164634871122384396e+00
9.457969766999719807e-01
-3.123323913993252821e-01
-1.166850465498211920e+00
5.339281366692225639e-01
-2.502057487229472077e+00
5.566916706624703837e-01
1.540077050960254823e+00
1.383954892908484169e+00
-2.251557560137415481e-01
1.335572607183179272e+00
1.017489990407034917e+00
2.213728651470005637e+00
-8.246538887063399603e-02
-1.291173190279889971e+00
-1.125937162891255117e+00
1.782391045301140009e+00
2.578057706762637125e+00
1.002903464922603627e+00
