5.034240142415634667e-01
3.003512468629165433e+00
-7.378723355785706817e-01
1.094355692902637456e+00
-1.208413998584795701e+00
3.596767269867378491e+00
1.926258163623493225e+00
1.751060203188875286e-01
-5.518211016066405072e+00
6.414781136830344233e-01
-6.230856458159527156e-01
-1.417543645135667552e+00
-1.576853637799588537e+00
-1.908920891589463709e-01
-2.104368658792601821e+00
2.216879160022659778e-01
3.192642499121505217e+00
5.329045120254530254e-02
1.828846036412818732e+00
1.976610966431866068e+00
2.637314608846794695e+00
-6.351548625788475455e+00
3.363853391418354821e+00
2.179571702003083367e+00
2.686804976808939038e+00
-2.573219065411725293e+00
-2.271384832141965848e+00
5.704405695468722781e-01
-2.848846365942453662e+00
1.156516228472924901e+00
-3.095087223829379841e+00
-2.753251121992062456e-01
3.613796324637712054e+00
2.961241636631272822e+00
-3.158554922643905361e+00
7.018602356762210226e-01
9.852561553705999620e-01
1.434071712710985214e+00
3.329803769157321014e+00
4.863816934832415839e+00
-1.824565317521733121e+00
-2.517444094827739676e+00
-2.767241911130020604e+00
5.728327097506039634e-01
2.960491869363871764e+00
2.833939752152676572e+00
4.160429309471497028e+00
-2.094620452999742088e+00
3.461800028939176599e+00
-1.730476686686007737e+00
-1.133621697573061082e+00
-3.244601470927517273e+00
1.187382494644810604e+00
-1.091865527735379926e+00
-9.461759680710541964e-01
-1.297850755481205098e+00
-4.090942528159292602e-01
1.989659182785711744e+00
7.788251968332935427e-01
2.834353527105743176e+00
6.851334420619568988e+00
1.623340345809420437e+00
-8.512569497331986534e-01
8.951700361904162406e-01
-2.839067214133403461e+00
-2.907572262574367183e+00
1.353774589639135328e+00
-1.399927357252159110e+00
4.756562634209027252e+00
3.707595602432247173e+00
-7.005767243474996242e-01
-5.315530656567839518e-01
-2.337515908378764440e+00
2.876734676938083268e+00
-3.927667230232163575e+00
-3.787746867008050522e+00
-2.465079871300446701e+00
-8.680166146934069626e-01
8.694979280349516282e-01
-2.841877212778895156e+00
3.548378794395011582e+00
5.392679688566059504e+00
-7.047415412338842167e-01
5.185262186732407130e+00
-2.861536212950015923e+00
1.761581629374171065e+00
4.937646528797319800e-01
-6.412545586152911259e-01
-3.132673147813469949e+00
1.134814414209155631e+00
-1.097184577590586407e+00
-1.398511603964602834e+00
-1.735009704133733788e+00
1.314143053176394620e-02
-3.602208224933681091e+00
3.396182864042650018e-01
-6.594371154243838795e+00
1.788633602512294807e-01
-8.210488304472187693e-01
-3.469748412766294976e+00
-3.585871441581491403e+00
-4.073931093965589056e+00
-3.914582457851503605e+00
2.846150268164669317e+00
3.758817043944390757e-01
3.769092742785062011e+00
5.831382465300941398e+00
-2.070977690194137022e+00
-6.162702807039139863e-01
-1.920140572580867788e+00
5.026371562941051030e-01
7.900296233059694861e-01
3.080995810471185870e+00
-2.716220368108143379e+00
4.602611010129606051e+00
4.106445140514155767e+00
1.933510562137307875e+00
-1.220280135979193492e+00
2.471596360202456655e+00
-3.973917815183787283e-01
-2.424100800209484596e+00
-4.231246748067049701e+00
2.116470787524658004e+00
2.097828096086588878e-01
2.980704353901062476e-01
3.956930035315613381e+00
4.190263281424778441e+00
-1.780209295322547458e+00
2.149747406856584053e+00
-5.124362257541354992e+00
-7.952632000107288102e-01
1.827405364066813365e-01
5.004948718626238247e+00
3.268182682901668468e+00
-1.145905122948101651e+00
2.291729143419944048e+00
-9.109215729480224510e-01
6.317047133917451651e-01
4.136288675232467682e+00
-2.177464994682614563e+00
2.800161544727550744e+00
6.470515218457392193e-01
-1.606221960702437057e+00
-8.406521322272775265e-01
1.450230445920860811e+00
9.351016093582830147e-01
4.564322805215399903e+00
-3.119384299743048317e+00
1.308491686538711507e+00
2.044801629985676661e-01
-3.220047436648850514e+00
3.043791451445164942e+00
-5.286331541420133950e-01
1.549300699629388434e-01
-5.219960875776767040e+00
-1.696789602065282843e+00
4.234135597524780081e+00
-4.486058596190242831e+00
2.634207492055759214e+00
-2.008857039455960170e+00
-1.390448551142602795e+00
-4.961624418414120719e+00
5.788563386675792399e-01
7.335092767786827173e-01
3.216013757162110132e+00
8.241242874048945177e-01
4.567385063052159744e+00
-1.540241267207867193e-01
-2.826138894422256076e+00
2.834121289519535014e-01
2.552102981134474202e-01
-3.894249370167958801e+00
2.818132265897689059e+00
-1.167465644529775082e+00
3.672070749779010157e+00
1.089089552899711100e+00
3.496954283020983656e+00
2.490618294519604259e+00
-2.146135771152931415e+00
3.808599535574043848e+00
1.233021771857433446e+00
-6.611671022434562062e-01
3.153793716601936303e+00
-2.875420949918143787e+00
-4.609194536822452726e+00
5.379016578346820232e+00
-2.368299328707114682e-01
-9.992602220974797778e-01
7.627079667316383205e-01
-1.104606266214619659e+00
3.347428630235411706e+00
-4.805059096992468914e-01
-2.275329312056985742e+00
3.607834260210638799e+00
-3.814987476413949530e+00
-4.308428267900688446e+00
-3.242573179665301897e+00
-1.553146053181142960e+00
-2.647364599834517662e+00
-1.474886708834363569e+00
7.208717910609915291e-01
-3.856529963950672713e+00
-3.792030131983440411e-01
-1.970717985559527374e+00
1.778571335631687345e-01
9.146441645002453269e-01
-1.102599158416487146e+00
1.506136215148790258e+00
1.848246342914814155e+00
1.154675353984748076e+00
-1.432755406507178475e-01
-2.867227331435758142e+00
-1.105829403953782486e-01
6.240317696201994613e-01
2.569907408253921055e+00
-1.543679946244702617e+00
-1.538311144764828997e+00
-5.115752165046613342e+00
4.308814294658853128e-01
1.099302666980991106e+00
1.757691858328728207e-01
5.460328848983105887e-01
5.753648775760735745e-01
-9.519800342826392203e-01
3.227589566943694255e+00
-1.497760657238139670e+00
2.399752922542468969e+00
2.360866979542164845e+00
-7.394417873627162630e-02
-3.785940160114336095e+00
-3.112990920241315962e+00
-3.835377578078114968e+00
4.465061791417457293e+00
-2.797626347330830696e-02
1.269217816787144015e-01
-2.712967731668888050e+00
5.240214403528493214e+00
-2.439472862051139668e+00
4.606331350508638067e+00
9.525810830537883023e-01
2.374356586983946693e-01
3.795788905163790083e+00
3.787930691693892626e+00
1.385446548479440487e+00
2.153014117030677799e+00
-1.270983238500987600e+00
-4.125914743143917207e-02
-7.677294839457232678e-01
-5.184693078687708789e-01
-1.754107303333993118e+00
3.891423614521516861e+00
1.963725703306543391e+00
1.734701367858658416e-04
7.673812896067558897e-01
1.427210284077776503e+00
-2.242281251561025091e+00
5.744752224014272324e-01
2.927099108581779241e+00
-1.440565801148339542e+00
-8.176650812630774368e-02
4.738128419055190221e+00
1.196432783343804207e+00
2.396605391336575686e+00
-1.346906577563573015e-01
-2.161992644145928066e-01
