-3.861254051091991268e-01
-1.142173328283548617e-01
7.701619653654534492e-01
6.985417649185973049e-03
1.251280897395972369e+00
-1.270620495937760941e+00
1.778306247105065019e+00
-1.781664463159350786e+00
-1.479473572733320141e+00
8.692526367250834607e-01
-2.907159306101596008e-01
7.150530396774574804e-01
3.439654326698423636e-01
7.002015006295096988e-01
4.156834587884413734e-01
-6.776626464685165940e-01
2.167998504492958833e+00
1.324843163675230862e-01
-2.213205682336873092e+00
2.697133749745182829e+00
-2.252043768697675752e+00
1.585143528365962728e+00
-2.946729515720375225e+00
-1.442778665746777822e+00
6.349766164224575071e-01
-6.617645422129205812e-01
-2.062814778996076903e+00
-9.569931329250331853e-01
5.758598802620316093e-01
1.526200004284191891e+00
-2.076010204188130093e+00
-2.873621347871761489e-01
-1.430547987569501300e+00
3.154135274218254459e+00
2.103760780773060446e-02
-5.832488071355556025e-01
5.298976416224278063e-01
2.056179534794271735e+00
-2.281032890718456052e+00
2.577308987816010255e+00
-1.531300761695750801e+00
5.964268302991108106e-01
-1.263561964615232736e+00
-2.951201084507685812e-01
-1.775291716181360169e+00
-7.911669660531320813e-01
-2.156652986455929177e+00
4.444649885420549618e-01
4.934626927321915102e-01
2.168567303570605523e-02
-1.207780127929756420e+00
-2.125908481225432745e+00
-1.667128443816634276e+00
-1.577094208743524684e+00
1.263590257655670401e-01
-2.362946273978785150e-01
-1.747131330099617852e+00
-6.537717456470934496e-02
-2.426722923735160187e+00
-4.339869789346326862e-02
-1.256017850534404845e+00
2.933894687158633108e+00
1.158519722294767629e+00
-3.208284129387588557e+00
8.099529998763531635e-01
-6.281765280469089330e-01
2.768300766089572651e+00
2.802422161757767149e-02
-9.794326598466305267e-01
1.790129126162681272e+00
3.034633281077310230e+00
-1.529045365097154718e+00
-6.552463886721885400e-01
-1.691506771296238609e+00
5.182760664639687320e-01
-6.133080147303936469e-01
-7.310553806077898509e-01
-1.420508135301904451e+00
3.060643042870729857e+00
-6.321656614232248339e-01
-2.131146348807661184e+00
-6.436953743143221107e-01
-1.040080749090989354e+00
1.914038799000391311e+00
-2.380060059583049892e+00
4.529712907831182078e-01
7.144650660172846557e-01
7.061134243353506257e-01
9.469046586701314050e-01
7.093469268101548764e-01
-9.533877913393223880e-01
2.122758843955991348e-01
2.456588242964287350e+00
-6.002692077415698879e-01
5.683914343061298169e-01
1.560564722002306448e+00
-1.416873506479926714e+00
-1.638393421790308668e+00
3.941444305476267118e-01
9.299567591940585132e-01
1.229071537157955696e+00
9.258363933919215860e-01
2.476037693894892922e+00
1.338416457752882982e+00
-6.952246136747627370e-01
-1.796600363199671202e+00
-1.573577725774288449e+00
-8.571142515590088884e-01
-1.660117562067443320e+00
5.998411105049622494e-01
4.790481576291615029e-02
-5.896087533319657181e-01
7.826072988129929575e-01
-4.947925196275791970e-01
1.163328627547508098e+00
6.151450476246195231e-01
3.415922296250967771e-01
-1.811030088226479151e+00
-1.406907329422261599e+00
-6.938640879423224606e-01
1.493058819973314133e+00
2.549571985803250840e+00
-1.350583403196937704e-01
2.638694163560399986e+00
6.302984378108760222e-01
-2.647140941807135661e+00
2.384291118322671377e+00
-1.310774613171908021e+00
2.394604715824230290e+00
-1.161126038010042105e+00
1.221043085668661377e+00
-1.961845648851664903e+00
8.865229803540039533e-02
-3.585766096401275527e-01
2.961416820574025000e+00
-2.104520873928865665e+00
3.990655134714231611e-01
5.537016554365763454e-01
-1.498020348106487321e+00
-1.807633262106346006e+00
-4.172630320711770424e-01
-2.854486492368060735e-01
-3.439193584074439203e-01
-4.787556165290643984e-01
-8.341421829582881253e-01
-1.487777808703026894e-01
-1.779521185892366297e+00
-2.172846009273909473e+00
-1.994681924213939361e-01
-2.117318426923138208e+00
7.281439415348102129e-01
-3.401760700503855261e-01
1.413430671059272781e+00
-1.348195110075451453e+00
-1.943228767738628182e+00
6.578717898981752965e-01
2.873921870698012970e+00
7.804579200863334121e-01
-2.718207926172864219e-01
-1.367683773213086984e-01
3.076112171209627322e-01
-2.475535822473735603e+00
-1.466443336500576899e+00
-1.044243235547030579e+00
-1.677420797519182827e+00
3.894209597836421066e-01
-1.470111808537778231e+00
1.999140881730372854e+00
-2.494053127589325847e+00
2.301348045725782665e+00
2.376926924412922748e+00
-1.735018473545787643e+00
-2.137860473561556063e+00
1.979470305154631626e+00
7.417569250268722936e-01
-6.642360369116846464e-01
-3.196619294115941923e+00
-1.495358007367739273e+00
3.192636643187720669e-01
9.196769062393683747e-01
5.496772774591520694e-01
-2.197093634580152166e+00
2.524855825999382519e-01
-1.788593681172092609e+00
-1.257852065480647985e+00
-2.201609736305590648e+00
1.218726052245518998e+00
-6.528259997195744457e-01
-2.547654255253467337e+00
-2.147693892237870106e+00
1.112693203974489231e+00
-2.266177145522660030e+00
-8.894613359161490651e-01
8.600591901340779444e-01
3.413416169051026738e-01
7.853319559647770065e-01
1.349797649188726023e+00
-3.223020619715703527e-01
-1.305457270310866447e+00
-2.993783963698795070e+00
-5.172311636135202839e-01
-1.751144990618326291e-01
-4.720761814291826730e-01
-4.495054469101404937e-01
2.424457057738867327e+00
-1.633273898473481589e+00
-1.896304305986398764e-01
2.284977669319708582e+00
4.155504149818157744e-01
-6.233788670506930363e-02
-1.350584851191455549e+00
-9.006890918413729130e-01
-7.208774318188984065e-01
2.860169997319450097e+00
-6.730902180029323389e-01
-1.824157846733048816e-01
-4.617332220453328195e-02
5.413907926786621916e-01
6.002078039027107792e-01
3.412657062478439141e+00
-1.452896186841732273e+00
-3.503302586235514937e-01
-5.554250350610452358e-01
1.095541208378812081e+00
-1.950025956499003899e+00
-2.208480171855429219e+00
-1.931329067155224122e+00
8.796156599832768430e-01
4.047041047102513112e-01
-8.033125221026573559e-01
1.090822530993745154e+00
1.064996405576254190e+00
-1.585273687992303060e+00
1.398481958864973951e+00
7.642957527436086140e-01
-4.581863862631978951e-02
-3.010414825467871314e+00
2.297627443479630216e+00
3.308121299650134683e-01
3.187053314612235955e+00
-2.144248174792780848e+00
1.140106740613748837e+00
3.443197692170343882e-01
2.097252087114877206e+00
1.711872879850291795e+00
1.842226992100234551e+00
2.387768566340619625e+00
1.199634649182009793e+00
2.312880693169237833e+00
-2.488188999311588656e+00
-2.046722814537924151e+00
1.103013787556125891e+00
1.585001614975745099e+00
-1.046386842690905927e-01
1.209460562996733213e+00
1.440372394486353347e-01
-8.964718410233044610e-01
3.321244571310763560e-01
-1.494535111071523037e+00
-1.673198567284875704e+00
-2.662842313928634130e+00
1.026251799149455968e+00
6.123918922412766586e-01
2.372221911023215668e-01
-3.267456834226213913e-01
