-3.393156393597736020e-01
4.732647707267101378e-02
-2.830610361491562865e-01
-1.376553336820261486e-01
-9.590402711880036124e-01
5.030243606267651435e-01
3.482787535714600979e-01
-4.101840115826776434e-01
-6.289734111013373097e-02
4.481297577388493325e-01
-1.743871081281417879e-01
8.043080032907150567e-01
5.057480033355136184e-01
6.674318562601280203e-01
-3.931084160482998802e-01
-4.054446615321668501e-01
-1.060823927111431697e+00
-9.548950679734059810e-02
4.241962219373614507e-01
-2.676417058333406818e-01
4.583590472048427178e-01
-7.497504166378228529e-02
-2.566539598602299993e-02
8.233362568109126034e-02
-3.491802337048381388e-01
-1.101637345357968867e+00
-1.840978854166923362e-01
-2.330313954239194019e-01
3.150974241170328427e-01
-8.105750272378444699e-01
-7.686678535273613888e-02
1.246834872337398981e+00
3.572627760889108828e-01
-7.627869199079688745e-01
-1.853287569753610947e-02
-3.971428431733347031e-01
-6.186791204764108265e-02
5.166896705768124765e-01
2.231881104222185330e-01
-7.648031795240779473e-01
1.503027590953576631e+00
5.102978316230994960e-01
9.105093558443937418e-01
6.250462277736847927e-01
2.588961868169060709e-01
-1.478914993632755248e+00
-2.177155166655391771e-01
5.238529082910006740e-02
1.228358445457905290e+00
4.898573153387297263e-01
-4.552009979295169595e-01
6.043155903848631549e-01
6.358059196358382126e-01
2.077333598158767058e-01
-3.334112402816387100e-01
1.007603110080904418e+00
2.911091600927520062e-01
2.247385562978712059e-01
2.382897347516947095e-01
-1.249739896969575215e+00
-7.054078536145594325e-02
1.002555390067834118e+00
-5.786876219746578398e-03
1.270224767292500445e+00
-1.305900922603710212e-02
-8.524183837011803377e-02
1.531614471487330320e+00
1.759152769587004062e-01
2.000966607642939987e-02
5.324976330307922001e-02
6.911612828292507116e-02
8.411210312321825144e-01
-3.303262064789247998e-01
-1.267675370877125729e-01
-1.875238639900814741e-01
8.134620157172964827e-01
5.424058688564813158e-02
4.689462763671965045e-02
-4.357399058482975263e-01
4.485757855333675354e-02
7.555251880132313191e-01
-3.951053082658625981e-01
-2.451138396322514179e-01
7.753275861722837003e-01
-4.436924180509482785e-01
-4.599723281637329020e-01
1.109074575554882536e-01
-2.574076954069532963e-01
-1.373550794457618629e-01
-3.623661245573537859e-01
3.511944630528934796e-01
6.493491701612441602e-01
3.203106718933391994e-02
-1.576637208833992498e-01
-2.197670270895988320e-01
8.605695792283288847e-01
5.022587037407731936e-01
6.585697780466410745e-01
-6.924748159204162645e-01
-5.685165140442743903e-02
7.107702082578857272e-01
8.613420495790304054e-02
-6.503877272768621154e-02
2.361186897525119344e-02
1.516032213480549951e+00
-8.638561343519540747e-02
6.923989078538271835e-01
-3.388015918803533033e-01
-1.182004447619894760e+00
-1.014418537351643890e+00
3.576481319822892857e-01
5.033557525621232820e-01
-1.527535242335413546e-02
3.321775980129053618e-01
6.368325167838062573e-01
-8.999397413415699543e-01
-6.282704416003401793e-01
-5.835841065004008232e-01
2.515957549860883269e-01
-4.907523324913245499e-01
3.336599557538725835e-01
-1.018789404116413055e-03
6.504211178811065697e-01
6.217135673839135901e-04
1.563543938066269123e-01
-3.806572799731966494e-01
1.236405980959941919e+00
-3.541089001281948478e-01
-4.322223684929421550e-02
4.640886976759888705e-01
-6.382142455214114829e-01
2.902584491984641080e-01
6.386862066345707634e-01
-7.600797250546713624e-01
1.302005714499228084e+00
4.941104162516333220e-01
-5.486882990478090250e-01
-4.418381111815969930e-01
-5.004799185799266859e-01
-1.028799588277884647e+00
1.169717757352981141e-01
-2.610073858789966894e-01
2.810183786400431982e-01
9.990637573547854755e-01
7.096915891045412206e-01
-1.507546108944383678e-01
1.015925330417801309e+00
-4.488100369970569048e-01
1.643659707691619953e+00
-1.224628697512452069e-01
3.637637844477963345e-01
3.154275680993695596e-01
-6.774916468363132438e-01
-1.044741237538127365e-01
-9.906983390206964835e-01
-5.516989904128442035e-01
7.514519369639088842e-01
-3.756865387375111776e-01
-7.030771765752896751e-01
6.283814904172069227e-02
8.969734724850226826e-01
6.655734567773416988e-01
-4.782785076516054557e-01
5.148221337006358977e-01
-1.016189432612433441e+00
5.580682178223305145e-01
3.153060587260613779e-01
1.449632456637925393e-01
-3.619362408044592971e-01
-4.455996920914491177e-01
1.647234256700750091e-02
3.678327780935386482e-01
4.569059633815871213e-01
1.272660939293537574e-01
1.248410978099633029e-01
4.765131446380942437e-01
-1.014200498350909641e+00
4.170235712921734061e-02
9.520335131945832918e-01
7.611424059037972256e-01
4.112402111174549013e-01
-1.026841561415706705e-01
3.165793679402053584e-01
3.570559341821548660e-01
8.389856835126636714e-01
7.157039647665867921e-02
2.843098127239203632e-01
-7.381090757752548637e-01
3.985708893844990830e-01
5.921379682974969860e-01
1.572268278866263191e+00
1.451731231277115342e+00
-1.029270728438609339e+00
-5.916453224192791405e-01
-6.411072064213541033e-01
1.003444587862146298e+00
6.827758122149839570e-01
9.494388578717865013e-01
-8.866791836235797808e-01
3.137173823627000258e-01
3.891000209890154160e-01
-2.336642633656451362e-01
-8.825649490411752174e-02
1.147172760902279431e-01
9.090064507721588860e-02
3.577890450725105254e-01
1.868063208653014395e-01
-7.566460370871294083e-01
-6.142878674926820493e-01
7.275186681909682207e-01
1.423732697991038909e-01
-1.597047194479352672e-01
2.084853979101673471e-01
3.434728842502282609e-01
5.842648457504142634e-01
-4.089770190358761881e-01
-1.087099107395412267e-01
-9.835016328012848863e-01
-3.519486398945044225e-01
2.277301826021131403e-01
-8.367369586522230840e-01
2.572419888751288353e-01
1.472537897047184963e+00
6.087158954263558464e-01
7.672203320349318956e-02
-7.603064011911239706e-02
5.987632617197511387e-01
3.728334481746730655e-01
8.823051061425266628e-01
3.791507992349921752e-01
4.817856423105493779e-01
1.911688999942660339e-01
-4.349679373317871800e-01
7.142374801437467724e-02
-6.430590432149403401e-01
-1.302700187798383702e+00
-1.689435253030051876e-01
5.911767284597306826e-01
-2.157169803506949757e-01
-2.439083237116380642e-01
2.473988468765075111e-01
-1.035814052369662619e+00
1.089471760030550573e+00
5.719874622656196950e-01
5.312735507302910332e-01
4.751323709556508623e-01
-2.612768805184750853e-01
8.568984194858039194e-01
5.461522246032142203e-01
5.298938429702226838e-02
-3.351090428542789490e-01
1.502546704111110965e-01
5.611357810109117716e-01
6.517591138472950130e-01
6.432484000294066417e-01
2.540246867583937362e-01
2.579737101564656410e-01
-4.250647706788640567e-01
4.196289463014125920e-03
1.224918635518081889e+00
2.689702203703736028e-01
-1.905187114877293642e-01
4.888704218646610089e-01
5.080446135980640210e-02
-6.820479743752474455e-01
