9.291370812173638249e-01
-7.953817331588350914e-01
1.089044180241323767e+00
8.176474802332342473e-02
5.318262113942234803e-01
-1.457697522251260036e-01
-2.006500510322803132e-01
-3.430850392853255354e-02
9.710820845762310194e-01
-1.339519027708359344e-01
-1.281240957402563774e-01
2.731632434863116507e-02
-1.258288604146565182e-01
1.109273196861524813e+00
6.966627567735672599e-01
-5.156250228147533088e-01
1.016121447987143656e+00
3.598238990956811323e-01
-8.419785205979114506e-01
1.420320956627583842e+00
-3.236989711032826622e-01
-3.477954437977534563e-01
1.853862772283395299e-01
9.661614297021123843e-01
-9.544605552192203524e-01
-1.980113406541685328e-01
6.514071661438253225e-01
-7.861564850280444716e-01
-1.679368970094842484e-01
1.192915114486048367e+00
-2.011162979756174474e-01
7.513659823177797070e-02
5.549620672311902231e-02
1.359362168498261747e+00
7.488531354893941394e-01
-2.307224599379298080e-01
-1.069434159240135074e+00
3.693880292238437002e-02
2.319231099836344817e-02
-8.084675081739514102e-01
-3.389186808345396318e-01
7.936658623897956399e-01
-3.066928357846857578e-01
2.137598534702755515e+00
-5.174528583074144289e-02
-7.020223319696604347e-02
-5.517754619573752572e-01
6.240155868421454893e-02
4.192844884950449602e-01
9.413869481756385049e-01
5.945773320235792081e-01
-1.873973582863920906e-01
-4.383891355228449749e-01
2.245157305848943796e-01
3.005968504745128445e-01
-2.929327207737494887e-01
1.148941155635085920e+00
-7.483473854393375424e-01
1.719694305784225941e-01
2.697694453012597915e-01
2.160081456688276724e-01
7.275317851553833037e-01
3.148062503116411115e-01
-8.162203331863434608e-01
3.593183736335577860e-01
6.438319051118224223e-01
2.231377484139108747e-01
5.402674795892293824e-01
-1.138919234865616581e-02
-4.436914407425309737e-01
3.268337229773252139e-02
1.404435243770583375e+00
6.574102925160504318e-01
6.389908136667041827e-01
-2.066926981281363151e-01
4.584987450768574502e-01
1.177611571839850546e+00
2.899818419245049350e-01
5.717150307630279871e-01
9.361353138707871890e-01
2.656295702731852892e-01
5.704492508157680275e-01
-4.338080169992925006e-02
-5.107585438814586931e-01
2.613254556053369870e-01
3.885905801693681494e-01
1.081865719989555386e+00
-3.876535547411676386e-01
-6.109214977296765214e-01
1.727408919651650943e-01
3.756523684228481041e-01
-4.382985737714273911e-01
5.681296877132308021e-01
1.932333123655554652e-01
4.746948629066419789e-01
-1.690278108738332841e-01
1.148226754642393405e-01
-7.259735732144911857e-01
6.809921078874398015e-01
-4.441872696350578076e-02
1.375357304416095161e+00
-3.289685763008633468e-01
-2.528560616686056570e-02
7.757572611007205188e-01
7.795480253381572577e-01
-3.128988256749237196e-01
5.379693932272674450e-01
1.048952391289189157e+00
-3.766523883213766521e-01
6.898786056769758979e-01
1.801478758242868738e-01
3.835206117054376640e-01
4.571109444242638653e-01
3.645836816982323536e-01
2.787061187312161667e-02
8.790110158054940948e-02
1.388307144621528932e+00
1.128244165518024422e+00
3.288096765731442495e-01
1.082617570449338373e+00
-4.724127745029404468e-01
-3.635071952882418245e-01
-9.750861782000018740e-01
-4.614506364388051285e-01
-1.591981441971218880e-01
7.163240748247622358e-01
7.995577727449885153e-01
6.930680503916135660e-01
1.555260065442664263e+00
-6.866550755477630608e-01
2.135873286871061150e-01
4.050510496505460578e-01
1.589667638772459535e-01
5.101383758301970550e-01
3.408646975248738609e-01
-8.465193280993189573e-01
-8.715728444461042779e-01
-3.107167577703346950e-01
-6.230000982331840298e-03
2.888514046087859999e-01
-1.881690849066397497e-01
5.702748619254085494e-01
-8.713912305121830348e-01
1.907959711527512647e-01
5.804643745099590246e-01
-4.959152121473091035e-01
-1.378964114457970069e-01
-9.356042771604218267e-01
-4.462399582858175284e-01
-2.323495769041189762e-01
-5.570381424710885154e-01
8.719211077836337698e-02
1.828601572140689246e-01
2.984514615436527629e-01
-9.149458357755788085e-02
-9.779016094787827962e-01
-5.682883584324749382e-01
2.858041270039958781e-01
-5.145330482594779875e-01
4.381029021212066166e-01
6.275429366175425683e-01
1.347459043654424503e-02
-2.998867673603538009e-01
-6.854912099303365203e-01
7.128601952451736334e-01
-4.791347309634835239e-01
3.088378284008885255e-01
1.010091450390415035e+00
-6.232950126067988705e-01
-4.096252436720470569e-01
1.947427068596677024e+00
-1.573606539082713363e-01
-1.803738592570700294e-01
7.186973297171104225e-01
1.024390626059211717e+00
3.543608591678489850e-01
-9.268465524980843417e-01
4.814465737190933847e-01
-2.115856155383251391e-01
-3.542124042762260783e-01
7.146597093872208983e-01
3.768545518223250790e-01
1.130788871395338235e+00
8.735981173811699918e-01
2.328775872044713466e-02
-1.891416290481984785e-01
1.290559947618816539e+00
2.832772309924215248e-01
-3.262562381277817614e-01
-3.890213259944271806e-01
-3.136555438314381772e-01
-4.281295983369418634e-01
-9.070381334202283208e-01
5.166423263535636634e-01
-8.223882793274830405e-01
-2.183083169455209138e-02
-7.098688243453692426e-01
-1.785369753173991492e-01
5.229135521165512168e-01
-1.031558457681377883e+00
6.262648920844597900e-01
-9.127749411208468944e-01
-7.224112559296539393e-01
1.092758622493853027e+00
7.280630396120059133e-01
-3.359699497745833319e-01
-1.381500465071601180e-01
-5.946681141510010704e-01
3.801254343379923961e-01
-2.096823733653945809e-01
-4.248146378486665764e-01
8.036094299890720327e-01
1.752996978948961670e+00
-5.210079421541649047e-01
-4.176689780841408295e-01
-4.117172364045714739e-01
-7.780278470812040936e-01
4.762358751775012111e-01
7.946813052784117426e-01
-3.481999643083498186e-01
-7.375361642007137730e-01
-2.230063993172506087e-01
9.687810392546842841e-01
1.972443049453474206e-01
1.807230646011507014e-01
5.920849894256347001e-01
4.322168777591088307e-01
-2.347188919250730033e-01
1.057320813006144666e+00
6.221308495677250333e-02
7.177284806688193353e-01
-6.883619520966395566e-03
7.754387391521944117e-01
-3.676641701205609070e-01
7.948706261079947488e-01
6.493245054224049129e-02
-1.022435102880253854e+00
-3.287910222009802208e-01
-9.729522381988960078e-02
3.810964621519679074e-01
-5.965940788086724345e-01
-8.170213146406911653e-01
-7.462440989809686620e-01
2.624974859603692035e-01
7.708924711595517287e-01
-8.391553670939744247e-01
-5.840931623986489463e-01
1.123364835353284769e-01
3.511474324271330327e-01
-2.853816685026239752e-01
1.680922488742161158e-01
-5.733616138250705596e-01
5.029202788483758679e-01
3.353053792891916296e-01
9.783897706879661760e-01
2.313329503645248642e-01
6.862232586121989053e-01
-2.515523986986412108e-02
-2.928006251795320924e-01
-6.085611841339889638e-01
-7.047834241134096622e-01
4.667669430418649457e-01
3.139737884041346461e-01
5.686105277441027006e-01
-7.499215428885673829e-01
