-4.298539069358063847e-01
-1.190059952619660633e-01
7.674992946486114409e-01
2.300793101125327839e-02
1.214872458980717607e+00
-1.266766483531169385e+00
1.749295941092498197e+00
-1.781738705117145161e+00
-1.487794873764018977e+00
8.642259188732042130e-01
-1.050885335497130646e-01
8.205209629682914674e-01
3.239540729145320430e-01
6.909238233956214170e-01
4.347692039658469509e-01
-7.516546908121816140e-01
2.172670754150919148e+00
1.338819927888297290e-01
-2.219965757271384454e+00
2.690043482454704815e+00
-2.243799980532008131e+00
1.522601391444116992e+00
-2.951715299135675430e+00
-1.391856571675706755e+00
6.115362923128597750e-01
-6.958019646197042274e-01
-2.070117235507316078e+00
-9.447445955160901354e-01
5.813765851554231201e-01
1.708158732496826815e+00
-2.075487886548410543e+00
-2.881393885379550657e-01
-1.424818402635112946e+00
3.108638215072373256e+00
-1.839283956064118042e-02
-5.971387350774507441e-01
5.590516466920418814e-01
1.933542241593702471e+00
-2.363641516545300192e+00
2.578554502783591662e+00
-1.623461632304908697e+00
6.452198155081069197e-01
-1.271020474703863812e+00
-3.142234005893905224e-01
-1.794251468494186819e+00
-8.866222943054943295e-01
-2.155904628458592320e+00
4.673645209882074658e-01
5.519925058579900901e-01
3.744466557747544444e-02
-1.178720869553064210e+00
-2.173565478723119337e+00
-1.693979081740041526e+00
-1.586612099561229616e+00
1.427340150826966469e-01
-2.497528340251169432e-01
-1.726474757942548344e+00
-9.717349671424507784e-02
-2.450413960800422508e+00
-8.530353433356829829e-02
-1.311022060722888405e+00
2.971150753900510644e+00
1.189152523385994087e+00
-3.152271663772432397e+00
7.734661629579344666e-01
-6.204303290102924917e-01
2.786200330364264399e+00
5.137294934228014975e-03
-1.082519612939653708e+00
1.796713515689919438e+00
2.857614675185549125e+00
-1.538708939250689633e+00
-6.276983281661716596e-01
-1.677052160034992578e+00
5.900563346124257924e-01
-6.368178532072699127e-01
-6.983560621970450466e-01
-1.337546156152174870e+00
3.034386336004789353e+00
-6.121556441014435190e-01
-2.139434972828477388e+00
-8.824731776989338528e-01
-9.546757501553865266e-01
1.965859771640242615e+00
-2.376549839132366060e+00
4.070870758690588453e-01
7.084795689976076671e-01
6.975251551374471726e-01
9.166925472095256433e-01
6.825473550713647697e-01
-9.446541743456112750e-01
3.380543932283386344e-01
2.454184778277893830e+00
-6.501426638933016644e-01
6.082794706587223432e-01
1.551590800133115344e+00
-1.415274340833611921e+00
-1.623199508917052780e+00
4.295621112259779828e-01
8.974175225213768536e-01
1.246355343127834470e+00
9.074918637002254984e-01
2.478093545609532544e+00
1.365177536786377210e+00
-7.036914163497132169e-01
-1.789328891702346880e+00
-1.486814045651597915e+00
-7.515526307982920429e-01
-1.736229286164604257e+00
6.103305891268090422e-01
6.241970445465595818e-02
-6.022019470748305459e-01
7.552663694582247844e-01
-5.001939403593609335e-01
1.205972965166222322e+00
5.850125229022803408e-01
3.397227566204801263e-01
-1.816058899193380594e+00
-1.378728678580513956e+00
-5.748958121350720152e-01
1.478117213704673860e+00
2.609830638355828736e+00
-1.699672286061534865e-01
2.746508646917341867e+00
6.585168973168199491e-01
-2.672170394621615319e+00
2.334614721548116112e+00
-1.237427821514705872e+00
2.390068118981822920e+00
-1.173282773753432151e+00
1.198858119324930360e+00
-1.970278626597041338e+00
7.494203836015822517e-02
-4.001704560403178124e-01
3.001462977151229339e+00
-2.065697289430202144e+00
4.489275034808530851e-01
5.088389411978845311e-01
-1.500590661095570821e+00
-1.902570200728292971e+00
-4.075410614295892908e-01
-2.525534900826588158e-01
-3.245878613119875800e-01
-4.797828974106748134e-01
-8.814668322137990675e-01
-1.634819267721337177e-01
-1.768167045469312804e+00
-2.011487452315931179e+00
-1.876781219449883964e-01
-2.044523555090085765e+00
6.997533387428316320e-01
-4.180388564848689370e-01
1.461586789144824872e+00
-1.249516164782543237e+00
-1.947595872462156263e+00
6.598410544679330636e-01
2.842806040525866162e+00
7.849789316389621519e-01
-3.114239925523854535e-01
-1.146682669769122226e-01
3.225689263466549050e-01
-2.477087941944672522e+00
-1.492369533958856520e+00
-1.014785516209306460e+00
-1.554756220666912991e+00
3.879760256626005321e-01
-1.487566510382878571e+00
2.004262046647067308e+00
-2.436945774180690805e+00
2.301909667349170352e+00
2.378774717893705759e+00
-1.732368972620519809e+00
-2.154076290325526166e+00
1.988146162002314865e+00
8.124590795575026281e-01
-3.195313342352697483e-01
-3.201422462122390566e+00
-1.514419086726712216e+00
3.027805244726737288e-01
9.130148944570949388e-01
5.496424854183932229e-01
-2.189208832483775069e+00
3.520842441930788769e-01
-1.850203256130034335e+00
-1.278020308608246669e+00
-2.191419793854375797e+00
1.206864955993982358e+00
-6.784477353797807586e-01
-2.531174745964685169e+00
-2.001697346230281394e+00
1.100764762496295290e+00
-2.270506951060654810e+00
-8.685288188081169425e-01
8.297524761088668210e-01
3.114869331175922906e-01
8.160293698188260114e-01
1.354596389442876081e+00
-2.654878696618663270e-01
-1.227374739513621416e+00
-3.049509263939956139e+00
-5.310408451829047305e-01
-1.607255244197644539e-01
-5.957015046024720650e-01
-3.745624728753470523e-01
2.446172906550283965e+00
-1.667399237915965671e+00
-2.032758720172455624e-01
2.281970566372796494e+00
3.926853432125955723e-01
-2.133562757204970906e-02
-1.347049612265227125e+00
-9.288127513242028233e-01
-7.369884579025557381e-01
2.856289736002080026e+00
-7.276675976877192698e-01
-2.284708501696856853e-01
-6.183284374261800026e-02
5.322363241255120281e-01
3.699386232647191575e-01
3.401301093246210883e+00
-1.444561217536183495e+00
-3.055096570538782252e-01
-5.074912802992735950e-01
1.100862555455589531e+00
-1.993388609716579385e+00
-2.180962849102912493e+00
-1.948140045755186067e+00
7.156753904477406447e-01
3.835722304621053125e-01
-7.878139609012644318e-01
1.087997557610066002e+00
9.921917812295019123e-01
-1.604156567625628638e+00
1.349179839157358174e+00
6.613679090275152994e-01
-1.056287261168220581e-01
-2.873177224594230861e+00
2.352563668066216085e+00
3.344389742171598456e-01
3.158761740242060689e+00
-2.152679293866450294e+00
1.107522814558463020e+00
4.126462034559846281e-01
1.867503858385306303e+00
1.720025409870599153e+00
1.854294132702798859e+00
2.387164855678225006e+00
1.212627453226331475e+00
2.333463592036276069e+00
-2.545392573707703665e+00
-2.049813723858654679e+00
1.087303503349290157e+00
1.578734958570161329e+00
-1.314676046154467370e-01
1.209670890595110793e+00
1.490872675692116178e-01
-9.254746220964723546e-01
4.023240768788663990e-01
-1.481251046547218841e+00
-1.665265904752672776e+00
-2.646947013568530682e+00
1.013263890610008877e+00
5.369913094881357818e-01
2.458890639243607457e-01
-2.559554323825170008e-01
