-1.207900507073445873e+00
-5.855970975383850696e-01
-3.254441478765144891e-01
-1.362703067758167963e+00
-9.132352908171366135e-01
5.209770546627680021e-01
1.340617014946559049e+00
-4.962275585378001508e-01
-5.276838419372633648e-01
1.135673973500445744e+00
1.759854426848696640e+00
1.238893237311896378e+00
-1.073155027394755656e+00
-1.290091698232161743e+00
-2.478371427891601364e+00
2.198696055290177753e+00
2.104618922561613648e+00
1.685458970728837658e+00
-1.255638643601096449e+00
-2.806257263721570472e-02
-2.752138411123849604e+00
-7.082931831993873883e-01
4.506492250506290431e-01
1.209910522475248218e+00
-5.473440813510987990e-01
1.055486943789300858e+00
-2.000820189163806884e+00
-9.718663845666716261e-01
8.941977509938339175e-01
-1.966478690783709515e+00
-9.053163980362710639e-02
5.796645679636646120e-01
-2.016234733477071106e-01
1.232855049507437739e+00
5.698497334350458021e-02
1.636191561924602800e+00
-2.395332304545182839e-02
4.301699231530656253e-01
9.697345866548054416e-02
-1.853894404206634539e+00
-2.460759207220637457e+00
7.178506912522804040e-01
-1.223682638095528352e+00
-1.364912954936750467e+00
-3.526375291435053239e-01
-3.003927667882111963e-01
1.669452639425961893e+00
1.292441389251444583e+00
8.657353980502764390e-01
1.243444941583724317e+00
1.556859920306479683e+00
-2.081857098700992559e+00
2.168441227360715651e+00
-1.207326071591100281e+00
-4.617273606727926305e-01
-1.342754107130884333e-01
1.153983384828028536e+00
-1.765979577240434528e+00
-1.716761194315222228e-02
-2.558166507025295910e+00
1.563578219401955405e-01
-1.227225108327430758e-01
-1.451224563515651100e+00
1.212655972160247675e+00
3.710648017884457528e-01
8.375481086499605432e-01
2.739750723664758914e-01
-1.499017927616309143e+00
-1.303618595720402729e+00
-8.994744122571317613e-01
2.248462365244843220e+00
-1.019141710934831524e+00
-1.847696136690251567e+00
1.114709245058510767e+00
1.933157236053861250e-01
1.340561645079962894e+00
1.590901040039808034e+00
-1.522813488447366970e+00
1.131160598959589203e+00
-3.007070279111209166e-01
2.252399708647081056e+00
2.507891548953586014e+00
-2.785391757041397742e-01
-3.198287835109761001e+00
2.415624639403680884e+00
3.722241543055166524e+00
1.646427527080178477e+00
4.365514454155678403e-01
-4.973491512473912080e-01
2.390549959969980431e+00
4.861616050582453497e-01
-2.022475227784717167e-01
1.058085165455125765e+00
9.391843595617525020e-01
-1.519278738210690038e+00
-8.867984858005635296e-01
-7.860692514864602298e-01
-2.136514166745345555e+00
-6.143702717497122601e-01
-1.234911905556479006e+00
4.328955086845789890e-01
-2.753935189655419835e-01
2.655875136407094494e+00
2.111130693991768226e+00
8.871317268575462656e-01
9.456623786574647195e-01
1.383971685748853098e+00
-2.107590721009223067e+00
1.167825265734057760e+00
8.544689420134983227e-01
3.424676864837183921e+00
-1.420275253289570161e+00
1.799236490535064958e-01
-1.920586473484040546e+00
2.054435830304560007e+00
1.489852661892853369e+00
3.048915029558664003e+00
2.311901815334071131e+00
-3.945785971465152753e-01
-1.914824873319073140e+00
9.585368137109722131e-01
2.057739315232185451e+00
-2.784812311854180655e-01
-2.001254744816738373e+00
-8.057722664522670719e-02
-9.297798820040478196e-01
-1.799121462898798818e+00
2.379420799230208772e+00
-1.258715463546843383e+00
2.243439335999397599e+00
8.520407443565051198e-01
1.282967147020881882e+00
1.037542360914520012e+00
8.857975794777939171e-01
-1.739497328147586286e+00
8.979485967477701669e-01
-8.738840921452100119e-01
-3.051046765500817326e+00
6.669811316866305351e-01
-2.680769781912613614e-01
-5.063359804065604708e-01
-1.489039887956394304e-01
-7.011221269165355263e-01
-2.706872662471641711e+00
1.107625429702941533e+00
6.724113121339628796e-01
-9.884491189262522015e-01
3.635842563551056617e-01
1.333788316578642164e+00
2.031347636343507013e+00
2.717684800748361162e-01
-2.254644828947151236e+00
-8.679372389797289644e-01
-1.078836128256056792e+00
9.341520706798226437e-01
8.806547782418278070e-01
1.202835627812366415e+00
2.101827245087052876e-01
-1.148414454449155686e+00
2.353767487296538619e-01
3.182618579116028301e-01
-9.015465517361330727e-01
4.186494211033553459e-01
1.067805198794866239e+00
-2.903403464047948024e+00
1.542961067889352667e-01
1.978113215113650236e+00
1.754057062614688078e+00
-3.325052904635404372e-01
4.530467372257422909e-01
6.217633990768428598e-01
1.091705198151052270e-01
8.999512271439911171e-01
-1.500926097943472648e+00
2.618522447881594384e-01
-1.887838375389455869e+00
-9.241777979786708341e-01
-1.602689225857144018e-01
-4.462078964071056891e-02
-5.890139207574085489e-01
1.148145655108701257e+00
-6.888599278789244718e-01
4.095040111427338814e-01
3.514737071922358513e+00
-3.020413705943742588e+00
-1.267897027265779686e+00
-3.628801044080791183e+00
-6.247491063823767954e-02
1.278745116305111562e+00
2.094659524469132617e+00
-4.363581598613567869e-01
-3.701213312234903352e-01
8.848602571299724051e-01
2.048937793443984745e+00
-2.158001479371962628e+00
1.710527612363388128e+00
2.351331380496783030e+00
-3.365484717856723762e-01
-1.184130080818527109e+00
1.010594392881656090e+00
2.352692031741739243e+00
5.057819459797160411e-01
1.734767051207103616e+00
-7.208391213022221633e-01
-3.923520854953964632e-01
-1.357873972508712335e+00
1.753353821836044935e+00
1.741775092797471336e+00
-1.514503806669446728e+00
-1.015475609173148719e+00
-2.800050673390477862e-02
-6.732493788197733142e-01
2.176341819974295877e+00
-2.378107637684223619e-01
3.121643959848381833e+00
-2.080115618018670176e+00
-1.326924450547572354e+00
2.693817245678586492e+00
-1.615374471242827958e+00
-1.377368193007645569e+00
2.233677057001240071e-02
7.507072805375509805e-01
9.484779439477691865e-01
2.204188719594714740e+00
3.101001799046099738e-01
-6.896118044842641792e-01
1.125890020508940381e+00
-1.052143357145115532e+00
5.290520459040958245e-01
-1.753613306303951902e-01
-7.536680850223227701e-02
8.640864245146667733e-01
2.013574881860600296e+00
1.438854717750353007e+00
-2.444591156331530624e-01
-1.379482812894297972e+00
3.265941634542455230e-01
2.716173652062427557e+00
1.067440175625029131e+00
6.006256817095779743e-01
-1.043605971440391134e+00
3.982997365507220944e-01
2.083487328773735214e+00
2.534052782561937445e-01
-1.715878914631818963e+00
-8.834464104248676009e-01
-1.720515684695760772e+00
-1.441025450681517217e+00
1.572157785983262279e+00
8.742096850791765406e-02
2.437923429984647061e+00
1.516036828885655163e+00
1.236453528514241729e+00
-1.519477690389605951e-01
2.781301092517674878e+00
-2.401403775055386824e-01
-1.419745542321221965e+00
-1.258550135787221969e-01
2.292827712633739079e+00
-7.755061241107902292e-02
-1.500537911895941434e+00
1.445966353126278747e+00
-1.124287758641376422e+00
1.284415648631558104e+00
1.192701109041460539e+00
