-4.296132587285462212e-01
-1.111814867998273532e-01
7.889146990508340007e-01
8.550886673910765290e-02
1.198961926463988581e+00
-1.270093066103795687e+00
1.601896124149384315e+00
-1.854728570488292760e+00
-1.559381509399681676e+00
8.766338242455852248e-01
-2.720105279331167525e-01
8.453618232687993839e-01
3.070569331330526008e-01
7.234593320889217694e-01
2.809801640038958048e-01
-8.003265191857849015e-01
1.843426988594912608e+00
1.366890819860071271e-01
-2.273243976900139796e+00
2.739944036426728236e+00
-2.255376937939487902e+00
1.359085229861517918e+00
-2.943987914456293264e+00
-1.406897949673978632e+00
6.860516475836846428e-01
-5.945715114631587861e-01
-2.026315668654294910e+00
-9.521293511273213328e-01
6.079197593211631556e-01
1.444465873232319675e+00
-2.016078376973456709e+00
-2.919211605836816714e-01
-1.393334602900408559e+00
3.153101279458297768e+00
-6.884147171973289958e-02
-5.952516279594054494e-01
5.761163064757720553e-01
1.994861830353664267e+00
-2.383532678009926187e+00
2.480362042770971165e+00
-1.571755048168684832e+00
4.720984988986153263e-01
-1.184459090979932627e+00
-2.058160027740709441e-01
-1.794724171118809775e+00
-8.680335398968298533e-01
-2.236425117935194606e+00
5.545108966331759870e-01
5.693319276916237737e-01
1.756593941653132596e-02
-1.277656014442842602e+00
-2.167181167308674716e+00
-1.827254410405421803e+00
-1.550659088395382357e+00
1.275036299697029085e-01
-3.212702602075931391e-01
-1.683004002764753038e+00
-5.441935711212612936e-02
-2.454931235260083611e+00
2.839417170562699710e-02
-1.128095949672911269e+00
2.947567807395401918e+00
1.092584490662657837e+00
-3.191517996851929162e+00
6.911110879628994397e-01
-5.895311998456457259e-01
2.685649353508841042e+00
1.506972012387435278e-01
-9.057953183495285332e-01
1.761858239788893110e+00
2.893355761318182839e+00
-1.532188008770005716e+00
-7.315238996827535534e-01
-1.586815771268726305e+00
5.875504531932407293e-01
-6.382960800079482411e-01
-7.267217104568133301e-01
-1.311031412565943910e+00
2.962591207124242398e+00
-5.867578264612282046e-01
-2.095886691080377062e+00
-7.966960637515421162e-01
-7.700862969550462678e-01
1.884417218060820742e+00
-2.368709433248782137e+00
4.300191397465074061e-01
7.257303196543800627e-01
6.582431021819097339e-01
1.026080448891445451e+00
7.270930288763848282e-01
-9.788141860482586498e-01
2.792538992656434793e-01
2.472037094246548605e+00
-4.805742198971089119e-01
7.052310006313959878e-01
1.579716158896311340e+00
-1.415203035759425410e+00
-1.637524425684337759e+00
3.588457810192493547e-01
9.418064474608957015e-01
1.179753100376413899e+00
9.627373979635651668e-01
2.391247158279214968e+00
1.394325048221040753e+00
-7.224104410975213941e-01
-1.843818030212660553e+00
-1.501600807014498384e+00
-8.984897768982891275e-01
-1.802020498631483614e+00
6.829319698283354834e-01
9.404843748284993921e-02
-6.042864247460161264e-01
8.228591700336409520e-01
-4.931155262906695702e-01
1.181475823871595887e+00
6.796141125574375330e-01
3.125797631141303823e-01
-1.773069593210572448e+00
-1.644745482784283119e+00
-6.465683864397028247e-01
1.497915387450594382e+00
2.431088834990921210e+00
2.969131828829535413e-02
2.769558368798105796e+00
6.542961103934794576e-01
-2.693595806735057607e+00
2.278400047644671744e+00
-1.229936499261288230e+00
2.406362503240893513e+00
-1.194028954512646568e+00
1.165976720198181660e+00
-1.881803822799281933e+00
-5.309295733585150945e-02
-3.424157481142015014e-01
3.056917481937625691e+00
-2.314025015405530183e+00
4.583164202347301819e-01
5.258037934552881598e-01
-1.482955921609747652e+00
-1.902200046729301208e+00
-4.343822467859845271e-01
-2.689268728487848592e-01
-3.732472554534386200e-01
-5.081400644298657010e-01
-8.513315711944460240e-01
-3.245380508206728853e-01
-1.810560818363967872e+00
-2.150615373612057457e+00
-1.677314972169186014e-01
-2.030199574100039150e+00
7.673688128136871844e-01
-3.767547241767559285e-01
1.521953623563894631e+00
-1.417334890545896675e+00
-2.024660192682417925e+00
6.589945181851806222e-01
2.921595222719253648e+00
9.550674044083875547e-01
-4.215081827618951671e-01
-6.830400935035518817e-02
2.946698419902516464e-01
-2.484117793605475910e+00
-1.528855681141888745e+00
-1.002644408457173064e+00
-1.795052689694433878e+00
3.837189294710015020e-01
-1.477967071106667252e+00
1.989033579628020743e+00
-2.510884886018038831e+00
2.239472802486052405e+00
2.460085153498400956e+00
-1.728762389959762835e+00
-2.165536618047332329e+00
1.996768356821733814e+00
8.024692782842308691e-01
-8.185867995577870149e-01
-3.202911998860118015e+00
-1.517959249271768618e+00
3.498247061202489627e-01
9.089408547957654738e-01
4.791184915607535344e-01
-2.181036058229469443e+00
2.303896057672822351e-01
-1.910047823335526695e+00
-1.280074909700649632e+00
-2.050224898596070933e+00
1.174203069189878379e+00
-7.293313942430196262e-01
-2.544173545881599718e+00
-1.638958943417245351e+00
1.118621910814307174e+00
-2.295279147205813608e+00
-8.583747707738236254e-01
8.474156737703366638e-01
3.798129910275982457e-01
8.695255601020994707e-01
1.380217390533732047e+00
-1.669096960649161521e-01
-1.214177841896044496e+00
-3.015258591384303077e+00
-5.040595760064241482e-01
-1.869605740055532983e-01
-5.945261849369500862e-01
-4.022292616401017540e-01
2.379037668620828327e+00
-1.739775471503907101e+00
-2.299971936954082197e-01
2.240684915324351323e+00
4.441438691647815462e-01
-1.018463159930332318e-01
-1.219448925908130477e+00
-9.316096655908574498e-01
-7.150695947529123186e-01
2.819878116165776216e+00
-1.055117888829536277e+00
-2.073492194195185045e-01
-1.229168673362996539e-02
6.107134274856274025e-01
4.805849417871632112e-01
3.395537900734393322e+00
-1.492939597994596967e+00
-2.251393828512329442e-01
-6.104008534302032274e-01
1.144090594186298659e+00
-2.053187797906792067e+00
-2.189546034705166733e+00
-2.002852027427018733e+00
6.386681789538758425e-01
4.216919766283140913e-01
-5.648586980421279602e-01
1.020070790245973802e+00
1.061144788164137154e+00
-1.573082069302312203e+00
1.451999923308867402e+00
6.271865783401607830e-01
-2.407642394313420087e-01
-2.926259196810657048e+00
2.578135286142210880e+00
4.199386120654914900e-01
3.186751801427904596e+00
-2.084341986956549597e+00
1.128422786984216719e+00
4.376937244260146187e-01
1.830491140831990604e+00
1.737188153001975710e+00
1.816864142029715579e+00
2.442155159634392003e+00
1.195815430945853075e+00
2.201788377930228968e+00
-2.096426586467997843e+00
-2.055385983528371874e+00
1.151842903926696637e+00
1.599551422791557043e+00
-1.799108570859530853e-01
1.139759981906215636e+00
3.684725871470353464e-01
-8.168415199946144067e-01
4.099622021347135714e-01
-1.465013638520813455e+00
-1.651984358983126233e+00
-2.689674276380025653e+00
9.496347031315095499e-01
8.700067419354913234e-01
1.441534501553826397e-01
-2.571963480272637104e-01
