-5.623903619726565717e-01
7.468291367461805663e-01
-3.084554483705310712e-01
-4.747894730016608555e-01
-8.262750828354239463e-01
1.718633980810818418e+00
1.912864077630397341e-01
1.185540921431224859e-01
2.893806507966245056e-01
-9.716828206276854063e-01
1.893888851969046661e-01
-8.244714026640422855e-01
-1.479008517238168396e+00
8.852213204392895829e-01
1.542689194019827292e+00
-6.935502639134525360e-01
-9.143892135858768810e-01
6.278192559946317308e-01
-6.081088950267821147e-01
7.758620437543796156e-01
1.332673842608211201e+00
8.216500747828768547e-02
-5.810394312119157023e-01
-7.702542406747218129e-01
-1.748173417289909382e-01
4.645381250715386878e-01
6.616520749253018696e-01
-7.490450747163196477e-01
1.045053893179998195e+00
-8.859109073448182547e-01
-2.495635536237508778e-01
-5.623610221862503922e-01
1.903024405029891397e-01
-2.157390454179673456e-01
-1.995112858457284699e-01
5.987908329742170910e-01
-4.239948969966626513e-01
1.373732460995531479e+00
7.091567192512155948e-01
6.335826713856220760e-01
-4.900738508455453335e-01
-6.798458370933105899e-01
-4.408637623621602941e-01
-7.419535188044122931e-01
-1.089293674291520686e+00
-2.840793212938051981e-01
-5.959337065034602254e-01
8.354320327988919992e-01
1.635598067013877666e+00
-1.193542483821519729e-01
-4.100177416675216957e-01
1.273535500717583258e+00
1.474570373679455315e+00
-1.404259088035781700e+00
-9.161329092957881670e-01
2.472538818826313656e-01
4.159704597559962802e-01
-9.869200949766195885e-01
1.647414721694466788e-01
-5.347734761194522513e-01
4.789142246497642141e-02
-2.546650483298198431e-01
2.862494183759897171e-01
1.328844955851422371e+00
-1.899859850525683846e+00
-4.555567627607123304e-01
-4.006440272853276086e-02
5.084563459221472792e-01
9.635089600478745631e-01
9.827388834378021354e-01
-1.289646848312056227e+00
2.321641444947441513e-01
1.064634266487694880e+00
9.154317430300127345e-01
-2.525307014518639814e+00
2.646357978804698280e-02
7.761523728287613721e-01
-3.758544781359993703e-01
-2.024236038531468662e-01
8.628171343658090908e-01
-9.547093354001293664e-01
7.136856716973136727e-01
-4.354225572693914970e-01
-1.100343129158387390e+00
3.152647787728608542e-01
1.885930560670517231e+00
-1.498964226972283154e+00
1.149048777242704933e-01
-6.735420634755155955e-01
-4.730396781843781984e-04
5.371973999455387228e-01
3.716086043821178464e-01
6.841008312350420340e-02
-3.185192835783451915e-01
-9.988339006912195783e-01
-4.090351550456217122e-02
2.774019356354182064e-01
1.184662566347946255e-01
1.543304735089513491e-01
-6.405198061485058991e-01
5.045983506665633334e-01
5.170232814981658986e-01
9.142881068667897404e-01
1.408723200860038549e+00
-3.395903791790109982e-02
6.113408608450779935e-01
-5.057919969635642499e-01
1.421019890725486956e+00
-2.683166709758221247e-01
1.954162772077021382e+00
2.542721148651758689e-01
1.452402324077787910e+00
5.623063925927443973e-01
1.465950565908231140e-01
4.719776652939083328e-01
-1.682535899970302173e-01
7.702203000595301274e-01
-6.973212217834396931e-01
-4.058028009090372534e-01
-1.272880229936252494e+00
1.013467613647264648e-01
1.440590264202617377e+00
9.064127441537208618e-01
1.586292683840631490e+00
9.217418208344727582e-01
8.891547731832550872e-01
5.921553618507755523e-01
-3.513028994750633793e-01
-1.149316520323367813e-01
4.795273357667957370e-01
-1.259057169858476044e+00
2.439782615256425591e-01
6.406877488215008132e-01
1.550641459237727948e-01
-1.487071195044852523e+00
-2.628153336107792448e-01
-1.257415636704725115e-01
-1.054299908286423948e+00
5.526624486106876954e-01
-3.353939830211858375e-01
7.961748078207264712e-01
-4.407802928319805580e-01
-1.364899804154500629e+00
8.910996187281039482e-01
2.401655452759994536e-02
-1.007161005857393210e+00
-6.006120142068625822e-02
3.531841746844879282e-01
1.776174252965617040e+00
-4.858219444266769771e-01
-1.491943290141992451e+00
1.390820197286662729e+00
1.252660054272238588e+00
1.630978607768842903e-01
5.757770084688723644e-01
-1.138512350798459805e+00
-2.070653024802017461e-01
-2.063270634143680726e-01
1.082953645010071408e+00
-4.591659345045003282e-01
-3.924653251303995560e-01
2.950167806063311304e-01
-7.678743250414649113e-02
-1.500467830545464121e-03
1.660108958290680281e+00
-8.289366813614402751e-01
2.903920489661939719e-01
3.252502317751809757e-01
9.132405747830942833e-01
2.772099227991875470e-02
3.614608488811353326e-01
-1.168651425435355051e+00
4.552369797675132057e-02
-7.979170933960542111e-01
2.740673230433375851e-01
-1.923309442361248456e-01
-1.140617308712597033e+00
-9.877355747730608426e-01
-9.532139008763934607e-02
1.035139956125571414e+00
-1.871710464969268961e-01
-8.202481769029709158e-01
1.177134508009934022e+00
8.953018150542109421e-02
7.806931096924241142e-02
2.254981549349677206e-02
1.675974667700685039e+00
-6.207523643891837972e-02
8.111011749338562504e-01
-3.176219972026124716e-01
-8.673989609152626956e-01
9.614836947056126792e-01
-1.526502769327869213e+00
-1.194457555400285781e-01
-7.585539538144164817e-01
3.327527295119470652e-01
2.937546383876976641e-01
8.443029684528057244e-01
6.800713172045556032e-01
3.126158077641466582e-01
-9.849979473625058990e-01
-1.106626478594043173e+00
8.651110430623319969e-01
1.079448643672912489e+00
-1.178644586731512511e+00
-5.302716003470335782e-01
-4.410391489147488242e-01
9.163810426378586893e-01
-9.595812730377371036e-01
7.218059640490553930e-02
8.039127136947110674e-01
-2.544576522686159969e-01
1.239575674195424693e+00
1.603044860911206237e+00
-3.666290639047918853e-01
-2.237620318007842724e-01
-2.641152508852127601e-01
-2.987383919793785703e-01
7.177860492061813869e-01
-7.823482067300435716e-01
-5.350755926837497123e-01
-6.673622576365773051e-02
3.307358646785132361e-01
5.528703247207739091e-01
-1.650526015019011458e-03
-1.024582526567775043e+00
5.143834910736480026e-01
1.174661656903354806e-01
1.336076385021273683e-01
1.293554399624733675e-01
1.218597147125055347e-01
-3.243526568955792388e-01
6.596450189787921303e-01
3.602361585601853156e-01
3.920600059368782864e-01
1.973769872389414148e+00
4.958525263474466982e-01
-8.444671588289248687e-01
-9.850086702635582614e-02
2.321263610558209900e-01
-6.959086930102900137e-01
-1.689552077523301943e+00
-8.328432203495824693e-01
1.771701828479111507e+00
1.951242268740309149e-01
-6.230591964820542117e-01
2.121903512254567303e+00
-2.358671461014652526e-01
3.670313460322334742e-01
-1.578698595606431665e+00
-3.593908260595414794e-01
2.185278967986665766e-01
7.175937980712850939e-01
2.307863217014807095e-02
9.534620086399809846e-01
1.808045978130451981e-01
-5.743725331057901728e-01
5.474192862151348038e-01
-1.205244526140034189e+00
-3.671340660020369073e-01
-8.654431448269327420e-01
3.656436446793650541e-01
-4.318983799419874869e-01
-5.912196899216750623e-01
9.036548234762998844e-01
