-3.396638112095951012e-01
-2.229411645024692301e-01
1.625448052642811114e-01
2.629988266940294084e-01
2.266375773147976946e-01
-7.521140244670245778e-01
1.619032099251759060e+00
7.680203712600953692e-01
-6.273907442909785193e-01
-1.084274088388728741e+00
6.731910881123100987e-01
1.378718563565752397e+00
9.887330855362042037e-01
-1.041835411733905037e+00
1.132177578530522283e-01
-1.963876772470583010e+00
-5.079361924741740975e-01
-2.054008111169780548e+00
-2.239952036162692617e-01
3.857779836913932670e-01
2.884726086060201422e-01
5.840186655302083141e-01
-1.105693544369783066e+00
-4.840902137912304060e-01
5.078039696128184427e-02
-1.037511014246611740e+00
9.218188592830528494e-01
1.063216094782506671e+00
-7.575057372739144590e-01
2.211787308843621513e+00
-8.178025396791254176e-01
-1.369620060587166455e+00
7.221908216835867256e-01
-8.401983774003544125e-01
4.566040687242300389e-01
7.597687765367919788e-01
-2.877303523845268773e-01
-1.106173301446253587e+00
1.642270361917106403e-01
-1.270421694600045948e+00
6.552500780007456394e-01
-4.362839619511922097e-03
1.266514647355811152e-01
7.240434183668548185e-01
6.036007269332506198e-01
1.575622186561062010e+00
4.479209282382118906e-01
-7.901759014528740854e-01
5.453504703647421570e-01
5.485043238834265145e-01
-3.335094856975221456e-01
-1.359781230411029052e+00
3.565460277965678548e-01
-2.225621066224683364e+00
-2.063221151810200604e-01
-8.410417621094458118e-01
2.545257238843094960e-01
-6.361070318941723645e-03
4.692031020803653085e-01
1.788703441523379067e-01
-1.868512980179006355e+00
-2.224702525389204155e-01
-1.552695580466260994e+00
-1.331864496129375519e+00
5.725256273645696892e-01
-4.987735783778965981e-01
1.137381188401314080e+00
-5.795870475686404344e-01
-1.260919657058671817e+00
-4.719317571447922965e-01
9.482209580665683646e-01
3.748702686971753240e-01
-1.294336753390011863e+00
1.462279535061195568e-01
4.963973177883740928e-01
4.477770313372280153e-01
-1.909259304236256283e-01
-9.628940768950949858e-01
7.396493250753453930e-02
-2.562500592514448394e-01
2.724037016554207297e-02
-9.978175286721409076e-01
1.087283089061275541e-02
9.647435355247198363e-02
1.684469198883416230e-01
-1.018125156603280512e+00
1.015647598257393147e+00
1.123830354893248007e+00
1.043450019905051152e+00
1.369293355325663375e-01
2.157842534097976356e-02
-4.411311964274954867e-01
2.745343820525244505e-01
8.488626554564228099e-01
-1.243970380123125441e+00
-8.690218747991672321e-02
-1.155362729589951148e-01
3.280385379122052053e-02
1.088295837766517060e+00
-8.337551493562606053e-01
1.402349564559299822e-01
6.676743201464478972e-01
6.293311097926813646e-01
1.240228356262368159e+00
2.053984074005106020e-01
-8.188005205041223311e-01
-1.406968452400395586e+00
1.401564998758073610e+00
-9.613616330676951760e-01
-1.207489872879781379e+00
-1.582776412298792790e-01
-6.598451269616824044e-01
-1.607003861570766023e+00
4.496372339447204380e-01
2.628930062024691927e-01
-1.567040688932490045e-01
-2.402449181945615908e-01
-1.423091338785203330e+00
1.002206003448702143e+00
-1.338035719338113605e+00
-2.594939610377471340e-01
4.315559794371243152e-01
-1.085191037117241519e+00
-4.389907635065969371e-01
-5.258440211469631587e-01
4.324715716654871367e-02
-1.196130788531199807e+00
1.171827439715718011e-01
4.365044097242056220e-01
-6.419485418876700322e-01
-9.902882220145164949e-02
-7.400901889427835556e-01
6.714753241014165264e-01
9.225815165450368394e-01
-5.908232148155403429e-01
-6.932398335884013552e-01
9.922631909057818556e-01
6.370229983949319275e-01
-8.162015979977702562e-01
-6.183278431036151046e-01
6.390575929771209474e-01
5.859125365334627578e-01
-1.931106042411367962e-02
-4.250984738010489816e-01
7.031138265115692842e-01
-7.424312663039110971e-01
-4.142974346328266444e-01
8.203981952075458661e-01
-5.031997149556584059e-01
-8.253606062213436623e-01
-8.187354481458846735e-04
-6.320235484730176712e-01
-4.690664958278629171e-01
6.671045280082836815e-01
-2.480505133799946679e-02
-1.662186271435503793e+00
-1.337064558893936939e+00
2.014760252227681125e-01
-1.681942921706675254e+00
1.682675537486397754e-01
3.582150743370901558e-01
-1.398132223416499231e+00
4.379457064646954390e-01
3.447854746230749057e-01
1.179362777642906090e+00
-4.907880324850131815e-01
-2.342068737058694561e-01
-3.680575090226211321e-01
-7.619513464539913461e-02
1.177128253508483047e+00
-6.735980324516700479e-01
-8.451381424620288962e-01
-1.371456697385492696e+00
-8.836004473601563602e-02
5.916496041769412351e-01
1.273678992369033258e+00
1.885374650735572311e-01
9.715693860999974341e-01
-8.467531988414542798e-01
-5.918370097794525275e-01
2.156102675511975542e-02
7.226393195912300671e-01
-3.134194411709136929e-01
-1.825400810156433851e+00
-1.307432973562962397e+00
-4.084738154771326291e-01
-1.536485095756944919e+00
-1.385221577810685084e-02
-9.365215599232127319e-01
2.479075957544358555e-01
9.221916310789305404e-01
1.012099493123831184e+00
-3.430910081320845961e-01
-5.558821041530703777e-01
1.271624207818464081e+00
-8.872004897412074653e-01
1.228178246112065830e+00
8.874440015893948486e-01
1.153377926098744233e+00
-1.416405912249488308e+00
-8.676388337642040316e-01
1.492427018114253601e+00
-2.596212461498709212e-01
-1.462200432845947862e-01
1.010618840764158755e+00
3.036732942941424707e-01
7.639245536108136836e-01
3.924165908916245511e-03
4.168871944321514977e-01
-8.114653496359759410e-01
-3.406910067684543741e-01
3.053366626345513923e-01
-4.013191541871838908e-01
-4.194829222376704747e-01
-5.165365286768573982e-01
-1.934518086681619620e+00
-9.317484331463782299e-02
1.514960015039590546e+00
1.244376366909453191e+00
-9.963053921615805386e-01
-9.265157711311593491e-01
1.173014610389792933e+00
-4.931538742229908956e-01
1.286717058255169854e-01
5.528374593185735320e-01
-2.514474759730911946e-01
-5.767199093150033873e-01
1.200089314765239168e+00
1.251007871996859255e-01
-2.763834420002825309e-01
2.869995328339445817e-01
3.333293289988313590e-02
9.231599348867609578e-01
7.813164784060987467e-01
5.243349931754702764e-01
1.198918406104033885e+00
-8.761750422441327846e-02
1.484841199532984657e+00
1.174533216518224704e-01
-1.934609497146168311e-02
-7.573219716373901234e-01
1.749638925084828489e-01
8.857888763143328958e-01
1.214852402248396634e+00
2.583843500190518006e-01
-8.476066269081242721e-01
-1.091293295810444208e+00
5.414567791937208163e-01
-5.236035900135094928e-02
-4.328585195913879913e-01
-1.171447697598007931e+00
-1.695764028927690070e+00
9.410853396434867291e-01
1.382279975309510966e+00
1.105688261472414169e+00
-1.025075565405856759e+00
1.243028431180897453e+00
-5.119849697639816677e-01
-1.849699831029178176e-01
-2.348874202697675412e-02
-8.484921335239700158e-01
-9.217031943058719978e-01
8.160816342737290396e-01
7.404996074617187229e-01
6.244711050045669287e-01
