-3.374278137595975169e-01
4.735594440477410016e-02
-2.817406906975817305e-01
-1.383037892454557771e-01
-9.734073155954677814e-01
5.227850524649908515e-01
3.572976643098432770e-01
-4.107216431406123247e-01
-4.431330529341875879e-02
4.372038071636379919e-01
-1.625751837043619696e-01
8.116303713657948560e-01
5.062376382828440713e-01
6.661304725373928814e-01
-3.583592509400849724e-01
-4.079628365442264371e-01
-1.060418714444395505e+00
-9.230056844689348006e-02
4.193849168914652870e-01
-2.681500875562480846e-01
4.537022203622269045e-01
-7.391355168152800859e-02
-2.504364585305869639e-02
8.456182273018364448e-02
-3.280950501260632146e-01
-1.104792963880750545e+00
-1.899907726297492550e-01
-2.631865334768951348e-01
3.410231535121280855e-01
-8.114638686942026169e-01
-7.325425561789070117e-02
1.244122180684103407e+00
3.015870526964076204e-01
-8.037548875892407407e-01
-8.179994868171715228e-02
-3.764141158721436287e-01
-6.391716302578359654e-02
5.173754024643060223e-01
2.230044081168852110e-01
-7.824807062344315556e-01
1.517076734459052556e+00
5.078495634255303370e-01
9.098867259088789794e-01
6.237483637357538191e-01
2.612027230993415050e-01
-1.479367486198067905e+00
-2.179407861679631131e-01
5.702545848751802704e-02
1.354160067572675485e+00
4.679445392014313088e-01
-4.119155644787229065e-01
5.988847111397141987e-01
6.324821601259710269e-01
2.061385796543924176e-01
-3.472134791758144101e-01
1.017765270026398161e+00
2.910563689715799374e-01
2.216691614293486157e-01
2.329084061749726320e-01
-1.259694959914938295e+00
-6.714919701427873866e-02
1.004293062998387720e+00
-6.320811999530469641e-03
1.270271721791399244e+00
3.080603783368144125e-03
-6.908426804915719643e-02
1.533384366404229482e+00
1.460030993473315775e-01
2.763645946748919877e-02
5.265554513481613547e-02
7.458191022448536212e-02
8.548382364404590872e-01
-3.318140679677112903e-01
-1.527386224849221208e-01
-1.521005715455590046e-01
8.107736758506994823e-01
5.602155098812938716e-02
4.545163656824057624e-02
-4.448063303950104963e-01
5.255120416289903867e-02
8.241510126801327996e-01
-3.974236219423589178e-01
-2.438457448611058842e-01
7.633274583026443683e-01
-4.469587370365997181e-01
-4.930321247270264551e-01
1.047873008657764365e-01
-2.577771863453823253e-01
-1.426685374052842903e-01
-3.642456263341316003e-01
3.497713662064292350e-01
6.544028882825148052e-01
3.178176432900040038e-02
-1.490468082054372534e-01
-2.294915964387668761e-01
8.735632582932804091e-01
4.973446467993076214e-01
6.548711009895528123e-01
-6.365946503166092230e-01
-5.672665308910688348e-02
6.921146521105403515e-01
9.009559287559786023e-02
-9.956593432186132409e-02
2.119005485738343145e-02
1.494879598419504241e+00
-7.811550360662757042e-02
6.879547484403438773e-01
-3.479397265419018059e-01
-1.175439636039098623e+00
-1.013725765173038473e+00
3.655396590774929733e-01
5.004940147267616934e-01
-1.079279367840796366e-02
3.314754560073263079e-01
7.082604599609781948e-01
-8.907745416741786881e-01
-6.263224625747403351e-01
-5.653391043232386393e-01
2.430301337888993440e-01
-8.592184461378796767e-01
3.330303473920983581e-01
3.623502004440305128e-03
6.440679383102669853e-01
-2.625226398413540042e-03
1.508430309629337773e-01
-3.790537232233602838e-01
1.220876482957335973e+00
-3.542398431276977400e-01
-4.853056914305500791e-02
5.151165124708381171e-01
-6.378885351239969026e-01
2.871914892172552358e-01
6.481304964576873884e-01
-7.718055229213860446e-01
1.338017455849508153e+00
4.952372474826229332e-01
-5.631987216278676600e-01
-4.481267701137439108e-01
-4.985495773826443267e-01
-1.033453518652098779e+00
1.182719226881879110e-01
-2.604668448760449340e-01
2.782316473455723749e-01
9.966125195020533178e-01
7.073116086010259318e-01
-1.427924438204017099e-01
1.022804858662416772e+00
-4.474924739534901219e-01
1.732295146537373265e+00
-1.234363300489705051e-01
3.638026376558014530e-01
3.145286149422646393e-01
-6.834135034569523981e-01
-1.232352163403213768e-01
-9.780044002693036864e-01
-5.444315773197635489e-01
7.666750067657583934e-01
-3.983100613183586658e-01
-7.041599576503625446e-01
6.698372854342428406e-02
9.087152131674518518e-01
6.866345678205820757e-01
-4.120603841376754284e-01
5.128994535817240630e-01
-1.024169359417452130e+00
5.503059199881249475e-01
3.154088468833853853e-01
1.310872028337295159e-01
-3.785297519803930144e-01
-4.610903026336296562e-01
2.825405344613043240e-02
3.749057441391214773e-01
4.481481098738960833e-01
1.330183668287660825e-01
1.226736518266836606e-01
4.775129979909240596e-01
-1.017034933067705094e+00
4.350066877725593945e-02
9.717210360577234196e-01
7.609317615009816294e-01
4.159553898067275823e-01
-1.097460896821608467e-01
3.176780660611653317e-01
3.539454298449315472e-01
8.365217185688059720e-01
7.370401486780350786e-02
2.787142943419774754e-01
-7.389608686881276034e-01
3.999845808496723665e-01
5.918923703402058090e-01
1.573586834376972776e+00
1.452028621637721617e+00
-1.067937942194762346e+00
-5.884846697790477865e-01
-6.387199696491231427e-01
1.000781079259653206e+00
6.784373201993002533e-01
9.480416976779060256e-01
-8.858675665458537463e-01
3.253504073231306415e-01
3.734174410605740624e-01
-2.376225425833790039e-01
-1.189203786362023063e-01
1.151408267725948509e-01
9.577797253512336517e-02
3.625432814238256363e-01
1.813607226298626085e-01
-7.574614582801254548e-01
-6.124313620041150763e-01
7.123381244861966000e-01
9.886440497448353848e-02
-1.613125937114266162e-01
2.076217929925330274e-01
3.428564857387033649e-01
5.880785049066011849e-01
-3.874854944081552177e-01
-1.030737713588124188e-01
-9.656928598023570842e-01
-3.515829670100663606e-01
2.277864060816409131e-01
-8.366972589317249742e-01
2.534637416794489062e-01
1.470908455703178630e+00
5.624799997931001494e-01
6.589898560968426855e-02
-7.664349124877928299e-02
5.930557681395824954e-01
3.126191513236913355e-01
8.838123252915368600e-01
3.815048144707303690e-01
4.797022589141161086e-01
1.943474856467989897e-01
-4.351220605902634264e-01
7.090481940158860352e-02
-6.410122225812194818e-01
-1.302141489144490016e+00
-1.699660671470319406e-01
5.367670433973137367e-01
-2.195255152068931737e-01
-2.230100226401983687e-01
2.477426683416071584e-01
-1.033648346597161094e+00
1.093246875544933161e+00
5.714323032154623450e-01
5.267704288207010199e-01
4.744432319277703813e-01
-2.613167201662880412e-01
8.503373595141835439e-01
5.462936615284926800e-01
4.264213834595271396e-02
-3.363011706232971743e-01
1.575465639073773405e-01
5.613581707070226523e-01
6.471518021974098644e-01
6.305164362855479876e-01
2.528447379261497541e-01
2.568634916562922976e-01
-4.304933158644575486e-01
1.149748828361531541e-02
1.227535760430992662e+00
2.671723219889396983e-01
-1.843520780165261164e-01
4.905733555302300708e-01
8.510400967297358787e-02
-6.828588395954942047e-01
