5.056623233139860840e-01
3.017831531149838931e+00
-7.566887832991481266e-01
1.096781551826765622e+00
-1.214407751470101715e+00
3.580929756184155988e+00
1.903867978363349645e+00
1.579597218540176873e-01
-5.514134702298436608e+00
6.577645986300743042e-01
-6.355290622012282897e-01
-1.404391212503805830e+00
-1.572144418661729715e+00
-1.706238670529093004e-01
-2.144606076026011277e+00
2.128435018750754470e-01
3.167805477720621710e+00
-2.602773917143396537e-02
1.828963526879096468e+00
1.980129421511269694e+00
2.568268517377115590e+00
-6.264744867007993712e+00
3.390432909207047985e+00
2.232680799837682972e+00
2.683218159055888119e+00
-2.650140439361996947e+00
-2.270927077074574640e+00
5.489919381820661526e-01
-2.835433206767079106e+00
1.153441312351057624e+00
-3.102480857964688088e+00
-2.770070213073576593e-01
3.576277228282697784e+00
2.967169177053054163e+00
-3.177041717278998423e+00
7.226946467224997228e-01
9.808889682700597801e-01
1.426275544530341222e+00
3.345123785988147525e+00
4.868556351548773975e+00
-1.815666348396187235e+00
-2.536918821368328469e+00
-2.822166463664983471e+00
5.773080982481927359e-01
3.004174677663903115e+00
2.861890999064784502e+00
4.170726173905364043e+00
-2.124302808943073995e+00
3.447820309584345821e+00
-1.766647023084588319e+00
-1.142787783602878582e+00
-3.243004203076858438e+00
1.170942591032678726e+00
-1.028676628417108940e+00
-9.421821355392094866e-01
-1.286159402959365483e+00
-4.304046551054045988e-01
2.017883773925702950e+00
7.096942936836614368e-01
2.827916400934817887e+00
6.878497560824392565e+00
1.632497409369047414e+00
-8.558468297742506392e-01
8.635845322121898926e-01
-2.838586965860243172e+00
-2.883622347101780115e+00
1.379224934501002586e+00
-1.386621406516924893e+00
4.756526303268787004e+00
3.731629982716634597e+00
-7.145442446830101435e-01
-5.338900091616427535e-01
-2.354308688179023612e+00
2.887191944133343569e+00
-3.877707946263117655e+00
-3.789780187696728753e+00
-2.496525194180404306e+00
-8.992585933552306177e-01
8.682066812299892300e-01
-2.848054774113557563e+00
3.539110584259012704e+00
5.406187600179829467e+00
-6.899047792123019773e-01
5.165020732598032183e+00
-2.852708430615742863e+00
1.767292869255369991e+00
4.970921648470580378e-01
-6.388769803009251014e-01
-3.173655467807818376e+00
1.117847033907566567e+00
-1.090895835931635638e+00
-1.643052754603735233e+00
-1.746220650175092315e+00
1.273486983464497575e-02
-3.528888632347116694e+00
3.256025793061593232e-01
-6.691797188456643397e+00
1.701566898884404599e-01
-7.665127647852882919e-01
-3.468956094977587501e+00
-3.558930475990151443e+00
-4.400227409756539920e+00
-3.952557916474033650e+00
2.879251624399109311e+00
3.345648412791304427e-01
3.764411486543468133e+00
5.860777151019281206e+00
-2.091229486876807098e+00
-6.229942001422604791e-01
-1.904345793988392099e+00
4.833677863956185594e-01
7.775523051878918679e-01
3.062979273203944697e+00
-2.714329729884855880e+00
4.605233431735639371e+00
4.119895910059378608e+00
1.940757752077041820e+00
-1.276413229412676431e+00
2.536445750552642320e+00
-4.119396164285472617e-01
-2.452752165453779387e+00
-4.293280413152755770e+00
2.119880329942517516e+00
2.267696321630111589e-01
2.703275917111776505e-01
3.981549462049778665e+00
4.234860490829269075e+00
-1.791418536348611701e+00
2.152283950359376696e+00
-5.101632860310858497e+00
-7.930996730495473157e-01
1.776102754330539935e-01
5.005583741436763212e+00
3.285935282515473066e+00
-1.153514410719388650e+00
2.306511690906743794e+00
-9.359533268808766238e-01
6.322095924611729201e-01
4.131391900594606703e+00
-2.244435895642812984e+00
2.799764189846245976e+00
6.905571906331346987e-01
-1.590539213643539673e+00
-8.432923201052618944e-01
1.479654143247547404e+00
9.238514537545258198e-01
4.604055304633251744e+00
-3.120014771233856621e+00
1.284904606641376512e+00
2.309591640259104628e-01
-3.252903031371563891e+00
3.078694334959374501e+00
-6.439274914710252373e-01
1.983301991635512407e-01
-5.139632400527569978e+00
-1.689795162244700943e+00
4.227085060158209728e+00
-4.483659634752882539e+00
2.627581974988371982e+00
-2.063084072437161076e+00
-1.416882017149469153e+00
-4.952865476235285946e+00
5.957390495535929142e-01
7.466143966175723401e-01
3.244329301731631698e+00
8.431425419187679182e-01
4.600438190939269312e+00
-6.563560762281664407e-02
-2.873159180283241021e+00
2.079953039980100005e-01
2.722239911636099019e-01
-3.889142442992183923e+00
2.820279897518779944e+00
-1.172277482784698233e+00
3.621095045846916882e+00
1.111317777980868504e+00
3.397514116369718895e+00
2.418651422835627951e+00
-2.182907233374729472e+00
3.800884987223875466e+00
1.234948318055315131e+00
-6.639204025392452246e-01
3.126710688914635217e+00
-2.879751171692411571e+00
-4.604225484669279389e+00
5.377182951789634124e+00
-2.258322698577718002e-01
-9.951033317912834075e-01
7.875386432424030803e-01
-1.104834600156734625e+00
3.338101380033549059e+00
-4.529024680097049615e-01
-2.312084623286072560e+00
3.609563575714128447e+00
-3.797241748981624365e+00
-4.168113766024395872e+00
-3.215224694802999217e+00
-1.551160403327336512e+00
-2.717033889168851690e+00
-1.485193551139326829e+00
7.261540213344641614e-01
-3.854664986184735742e+00
-4.047244925531117699e-01
-1.969463131065527062e+00
2.056381147957112299e-01
9.144564876530406616e-01
-1.100401429761294070e+00
1.502839853073913989e+00
1.855640648072488963e+00
1.152839842078832167e+00
-1.448510252225290451e-01
-2.867378706245212960e+00
-1.075746992960706638e-01
6.073388513747004502e-01
2.519713771086513621e+00
-1.552672382707532162e+00
-1.610075551960601592e+00
-5.115588752281362339e+00
4.137248943384488897e-01
1.095925247412031789e+00
1.534003831630761649e-01
5.303464112937210651e-01
5.864712152878153173e-01
-9.636181352585526660e-01
3.225106241036958199e+00
-1.496867151785519434e+00
2.394083723053233026e+00
2.335930213189869598e+00
-7.679493465057099510e-02
-3.763673165306527846e+00
-3.122115284434368920e+00
-3.821601676643063161e+00
4.471833219138658500e+00
-3.119525015933896986e-02
1.293611786322424739e-01
-2.685648962976799226e+00
5.235887264173692657e+00
-2.436454426922225469e+00
4.614693893455018348e+00
9.521898346086403730e-01
3.394927717292186009e-01
3.792309572355876846e+00
3.888386038188162086e+00
1.393445881246588636e+00
2.144332971189784942e+00
-1.265555203432048748e+00
-4.306452660950528533e-02
-8.058188416610886362e-01
-5.042856441098325648e-01
-1.747690878424901006e+00
3.893337190243463031e+00
1.970505500553992650e+00
-2.364592278158387378e-04
7.857099159240528152e-01
1.417744674079783884e+00
-2.237847285364836569e+00
5.788612957065943920e-01
2.942015546555470706e+00
-1.430644525569667813e+00
-1.043024792913623128e-01
4.749921400779487435e+00
1.200150183907075840e+00
2.358002362585034373e+00
-1.405744632792479409e-01
-1.491101177648635479e-01
