-4.175422214830427636e-01
1.927536022453607556e+00
-1.165316431792098761e+00
-1.442207229886610653e+00
-3.843036131834126068e-01
-2.677346666786769025e-01
-8.072733989249500919e-01
-1.718756856974396618e-01
-5.699815341053432460e-01
2.632205126135423789e+00
-1.521269704201828055e-01
1.057118878799702344e+00
-2.438872436985374481e+00
1.014049491806116032e-01
3.717143995929609313e-01
-1.188567011063346168e+00
4.680545072005782292e-01
-1.186373665102329111e+00
1.841012518893938577e-01
-3.296821523713600044e-01
2.054633154007430740e+00
1.880954327436903162e+00
4.658607865108898571e-01
1.005048158812270387e+00
-5.061924094855455580e-01
-3.089241055282734849e-01
1.732431483276160256e+00
6.408655140270567985e-02
1.384830076503758445e+00
2.473222156184949228e+00
-3.550833220627136466e-01
-2.230252294057007756e+00
-5.993248410547602489e-01
-2.154228962180692264e+00
-1.896524909148399329e+00
-8.549982839096288423e-01
5.303148526823441289e-01
-1.922262994306807471e+00
1.166376593318184884e+00
1.947684504493991886e+00
1.665855824188512635e+00
3.633939400366834049e-01
2.778734642557559198e+00
-1.804832622446063795e+00
-9.147663142737553210e-01
-1.039078524815035154e+00
5.111089774903819771e-01
1.104600325447216980e+00
-8.959191010829296864e-02
-4.661953769060770414e-01
6.637522176248621397e-01
4.540549618483581962e-01
1.359087853545470903e+00
-1.305421077852795930e+00
9.578850198895711987e-01
1.392510778807828364e+00
-1.371537519617341383e+00
1.185215889874026013e-01
1.719781854717326031e-01
-1.691917072824561163e+00
7.964303814351143540e-01
-1.032508313501095731e+00
-1.250764688352070442e+00
5.456284877680143142e-01
-7.702567916063554621e-02
-1.420802332031973592e+00
9.584840393959338511e-01
-1.276066534676572495e+00
5.205865228639874331e-01
-4.353836413182560761e-01
4.952529889996641899e-01
-1.594929878308802174e+00
-1.244069596098936303e+00
1.524932028646143412e+00
1.238248093628550484e+00
1.357208461057341164e+00
-1.041357758629300134e+00
-1.413658381681518472e+00
9.519099080653578016e-01
-1.397499551788998318e+00
2.371249411518968842e+00
4.652412982961096621e-01
2.079053839778230439e-01
4.933984160788902340e-01
-1.662247463666212566e+00
-9.561517840786319944e-01
-9.671598332138200416e-01
7.383650497955998038e-01
-8.154508829489124366e-01
5.886633216421840453e-01
-5.121036010955685169e-01
1.741432493256793168e-01
-1.117226395337525435e+00
-2.662017665756634344e+00
-2.439548181070099256e-02
-2.567475876596729822e-01
1.240581833034057002e+00
2.954287436467505135e+00
-1.531722676501207914e-01
3.306307491590729786e-01
1.769238930292103218e+00
-1.343724147239959421e-01
-4.500030481445930763e-01
1.563073866538832624e+00
1.368711476261016857e+00
-3.401791962465028352e-01
-1.238073614342354523e+00
5.286365154234778929e-01
-1.806403497427396587e+00
-4.894417580902446496e-01
-2.004035882786150413e+00
1.284881819045505358e+00
1.379967371115826458e+00
-1.427388670387765846e-01
-1.486530542004105060e+00
6.331764685639178492e-01
1.217111499998410062e+00
-2.095761673060090591e-01
1.176841670859229749e+00
1.035607444424505141e+00
4.380468178384715472e-01
-5.416889201162717882e-01
5.909052163887295039e-01
1.043267256601610127e+00
-1.461847910745533718e-01
-2.315935396842108140e+00
2.110666654397500563e-01
-1.778874984819503124e+00
-1.066598506607823627e+00
-1.584879905620880103e-01
1.353348723868756931e+00
-8.213525889359998278e-01
-1.047823960524422615e+00
-1.582564339008709409e+00
-3.214666550711823279e-01
-4.180276914686302248e-01
-5.216218898534508153e-01
2.119892422985550695e+00
-1.693151362367196988e+00
7.431169336127199654e-02
6.789430374221357145e-02
-1.801514025420597243e+00
8.036425554675247218e-01
-1.846970430935087337e-01
1.197338076524780970e+00
2.980048259588219395e-01
8.914156721850756693e-01
-4.480729749704066567e-01
-1.411818985727380626e+00
-1.139876120403671145e+00
6.533423724660689658e-01
-1.869788162700510181e+00
-8.806969631740246829e-01
-2.656710260013420033e+00
-8.088145593500285502e-01
3.913237035180780476e-02
-9.620870901299131139e-01
-8.294832397111308042e-01
-2.729032065775929272e+00
-1.794637145553092505e+00
1.717133168397024345e+00
-1.457460330612663668e+00
-2.272740028511952282e-01
-5.147426597454478336e-02
3.079811109604491115e+00
-4.305962892498618744e-01
7.370701084134959613e-01
6.121663767908147591e-01
-7.632603780573932184e-01
2.433403580202945782e-01
-6.595952280019578007e-01
-1.682591987278549306e+00
2.806294988073476659e+00
-1.197878147707878593e+00
-1.932394196105312156e+00
-2.034002141887730097e+00
-1.108921193545836958e+00
-2.379518745731484142e+00
1.877845995564897952e-01
-8.539672303048507773e-01
-8.414274754375079546e-01
-6.592280359757137775e-01
6.543493756294265218e-01
-6.540083160218960190e-01
1.478296077772311978e-01
-1.543459936426762047e+00
-6.696774644943187527e-01
-5.033074863102294794e-01
1.841677483623312073e+00
-1.157689630902625888e+00
-4.121255219893081856e-01
-2.284552893902258131e+00
-5.221747245827083050e-01
-1.205923427552079819e+00
-2.122075695498495840e+00
-1.908368021438161977e+00
5.764139727868446972e-01
-1.056837844090759093e+00
7.768137430277582967e-01
-1.755422805621234206e+00
-2.670153415574070710e+00
3.131805653057949668e-01
-1.444836267989224821e+00
1.960120239117726371e+00
1.380022495974734253e+00
-7.780667896313808729e-01
1.107610740225607460e+00
-1.349534222834909425e+00
1.516110666647566996e+00
7.157647873921155757e-01
2.763071968200602857e+00
-9.098242512502973112e-01
-9.004833521143593145e-02
-2.540364075319123671e-01
9.774996710531931310e-01
-2.248067926146446460e+00
-1.997871864482224868e+00
1.615536510269545145e+00
-9.959555028980826563e-02
-1.182429724120120706e+00
7.819828262747052783e-01
5.453266090011252842e-01
1.471308241690983509e+00
-7.431263253877112840e-01
1.968362353560840328e+00
-8.542409626930731470e-01
1.226617879757241569e+00
5.212700542979580298e-01
2.875281298612414327e-01
-9.102557053312574364e-01
-7.852182110179437569e-01
2.086498702929087568e+00
-1.136720535345320027e+00
1.900112910781500131e-01
-5.679573697068609484e-01
-1.285180327692147850e+00
8.661419390864527612e-01
-5.593185268550103680e-03
6.634699661869650766e-01
2.395985660259909444e+00
7.767742215935736771e-01
1.869072208870878438e+00
-1.711917416271515890e-01
4.283253950889952533e-01
-9.723717291972882037e-01
-1.687928533250493190e+00
2.858271040909902361e+00
1.559438107213273028e+00
2.674409340131852497e-01
1.320143330498715573e+00
-1.261591078823229573e-01
4.232981243811206190e-02
-7.444958924370288778e-02
-2.656072662709562104e-01
-2.028547220073736668e+00
-3.359813917440884756e-01
1.770430234208682174e+00
-2.759458313595503753e+00
8.210908785351003769e-02
1.211574595668162724e+00
-4.228413227599231994e-01
-2.227747622599754340e+00
-9.713017967231497157e-03
1.285257355340147845e+00
-4.680840667598143434e-01
