-4.108403722107231149e-01
-2.543575518540877600e-01
3.983267585418935608e-02
3.038309818934147311e-01
2.226733118001712197e-01
-7.610897247027069712e-01
1.621168261097191809e+00
7.686967541596200215e-01
-8.096460621441365912e-01
-1.016530796692289851e+00
6.261581910509123050e-01
1.620745854394469054e+00
1.019940896099990058e+00
-1.001568995947514251e+00
1.284968003767641975e-01
-1.948905764596232881e+00
-5.876638066325556853e-01
-1.949972408042180527e+00
-1.683350663719356821e-01
3.967023853586099102e-01
3.678612609308178905e-01
5.873731986685433171e-01
-1.144669800941425120e+00
-4.682685995503640397e-01
6.486181349098776860e-02
-1.024537401451701024e+00
8.931752359509008699e-01
1.123066830495532020e+00
-7.311185133708891781e-01
2.243812591753469476e+00
-7.924379710697402324e-01
-1.343749632985841824e+00
8.337566334876462815e-01
-7.846219607701596654e-01
4.857130839731903515e-01
7.415008515669538891e-01
-2.974152295400170343e-01
-1.140110866138527745e+00
1.078438639475045591e-01
-1.270149415816878458e+00
6.176448651993282635e-01
-4.715659752582364306e-02
7.858096471156755802e-02
7.172428790710787538e-01
6.760950292629748226e-01
1.575303394852748395e+00
4.685115172234531888e-01
-7.987255134925617117e-01
7.621836900643722545e-01
5.423592365214939814e-01
-2.624662203183231179e-01
-1.398396127920624510e+00
3.356635624597803513e-01
-2.155709783581976069e+00
-2.652651983528724888e-01
-8.033728633623995474e-01
2.459594921688098845e-01
-7.068639767571162705e-03
4.720388392380120979e-01
2.044840843981944045e-01
-1.810283180447635143e+00
-2.547777746195712401e-01
-1.544793520701964296e+00
-1.386402051653979006e+00
5.842339526325615040e-01
-4.889772140755127561e-01
1.155048880688801294e+00
-5.611757441208800046e-01
-1.314485313838473779e+00
-3.913210407101243016e-01
9.448038299273051610e-01
3.849090760916912268e-01
-1.168156565954265425e+00
1.247999208690086931e-01
6.165258317579227487e-01
5.704572963926325402e-01
-2.151693621663146594e-01
-9.078663026129887292e-01
6.870690150404148988e-02
-2.077289585017801365e-01
2.150484022984554267e-02
-1.024946577929634728e+00
-7.546356500914608301e-02
1.140454553496336454e-01
2.251453305653156323e-01
-9.609884999892568391e-01
1.028739478242643113e+00
1.107686209717275716e+00
1.088237402856638170e+00
1.572271688269951118e-01
-6.158035477524771706e-02
-3.480045074452900455e-01
3.223241114322079603e-01
8.547306914656559451e-01
-1.172814841622248805e+00
-5.337225247965730890e-02
-8.644254791674099714e-02
5.689427439022694266e-02
1.219459651209437556e+00
-1.062863402743607244e+00
1.656503632496836576e-01
6.427320714500445176e-01
4.882480345376870590e-01
1.170251748744057796e+00
1.803235115315980353e-01
-8.055102076158168201e-01
-1.444628551117740578e+00
1.351067972400050055e+00
-8.985533830681697864e-01
-1.123675184569439045e+00
-1.626629086044896200e-01
-6.121262891031289399e-01
-1.545174537418983807e+00
5.264926491973540568e-01
2.575231610523102121e-01
-2.219965531294301742e-01
-2.150322899224488826e-01
-1.490158283503725034e+00
9.947828720511949774e-01
-1.337702129898649117e+00
-2.867722678490192134e-01
5.994109099994398004e-01
-1.085600776255319699e+00
-4.280509187697401630e-01
-7.440825838389549807e-01
5.155139573479067955e-02
-1.225963951844669886e+00
1.148900852979747034e-01
4.754956205916797130e-01
-6.178334437677240887e-01
-8.072841366985462896e-02
-7.887099507776270668e-01
6.354003711196016813e-01
9.792331646528198430e-01
-5.173937682583942266e-01
-6.854567287503616768e-01
1.016643706810105963e+00
5.622179128774997814e-01
-6.831207129000766987e-01
-6.504209669049720866e-01
5.666134198963511670e-01
6.431934647319730303e-01
5.749005177043020609e-03
-4.490555149603832064e-01
8.279841611668404822e-01
-7.223839335788212468e-01
-3.921977357660737518e-01
8.046945516450172420e-01
-4.321684715730420567e-01
-9.723403783566384462e-01
1.831708649894936980e-01
-6.730928428904848770e-01
-6.641475955411363374e-01
6.823940468406825000e-01
-5.856688954630645538e-02
-1.666261515679681171e+00
-1.284061551444360738e+00
2.434026424903447394e-01
-1.588620190473496452e+00
7.547168319771017930e-02
2.663084970616164115e-01
-1.336846142630390588e+00
4.348858767376543311e-01
4.034900549795468749e-01
1.180544567241122333e+00
-4.627213137572327994e-01
-2.353076843724982437e-01
-4.546580685358844742e-01
-6.499584267107699764e-02
1.167012993588451897e+00
-6.645377846211159012e-01
-7.936520535371699436e-01
-1.175635501983189224e+00
-2.826446574645696264e-01
5.919999637099497836e-01
1.315829063008485678e+00
4.104573708297284962e-02
1.007406182644731807e+00
-8.631329411071925195e-01
-5.127430660367102710e-01
-7.125088894942840922e-02
7.986812333521552398e-01
-1.760276264326250117e-01
-2.185908232808539964e+00
-1.285761041354345435e+00
-4.208900082898116568e-01
-1.507174012110508832e+00
-8.730413719798542360e-02
-9.602108473356142371e-01
3.662065530065801156e-01
8.864492874538332234e-01
1.052367611931752434e+00
-3.581197746611753940e-01
-4.693405504701481101e-01
1.199945295948767310e+00
-6.750634653401594854e-01
1.408820969055199379e+00
8.486112188697380043e-01
1.097073236605390578e+00
-1.432422277150333656e+00
-8.083863096076342458e-01
1.492530444450809624e+00
-2.525757816277102163e-01
-7.243102835337944523e-02
1.017845854388321758e+00
1.120690804223997417e-01
7.220235476745672232e-01
1.028402209823478380e-01
4.221809108995226989e-01
-7.812669453350535864e-01
-1.130678561940253873e-01
2.404055107720673712e-01
-4.215629734371356685e-01
-4.256770038453934202e-01
-4.832288195955959931e-01
-1.954684805656079716e+00
-8.878242308347165934e-02
1.728824004963003258e+00
1.189441372292229904e+00
-1.134386073662046579e+00
-9.952181144664919987e-01
1.185517969447159148e+00
-4.231210832929142573e-01
1.495481924858261535e-01
5.389541950933659509e-01
-2.272709381574603560e-01
-5.604149511316200982e-01
1.205318291312401202e+00
9.040926958719974760e-02
-3.027562543760716762e-01
2.653435506958514711e-01
3.836090294610144946e-02
8.648358008897184535e-01
9.322974176625169473e-01
5.171496886351134581e-01
1.247523777111297694e+00
-8.962493090666033557e-02
1.513691805550994030e+00
2.586107220546878249e-01
1.542498841792278030e-03
-7.663457375864234367e-01
1.197300133864104554e-01
8.919923370266603646e-01
1.185838980684035926e+00
2.375534476697878927e-01
-8.487906090092739442e-01
-1.147835586938729113e+00
6.524769404222563463e-01
-5.688214833406979309e-02
-4.324179836022644663e-01
-1.151687751445704455e+00
-1.704884047140835079e+00
8.707561858895558338e-01
1.356509366496189362e+00
1.091913389374976395e+00
-9.336526717918623985e-01
1.252005736418638548e+00
-5.661404428629532859e-01
-1.727711817713003528e-01
-6.125553213295727856e-02
-9.300906749086857994e-01
-9.293480435664817074e-01
8.642728754718627115e-01
9.406503664361470785e-01
6.852137696884333939e-01
