-3.390280640793747469e-01
4.722601568807457267e-02
-2.826462180449654249e-01
-1.373765736587218289e-01
-9.584481820218951897e-01
5.269959625469464726e-01
3.566237091855701813e-01
-4.088388445754445599e-01
-6.628067072842662444e-02
4.486008954809940219e-01
-1.678893009093880284e-01
8.121489313305778612e-01
5.066529421585227455e-01
6.660956043244032898e-01
-3.895467814942709661e-01
-4.062148054851662526e-01
-1.062632212483550775e+00
-9.426545671854778818e-02
4.278419232487873369e-01
-2.682618856799932616e-01
4.542031462665241937e-01
-7.403927591613358727e-02
-2.526324620568091636e-02
8.199274102185002966e-02
-3.373483796489173958e-01
-1.104949052679800925e+00
-1.848927584635285115e-01
-2.333529701421418467e-01
3.107558024457923174e-01
-8.103640469711065331e-01
-7.685973000063467397e-02
1.247364202372082342e+00
3.596930759667170130e-01
-7.589610232204057061e-01
-6.609768966746182479e-03
-3.970931584320852581e-01
-6.166984536085755308e-02
5.164246213231511451e-01
2.230643340177918266e-01
-7.829997024631262237e-01
1.502977135169585310e+00
5.119209261961710222e-01
9.060776332536768507e-01
6.268459436780842164e-01
2.569538389600427020e-01
-1.479145327160654944e+00
-2.178738830655058967e-01
5.239489435846791249e-02
1.232623038024011963e+00
4.841880102934639218e-01
-4.601763754983958510e-01
6.055448792857088813e-01
6.347789620811729039e-01
2.094449521898189004e-01
-3.318945299926454595e-01
1.006683195706547185e+00
2.905129596825147265e-01
2.007964471716567889e-01
2.315695532357746056e-01
-1.248682617794387051e+00
-6.721710042756570691e-02
1.002769667380953411e+00
-7.762626000422155267e-03
1.270116576694196864e+00
-1.036973589708842583e-03
-6.925550836091304285e-02
1.531637757327918070e+00
1.407610693767581411e-01
1.943327269082583547e-02
5.434882308151989250e-02
7.704784437863758384e-02
8.413825471469033035e-01
-3.303294842343876825e-01
-1.266930083847132293e-01
-1.894407701517580589e-01
8.117836719828842584e-01
5.448628420960301144e-02
4.390993486211979685e-02
-4.441211854518645752e-01
4.868480992687592573e-02
8.003087679582104874e-01
-3.981134692110545048e-01
-2.443352319779758253e-01
7.655948916139249105e-01
-4.442283171680709297e-01
-4.586912873990805495e-01
1.142224955735439140e-01
-2.577196651011091633e-01
-1.379901286597931265e-01
-3.621725955428923283e-01
3.499775104610086118e-01
6.497098007128094821e-01
3.243347903241458607e-02
-1.566472091252421872e-01
-2.209701733164103343e-01
8.604691689500422180e-01
4.949482560919715168e-01
6.588059269457730016e-01
-6.923982352769776361e-01
-5.714186779630289065e-02
7.119706257368650926e-01
8.365622455951247927e-02
-6.623649534650337400e-02
1.991499299173070392e-02
1.528528594434421573e+00
-8.670529368913547363e-02
6.870639096847205307e-01
-3.264210030962166331e-01
-1.170395124636686601e+00
-1.012703396826614144e+00
3.645955009900774813e-01
5.005582358392914877e-01
-1.621409232136220707e-02
3.348374935754581672e-01
6.341146274234313873e-01
-9.004431262016129311e-01
-6.269219416723479377e-01
-5.586957294637227012e-01
2.624069038632551587e-01
-4.716555648064512107e-01
3.347945318863299602e-01
1.130322699237858684e-02
6.449337760401967490e-01
-2.553794122369111227e-03
1.508511809375208956e-01
-3.802877011853615929e-01
1.233376990593094913e+00
-3.544678532461278953e-01
-4.339512674907274742e-02
4.662086111483582651e-01
-6.376448149632487628e-01
2.898215294154379840e-01
6.542228313656497374e-01
-7.604500872101680464e-01
1.345470748640387626e+00
4.941669263663551748e-01
-5.484950694229674406e-01
-4.535023343731550138e-01
-4.989221653769687626e-01
-1.031002652698891131e+00
1.162253265118804585e-01
-2.619800296975721143e-01
2.775438929449814407e-01
9.989094347066609370e-01
7.094269014541024765e-01
-1.512689794697687773e-01
1.022155061024281997e+00
-4.469963276465888091e-01
1.645615083843068760e+00
-1.241960803676901842e-01
3.634164837750774035e-01
3.154955512969794262e-01
-6.781051718178668919e-01
-1.196866197055324321e-01
-9.786437070996532039e-01
-5.447412167542209360e-01
7.521314204838904782e-01
-3.759658964433504336e-01
-7.045840574020429958e-01
6.303827599769026846e-02
8.969918739989592993e-01
6.689077556046059136e-01
-4.187896338888926762e-01
5.145705934923686664e-01
-1.005848531023560977e+00
5.582065238629134729e-01
3.202549020495674137e-01
1.446777727549998227e-01
-3.766177809773389451e-01
-4.627995296065408048e-01
1.657042925240273523e-02
3.685574963439384732e-01
4.482148996178533240e-01
1.325955801801838585e-01
1.220913073078681299e-01
4.781480332395638966e-01
-1.014435825571764926e+00
4.153239073435056883e-02
9.718479574986452763e-01
7.611308614689490382e-01
4.126623586342880179e-01
-1.163757487115772982e-01
3.172395391812782295e-01
3.562356988163075666e-01
8.307180679568584303e-01
7.202514179762861679e-02
2.835427710388457867e-01
-7.374897571328277168e-01
4.036903266387790179e-01
5.921908493976272281e-01
1.572462965913892896e+00
1.452669229414553342e+00
-1.037005729905609686e+00
-5.913978548517946354e-01
-6.446416870892346385e-01
1.001445902684248379e+00
6.824820969821897565e-01
9.475192497059293784e-01
-8.874340303208038128e-01
3.137800494981586308e-01
3.867553779176589601e-01
-2.344974328324546387e-01
-8.962993451544634671e-02
1.157207219724055158e-01
9.075382674680401718e-02
3.668143111447519367e-01
1.829248980823700854e-01
-7.573845693037647431e-01
-6.118035763644671388e-01
7.255304402515415640e-01
9.860867773793646762e-02
-1.606483882669577923e-01
2.077634054034493694e-01
3.427694529680441748e-01
5.868640598842556066e-01
-3.675176300488161574e-01
-1.053650691944000989e-01
-9.840477670491959428e-01
-3.525241214316605087e-01
2.288812486930116019e-01
-8.366448600213686193e-01
2.560662758886687596e-01
1.475438640659295420e+00
6.058594421777590000e-01
6.868412702664855596e-02
-7.545885211481993815e-02
5.982602082140756616e-01
2.788209272298514119e-01
8.824098544417555701e-01
3.792980062402476760e-01
4.807905669581585273e-01
1.942275692845871204e-01
-4.531073447060781634e-01
7.168094840672098456e-02
-6.432169991935481335e-01
-1.302331731675453463e+00
-1.689656912579319270e-01
5.979250778160712931e-01
-2.219340931046837329e-01
-2.452700693976804791e-01
2.475204882519594363e-01
-1.033628165056745596e+00
1.093856907998635553e+00
5.713912685588259377e-01
5.329034717680897204e-01
4.759878161792502893e-01
-2.613290483012796761e-01
8.530243585460803857e-01
5.461580363814806383e-01
5.766186275383555077e-02
-3.354650453606253246e-01
1.491140873626055630e-01
5.607438118775109892e-01
6.501279499724571531e-01
6.427028836816669477e-01
2.522795130467328506e-01
2.567471924447982667e-01
-4.260022674127605935e-01
4.239785259079096105e-03
1.227560062548307851e+00
2.683388576339897358e-01
-1.842670440775730778e-01
4.893942781549826537e-01
6.047720799292712057e-02
-6.824815128823892296e-01
