9.305142238857283532e-01
-8.047449513503102114e-01
1.008466968317660806e+00
7.834331917060805006e-02
5.296934505663025705e-01
-1.444742682021773195e-01
-2.040834618755868468e-01
-3.505555149203973264e-02
9.716056054436480460e-01
-1.186763166640868866e-01
-1.390955069746396822e-01
2.662065805307351277e-02
-1.271559965071529241e-01
1.168264713347388906e+00
6.999487026045826399e-01
-5.155184816348505894e-01
1.031186943979858439e+00
3.598985845612831524e-01
-8.415374948270912814e-01
1.403222124315274710e+00
-3.239205993114407933e-01
-3.527134809431735629e-01
1.867628110464160940e-01
9.648568039578442335e-01
-9.550911741217761319e-01
-1.961835780942546015e-01
6.482916768524410456e-01
-7.905935768676668474e-01
-1.672123186955302154e-01
1.205720053582856055e+00
-2.035789072368795194e-01
7.513120334232975539e-02
5.719958645442080325e-02
1.360132522357478946e+00
7.492772349920119312e-01
-2.320220350663702580e-01
-1.060597813232112108e+00
4.896227339036646198e-02
2.401074742913452548e-02
-8.139789121356270085e-01
-3.408075273047122544e-01
7.937563590026409654e-01
-2.987902745889740586e-01
2.136578332186398921e+00
-5.150314930074336578e-02
-7.008864493916823479e-02
-5.723995868922562291e-01
7.123228766442454840e-02
4.198809474137604747e-01
9.367915657819454456e-01
5.946930618077358455e-01
-1.813347664622839694e-01
-3.554022535493818746e-01
2.144182667938984155e-01
2.989708240436980136e-01
-2.960505634008931408e-01
1.137950197972165789e+00
-7.499613790220843734e-01
1.679140605146027532e-01
2.675839391815019175e-01
2.183157283357849698e-01
7.341077573956219515e-01
3.115186446637212003e-01
-8.239792103634052678e-01
3.474382258215427677e-01
6.412972958145941593e-01
2.214061826555131229e-01
5.227088417034139178e-01
-2.419448963711753886e-02
-4.397257346796431543e-01
3.489021698956279449e-02
1.420379163876650308e+00
6.648599557647035807e-01
6.397833998981683479e-01
-2.086956646303758656e-01
4.534173559970907097e-01
1.178882885403946368e+00
2.943989505038504539e-01
5.723486537534021590e-01
9.341156795837771698e-01
2.654552345392094947e-01
5.737105516236372660e-01
-6.788681301164989357e-02
-5.106295531999619497e-01
2.443520539482675891e-01
3.882175510543667829e-01
1.082565882751809649e+00
-3.841957591360040114e-01
-6.053697073812855933e-01
1.712124484747584718e-01
3.760018774960569021e-01
-4.437863794280738627e-01
5.732160059589720413e-01
2.121349617441346536e-01
4.623946247903500395e-01
-1.705033413850462476e-01
1.193536623815334152e-01
-7.268575487885476916e-01
6.716876984787348848e-01
-4.202664449816243680e-02
1.364515886412726031e+00
-3.458810384597280629e-01
-3.210437161750857860e-02
7.768900307792213633e-01
7.792687155487261208e-01
-3.124392915180853603e-01
5.371008904362857272e-01
1.053084648543664459e+00
-3.769578585989712405e-01
6.228367997421981883e-01
1.672980938478439983e-01
3.818409456732251295e-01
4.594051354154659594e-01
3.765126041930557665e-01
2.970417749193328405e-02
8.860601310571517009e-02
1.393379135591860329e+00
1.124219698631684139e+00
3.345922265459170264e-01
1.083688016182038805e+00
-4.683872138939613183e-01
-3.653255992831612731e-01
-9.743055183088769056e-01
-4.757752593059481061e-01
-1.560879000160658725e-01
7.148183445292295435e-01
7.999219862264166370e-01
6.985962641289847896e-01
1.579835827391558922e+00
-6.850961763513013780e-01
2.175778560644662241e-01
4.363916600088184050e-01
1.561970901597152239e-01
5.119306248804816883e-01
2.990737632984022953e-01
-8.579614550676845086e-01
-8.716518904277008595e-01
-3.164568901220668473e-01
-2.889375396558436712e-03
2.917807214188077869e-01
-1.890496188817536449e-01
5.712850097941455374e-01
-8.710268455634008200e-01
1.898601003715013613e-01
5.833674549692905442e-01
-4.957560719118095371e-01
-8.894956548993702972e-02
-9.397946957035371307e-01
-4.468079613214210322e-01
-2.235483833517543928e-01
-5.526439884992389029e-01
8.381237656853827989e-02
1.796967659749546253e-01
2.979013278177600754e-01
-9.694680242750450261e-02
-9.778026793870918665e-01
-5.517672412136626070e-01
3.068626211677935589e-01
-5.289584109983354043e-01
4.416826964262446920e-01
6.262151099986968950e-01
1.006666236452487262e-02
-3.007367168882109643e-01
-6.878294259406793065e-01
6.456125262991403435e-01
-4.836021606731212841e-01
3.113331309531316426e-01
1.010783085151298888e+00
-6.204293321614877676e-01
-4.084188049432879164e-01
1.945274195289264707e+00
-1.576244655857611254e-01
-1.867334600247951837e-01
7.235901230862110678e-01
1.021285709698528610e+00
3.555283222464810655e-01
-9.204567203486362370e-01
4.810349808486261702e-01
-2.112224560423955899e-01
-3.337759897429964928e-01
7.177995842028200846e-01
3.648567341125099617e-01
1.132085131656513921e+00
8.682218997330194421e-01
2.108370305896156358e-02
-1.887363828652429409e-01
1.284386260841564820e+00
2.829000012655372709e-01
-3.306381185693229030e-01
-3.952295779142694365e-01
-3.143053751565185738e-01
-4.277849014377799741e-01
-9.053351748587377124e-01
5.438547507630810962e-01
-7.879718316021219193e-01
-2.101407680461608168e-02
-6.724754863189800203e-01
-1.777731294761713265e-01
5.346797313969474663e-01
-1.034061126461744307e+00
6.322191562255379260e-01
-9.182368846335825507e-01
-7.240988490483251105e-01
1.093812947610443898e+00
6.730745561712921932e-01
-3.535653787271164084e-01
-1.255391656000425238e-01
-5.772888053582557744e-01
3.843207642930305257e-01
-2.089984293244277758e-01
-4.233640711934074652e-01
7.992080809301166378e-01
1.753054632381804812e+00
-5.163194465154818946e-01
-4.148197735438609035e-01
-3.989325954111848649e-01
-7.775881303645598708e-01
4.691953675566583604e-01
7.955444991648951136e-01
-3.485983021868391263e-01
-7.369373382081467749e-01
-2.225958434497447291e-01
9.689445367032262224e-01
1.940086925824591191e-01
1.852057793523314566e-01
5.910186679545845756e-01
4.323197955363515810e-01
-2.414071415580217594e-01
1.054021546772609730e+00
6.217631552669754952e-02
7.347697379892187408e-01
-4.936279163039097861e-03
7.834643681262747350e-01
-3.736467055978954233e-01
7.977524342600074148e-01
6.191152207993515927e-02
-1.022705333412374573e+00
-3.276579326298464934e-01
-7.550942794450830886e-02
3.816522660963340141e-01
-5.965644310513584792e-01
-8.177851710294806731e-01
-7.489927033972808568e-01
2.633380820634618757e-01
7.713712025782351045e-01
-8.275354127025507101e-01
-5.848942740437942378e-01
1.138167198222581472e-01
3.685385226976866102e-01
-2.861010510885514946e-01
1.682663413294292476e-01
-5.736278131454348728e-01
5.058785778364828234e-01
3.459699659824013729e-01
9.642596891579572338e-01
2.334338346760503335e-01
6.865225056822290561e-01
-2.485922824545685680e-02
-2.864314239416966279e-01
-6.091062557543219791e-01
-7.056622791634097336e-01
4.699828679609479032e-01
3.187151509037595143e-01
5.657201941571120551e-01
-7.480842919251979861e-01
