1.393274745876885268e+00
1.086898722109883808e+00
1.440993758457535412e+00
1.115064894006832841e+00
-9.067518118360436974e-01
5.336844100027953175e-01
8.863335353836183650e-01
7.265873693056835725e-01
7.562358056447818777e-01
1.060693959054248570e+00
4.086470375209890205e-01
9.069338084882794249e-01
1.106569595788910121e+00
2.525532677083116018e-01
2.802222759139362251e-01
-3.592114266103547671e-01
-1.132008610950287819e+00
5.208064565443054628e-02
-8.825803807747496510e-01
1.199738107640934581e+00
9.309648778991356233e-01
-1.812711357317865757e-01
6.387768498694412767e-02
3.211677386740539042e-01
2.477050282486172039e-01
4.630586498766667836e-01
1.172159011146748586e+00
-4.226997561855888597e-01
-2.475462400211025579e-02
1.692508823312316724e-01
3.304305615563631338e-01
-1.694448708447685858e-01
1.363196977568763846e-01
5.720884953822179542e-01
9.161925858638994002e-01
-3.461898969614153332e-01
1.633861941214060920e-01
-6.591611126459033798e-01
6.622386502379230544e-01
-4.816480485603426009e-01
-7.235256460386074728e-02
-2.636894491797178719e-01
5.195877981065748497e-01
9.496102491982790772e-01
3.203248324811197589e-01
-3.155405358196000654e-01
4.254441811676756835e-01
9.857581005388798001e-01
-8.167574152535541643e-01
-1.421848456195000665e-01
2.102013411159438239e-01
5.378484548286623923e-01
-4.238214416882140623e-01
1.224271798585868876e+00
4.259983369909877693e-01
-9.957857413571470362e-01
-2.525260996712169748e-01
1.754149539652605228e-01
9.795366531831624091e-01
7.579997430292098048e-01
-1.256299578096850666e+00
-1.082659377351376850e+00
-1.496933939876833319e-01
2.653950837529452933e-01
1.337770985231212295e+00
1.037309345912553304e+00
2.069614244784273360e+00
-9.891910182576907351e-01
3.245797037761284365e-01
-9.138469727253691888e-01
1.278430358512439691e+00
5.171360175801710257e-01
8.136940798639765715e-01
4.108448633345404000e-01
-6.725175600709339951e-01
-5.965087514766355126e-01
-3.246034238030018337e-01
-2.090270302330189622e+00
1.443016644535162873e+00
3.175198647593527324e-01
2.626185595957772900e-01
-8.016633398393188115e-01
-5.472143582194901601e-01
-8.038454923740215308e-02
1.377306660824771101e-01
2.926561520876845290e-01
-6.479664344854977331e-01
1.077612419957520107e+00
-8.708989020588422392e-01
2.580871577401894212e-01
-3.580523880749263421e-01
5.349529493518990764e-01
-1.124766036796312069e-01
-2.941362999178087807e-03
2.583707808766613767e-01
9.555442153299958941e-01
1.101324104004612892e+00
-5.194121816404210223e-01
6.911586960779170230e-01
6.256202062769433692e-02
6.753240438489103159e-01
-4.847572970748163512e-01
-6.716604510187990096e-01
2.467954763597616230e-01
-1.010338561835063764e+00
1.245194965471208282e-01
2.773963908466515506e-03
2.082395658944863059e-01
-4.836646610117604356e-02
3.289025364426095832e-01
1.425397290495725514e-02
-3.613598742853899592e-01
-5.434625464283531215e-01
2.545096584656729166e-01
-1.572488139793242201e+00
5.218298832558037059e-01
-5.620546265603191260e-01
6.547049401266600288e-01
-1.931807283270405573e-01
3.398686786683915995e-01
-6.417987405139690127e-01
-1.094148886508768292e+00
-8.053316720282209795e-01
2.157188179657528460e-01
6.924619175227598733e-01
-2.228700045173215849e-01
-2.511357938853197025e-01
-1.526194955718443547e+00
4.838819805485827796e-01
-2.284549091656419839e-01
7.543486479818546642e-02
-1.872620371858780414e-02
-4.969998549570601165e-01
-6.633840087997120438e-01
1.137935542908034003e+00
-9.205329998240701084e-01
-3.053149736927574520e-01
4.072840096667392773e-01
2.347061338417762710e-01
7.327148167494743625e-01
-9.220426069710806471e-01
-8.645484867910092630e-01
4.325637304548092255e-01
1.343644630315648847e+00
-1.754740342437062228e-01
-1.058322047127526977e+00
1.520543811635130860e+00
8.693675607007013140e-01
9.571806425547347841e-01
1.000568103546842336e+00
2.923897148870533425e-01
2.513359003330900010e-01
-8.667262006539826480e-01
4.664564565663591456e-01
5.249105715101323177e-01
1.386257646187754933e+00
-1.113971120401005654e+00
8.123672263354412282e-01
5.972455529492613768e-02
7.403854482316716279e-01
1.233900519919351457e-01
-1.932380867072119868e-01
-2.215783420276295490e-01
6.016228581615513660e-01
-1.244957950616503578e-01
-7.584623681888928992e-01
4.889599850701664696e-01
-6.831782596064678303e-02
7.519921981395163435e-01
2.683780794434883349e-02
1.347221325141165549e+00
6.194392834663516867e-01
4.802717099933894174e-01
6.525288597652511013e-01
1.911206581552674644e+00
-5.093220915135876492e-01
9.866836431968514232e-01
4.414377027050738200e-01
-7.283392049482694253e-01
1.446034819714595354e+00
8.151933898127631251e-01
5.353698125089638715e-01
-7.898215701712536507e-01
1.911360022178801299e-01
-1.542457474622629110e-01
-1.486622897422647416e+00
-2.362767680114119528e-01
1.293144425468799374e+00
1.226817930487717201e-01
-3.221887775407427656e-01
-5.090430300273277586e-01
-7.143498324485068052e-01
5.191787435911296988e-01
9.437513472050161889e-01
8.001495185056196613e-01
9.780761879719938046e-01
7.666018186040347571e-01
1.268334010491267483e+00
-5.852967805362908026e-03
1.589688409163592386e-01
-5.010110206068186800e-01
1.683277788228245697e+00
9.293115612052569308e-01
1.136493516162222939e+00
9.659696272306367293e-02
-7.065596197289616409e-01
-1.035756142379420375e+00
-1.247562724607337720e-01
4.752049160973517879e-03
-7.646514264283447160e-01
1.110617704798790850e+00
-2.546292381124349857e-01
1.528336831054922351e+00
-5.898516635666849472e-01
1.225674751890641345e-01
-1.559708166284954345e-01
1.357404703967051374e+00
1.690726096560875691e+00
-1.100174451358547856e+00
9.602303918205666589e-02
2.453342291423662724e-01
6.553165677704501091e-01
7.707183665011101414e-01
7.226376260860510881e-01
-1.936333243317948094e+00
-4.304306542253479306e-01
8.257751336758272220e-01
-1.836216054700850683e-02
1.426836277925241037e+00
8.539061345640645007e-01
-9.129663980086126784e-01
-1.095950632378601908e+00
3.160889615220501270e-01
3.326823633705937588e-01
4.642917241222158653e-01
-3.521055908582446103e-01
3.454161464239487445e-01
-8.624868849542889349e-01
1.622908753083362576e+00
7.849717949949652773e-03
6.701130870526675332e-02
8.789175535504949455e-01
-7.880501463799369777e-01
5.065800222489672544e-01
-3.545751494417097027e-01
-1.032953525476388190e+00
-2.660967887006142063e-01
-7.468360475044319990e-01
6.569329541456480070e-01
9.213338516177782545e-01
-6.701528269487394551e-01
-1.466015387460472663e+00
7.816374880160256167e-01
1.151801737021666439e+00
-7.478055389948276011e-01
7.627925506114801024e-01
9.034923021447893721e-01
1.370784000703898275e+00
1.435505865807790993e-01
-8.159222430741434884e-02
8.819735544324350807e-01
-9.522809874010054187e-01
7.020595849065591754e-02
4.551624121704535009e-01
-3.820701827139908469e-01
