-3.345292069444404937e-01
-1.265378428113754783e-01
7.018494358726615756e-01
4.467180041534454110e-03
1.207640288028977604e+00
-1.276770994860080277e+00
1.710853728273193042e+00
-1.366576807918872039e+00
-1.549460929065834103e+00
8.497064895810868546e-01
-3.374187760370481182e-02
7.197450558385948272e-01
6.257733827416789296e-01
6.619510664735965833e-01
3.897483500614662422e-01
-7.144492688750507803e-01
1.823758265457228855e+00
6.982821217689133553e-02
-2.210686781665629930e+00
2.681038347732027649e+00
-2.515213726845260123e+00
1.226679458119115607e+00
-2.993954239829575315e+00
-1.316794623285055144e+00
5.074987551132554842e-01
-4.856340674771937871e-01
-2.083902744723918232e+00
-7.449577416873833791e-01
7.798986922102789654e-01
1.215774002772550322e+00
-1.966428759670145077e+00
-2.870290664463169272e-01
-1.287714607594176552e+00
3.199299173587363931e+00
-2.458026105120780791e-01
-5.619309346761739432e-01
2.743841265187277889e-01
1.782653900846155270e+00
-2.394527184935459907e+00
2.524182202881689818e+00
-1.606614316267202636e+00
5.846971904989887170e-01
-1.180637706495758499e+00
-4.645916781695214048e-02
-1.723615981010193199e+00
-8.871584123497032737e-01
-2.059534294992050985e+00
1.916026706821961356e-01
4.750323844126338457e-01
-8.831469425263468315e-03
-1.168650056978097318e+00
-2.104002978417319092e+00
-1.641807557220182012e+00
-1.567959091544622874e+00
-5.714600164261148668e-02
-4.520395798554506794e-01
-1.809584962774344108e+00
-2.422596956594910145e-01
-2.397608893793990337e+00
-1.004566813291550842e-01
-1.046213548258831061e+00
2.956010629639933107e+00
1.243671998292619874e+00
-3.597341220243662541e+00
7.663670371686196470e-01
-6.348755869692310760e-01
2.710115503851207919e+00
-4.402113138865502984e-02
-7.537587333697297609e-01
1.773295428321048695e+00
2.842245457696582545e+00
-1.493828533682699300e+00
-7.028598996354297190e-01
-1.631908224963172227e+00
-6.220696303918532566e-02
-5.516630694313079397e-01
-7.617439328787147801e-01
-1.369540754626801915e+00
3.066972448150553809e+00
-7.150080194902818098e-01
-2.258822968486035254e+00
-4.511122273285150808e-01
-9.637793358253532450e-01
1.806272396810145953e+00
-2.271899764155921542e+00
1.331789718073179973e-02
8.230845314898442844e-01
7.232853101473167845e-01
1.025366216351013327e+00
6.988497593834759325e-01
-9.362894150675592497e-01
2.514654543114293039e-01
2.488731189055056525e+00
-1.126367439857893782e+00
6.959855553343307077e-01
1.409041562434759864e+00
-1.427099232980487242e+00
-1.611628056896382777e+00
3.798091064551661344e-01
8.594327942502304474e-01
1.228852440277312885e+00
7.741582311286139273e-01
2.382137234689450711e+00
1.328858382879237077e+00
-7.237983075465527216e-01
-2.029586455328856065e+00
-1.772903956645302426e+00
-7.635202075428052515e-01
-1.775883797237072015e+00
5.606709649502713555e-01
7.330475221163776367e-02
-5.798458159683866908e-01
8.699866613933853188e-01
-5.111070729132718427e-01
1.243388060988348753e+00
4.694256611875176066e-01
4.336472665608142041e-01
-1.762479550570087872e+00
-1.553256550820501403e+00
-7.263209814698912137e-01
1.486657587722927776e+00
2.218599403890896937e+00
4.835328168164286511e-02
2.651757804743593017e+00
7.352871236671915112e-01
-2.637073643908868892e+00
2.377927446772650999e+00
-1.271897444897367224e+00
2.305124247418787409e+00
-1.213512517288096060e+00
1.151655365734279846e+00
-1.964376680937823139e+00
5.161342515727863622e-01
-3.916152114531078476e-01
2.971545171535971530e+00
-2.236781997374916564e+00
4.489504033137372563e-01
5.461336623347482488e-01
-1.516467227008321927e+00
-1.868943793628309979e+00
-3.236123426429801664e-01
-2.970773583999452017e-01
-3.927887334152523335e-01
-4.951600405929300619e-01
-8.663204612787440695e-01
-5.444006247333232906e-01
-1.853123541062942081e+00
-2.263981396972993831e+00
-1.748665752317432598e-01
-2.115013747033157365e+00
5.697217714058387950e-01
-9.089269446998207158e-01
1.428404488599286370e+00
-1.356539124988132894e+00
-1.968896748716886247e+00
6.805308370034721666e-01
2.827928458181665938e+00
7.400115166791523258e-01
-3.239181167699555774e-01
-2.136402020140607816e-01
3.290478330305176002e-01
-2.589925097661110787e+00
-1.478010005155719897e+00
-1.092228689184471691e+00
-1.846808416981939427e+00
3.404906074109341763e-01
-1.453578069262300154e+00
2.160165289253999532e+00
-2.326798254885432460e+00
2.221615358078896207e+00
2.335281195236830865e+00
-1.638507931852609456e+00
-2.102636332332499247e+00
1.720046215296348935e+00
7.764480063661203246e-01
-3.847823499742719644e-02
-2.955203812310217337e+00
-1.514096398674741106e+00
3.120754720807956129e-01
9.217540275958173712e-01
1.985859885928788482e-01
-2.124825471426844636e+00
-8.779122055207547182e-03
-1.873158068051592240e+00
-1.408506919414367564e+00
-1.925882120721266189e+00
1.093669015386295795e+00
-7.763781760390061626e-01
-2.532860628172219464e+00
-2.045485176147058493e+00
1.011217972751386807e+00
-2.402761684967112732e+00
-9.168120516216494709e-01
8.293658394975150783e-01
1.075299759557116486e-01
9.518740683817272785e-01
1.395191185178316751e+00
-4.249892609117336129e-01
-1.062553989724809300e+00
-3.076936832919825449e+00
-4.707415438619380610e-01
-3.305087877695192522e-02
-4.969519521010771212e-01
-2.877880586769171467e-01
2.419113007706957141e+00
-1.769953900248713907e+00
-2.315073108394949397e-01
2.167025886366888976e+00
2.573756820664750977e-01
-1.159928742598521079e-01
-1.494196290262346460e+00
-9.120683002592123723e-01
-7.167915256499769461e-01
2.840172103760597366e+00
-4.612444895594981498e-01
-2.746232831699984001e-01
4.535094362557642866e-02
6.143084194743533288e-01
5.534056282441409680e-01
3.526556569719600187e+00
-1.312933727433161835e+00
-2.385880209702179178e-01
-7.259070737843318355e-01
1.178928533793740518e+00
-2.034949899057228340e+00
-2.326713567710115615e+00
-2.083462307601184449e+00
7.729056719080683591e-01
4.354829272968321341e-01
-5.051978157230168076e-01
1.128822102406000338e+00
1.083570697941677929e+00
-1.659189550766249743e+00
1.565308217373525990e+00
6.986422581759401673e-01
-2.653690016106498573e-01
-2.953456627697518488e+00
2.583167848974132763e+00
4.318225340435993265e-01
3.193593081600076822e+00
-2.070079266854004008e+00
1.241619324226636234e+00
4.402858547588631710e-01
2.161373295594792854e+00
1.527498529501532420e+00
1.757013119199053897e+00
2.418150146240226839e+00
1.069617313660984337e+00
2.275527869668995340e+00
-2.002451766293511515e+00
-2.073725933224248141e+00
1.187538776950104902e+00
1.780052117021667435e+00
-2.209176560927467170e-01
1.177634936044286373e+00
3.609375158150950336e-01
-1.125650126534082585e+00
2.990360084676277896e-01
-1.462594056657138486e+00
-1.674972515620944291e+00
-2.697427225014316754e+00
1.199709609250155573e+00
8.597043953806775551e-01
2.272776284806630465e-01
-2.894860526259168121e-01
