-1.020460005116722524e+00
3.468565637186024619e-02
-3.763548367958815533e-01
9.986698824934492347e-01
-1.532742348669995813e+00
2.618348596566320574e-01
3.022813493220517095e-02
1.059705160475440611e+00
-7.685606505298248070e-01
-1.001755630762418026e+00
-3.439430721955706538e+00
1.129963967051930973e-01
1.441271937220701904e+00
-1.506609556225089630e+00
-7.816587477728947908e-01
7.726847967612736623e-01
-2.233101260477366790e+00
1.840367132974100040e+00
-2.628741025898437833e+00
1.076185139064123053e+00
-8.672559691156920270e-01
4.197223504903067060e-01
-6.445978092464421660e-01
7.198509392152594444e-01
1.025575730705126976e+00
1.333745033778175326e+00
-2.461906993157184420e+00
-2.054753939450455480e+00
-1.577515631361966486e+00
2.535712357457437172e+00
-1.348451102566291748e+00
1.301901052179003315e+00
3.666382816033793568e-01
2.191956825859008084e+00
8.880318424307288572e-01
8.516501473366672181e-01
-4.863819818495913605e-01
7.677606542341506302e-01
2.304467735188862942e+00
8.502346953448646216e-01
1.095779692563038539e-02
-4.509516319275774787e-01
1.776649616210522753e-01
6.556788234600748888e-01
-1.829765103853917552e+00
-1.658544121737557830e+00
5.393751106792439298e-01
5.414906096239627264e-02
4.711980531452172882e-01
-1.710951397554566933e+00
-6.472586251313295902e-01
-7.606762751877759188e-01
-1.968371831765547419e-01
3.897212270693166669e-01
-5.936715767138197458e-02
2.259248585385164806e-02
5.517551023337277094e-01
4.509222973039949678e-01
2.260748302146679212e+00
1.858899788733765712e+00
1.942434631899326858e+00
1.131183608479384040e+00
3.001349218548473807e+00
1.893416272606468720e+00
3.069371087381255747e-01
-2.360641323464854613e-01
2.738000573233989599e-01
5.179252807895869948e-01
6.934847358532166828e-01
1.269034500177700586e+00
2.540401129817235759e+00
9.158858726772126646e-01
-1.737562721852889513e+00
2.084276557286849574e+00
-9.706266168630488522e-01
9.891226738672611596e-01
2.125312838384662228e+00
-5.567354122135504957e-01
1.761952547878615993e+00
-3.039545492868647725e-01
1.192656716938907735e+00
5.016888160903284349e-02
2.490690928848852792e+00
-4.608116679073794852e-01
-1.103237907692688063e-01
-1.111726676307993378e+00
-3.196309611462000433e+00
1.320422696380504357e-01
-6.878022944564681218e-01
2.167975827265043343e+00
1.050599898869625237e+00
5.940091590877871752e-01
7.889366364999730319e-01
-1.553572677579468930e+00
1.933149556999819996e-01
-5.971016584521585679e-01
1.883115751941124350e+00
-2.578830601658685495e+00
1.104689116729672627e+00
-1.217289863491515245e+00
1.307761917744046265e+00
1.698609530361889330e+00
3.001458793006823722e-01
2.300210466845022950e+00
-1.326918567939040283e+00
-6.390894045913523280e-01
1.292350653212215317e-01
5.391863668696121881e-01
1.318361625343265287e+00
-2.549114519578246085e-01
2.356739842532294404e-01
-1.123826014851238675e+00
2.607527127873301431e+00
1.271100437841249375e+00
2.368349167052810955e+00
-2.291045793852775514e+00
4.730867918883110979e-01
1.917460973707924843e-01
-5.342685685597564627e-01
-1.126119726262044818e+00
-7.870529951108182765e-01
1.107468830286249206e+00
4.046045618205524885e-01
7.812562028403108316e-01
-7.019966690840543366e-01
1.477693041995866041e+00
-2.716952172012546907e+00
5.319697055833342292e-01
-4.398465784227625908e-01
1.432656712604851279e+00
2.341157754514196776e-01
1.153384818173076143e+00
1.547252619273473462e+00
-2.228787522769797746e+00
-3.273792913211121647e+00
1.666545888685366572e+00
1.949755521923938195e+00
2.784424812391666837e+00
-1.344470457781532069e+00
-2.417957888994694216e+00
1.609869664781828691e+00
1.562885743106425585e+00
-1.531919889627303855e+00
2.078749975579052389e+00
-1.230089873877010964e+00
-8.124470700380754806e-01
4.685704296993254414e-01
1.831144520970386103e-01
1.184578428759591046e-01
-2.357638937076566688e+00
1.218935289380568721e+00
-9.971286777456235262e-01
-4.676805522610557597e-01
-5.031012320774365110e-01
-6.121524743429924698e-01
6.355614291685962591e-01
1.358332630383036310e+00
-1.199585995333664751e-01
5.678057122450068661e-01
7.935721511354989488e-01
-2.976794216877300947e-01
8.369607805329918326e-01
-1.918755295522359405e-01
-1.673513419493904142e-01
-1.051820660327680734e+00
8.944679565109844854e-02
1.159236413194161708e+00
4.483498025326537739e-01
6.534396096956901490e-01
4.849496066529306870e-01
-2.721350751267312962e+00
6.721031660491091353e-01
2.448710860375815646e+00
3.030777102992240346e-01
8.934174749324573783e-01
1.653831962481275397e+00
-1.219998083835118208e-01
-1.596821764610245165e+00
1.956030428395261422e+00
2.085299690388807470e+00
-9.224128828821159809e-01
-8.071043279281099325e-01
-2.390483348970066313e+00
2.706804597135834989e+00
-5.599843517024609696e-01
-3.273622504946825718e+00
-1.028504364903187973e+00
-5.889143822153858343e-01
-1.430856766507692113e-01
-1.243301299905051005e+00
1.830479988884246900e+00
-1.106018161698398283e-01
-3.056224430766971145e-01
-1.361732809926935683e+00
-6.353053133250714524e-01
2.832167304737379432e+00
-7.588597294238428326e-01
-7.206041038519277464e-01
5.586160501379957566e-01
1.639213744434955267e+00
-3.675123026463207876e-01
-6.497422283395201115e-01
-7.816226404526542826e-01
1.686777967343194629e+00
6.683972456012703400e-01
-2.250433284398785094e+00
-5.844158615403742818e-01
-1.504357831172946414e+00
1.687824531290369467e-01
5.230198678792868927e-01
1.740973502437931919e-01
-8.306972099480887106e-01
1.953928419792986260e+00
7.133380868955407905e-01
-3.294881477016927462e+00
-7.553353150631365587e-01
-2.786356551572712448e+00
1.556001300745658122e+00
-1.167070665617316871e+00
5.122729580624345580e-01
6.131140123035643263e-01
1.130565329297253729e+00
2.063106916754601228e-01
1.812678236934745168e+00
-6.224236737691145327e-02
-2.869888824320617204e-01
-3.185478839698252518e-01
2.885673289955124621e-01
-3.758242609835860115e-01
1.637829316656837619e+00
6.927998063233731241e-01
6.028188869950731332e-01
6.949274958873605593e-03
3.476723520476138418e+00
-7.051281589800243443e-01
1.944488119406387217e+00
3.491932157947001403e-01
3.196798624363333952e-01
1.415950195957359936e+00
1.074763438411481253e+00
4.071086024376302515e-01
-5.200959335174645815e-02
1.198379040795938710e+00
-4.081072834661704229e-01
3.675011594093072209e-01
2.312116122384128003e-01
7.375003093191691006e-01
5.634396037695234005e-01
1.612582454712007562e+00
-8.743344059610027585e-01
-2.509874952735303477e+00
-7.828453878618243378e-01
-1.063854285436998781e+00
2.157639509881284834e+00
-6.565094649299855201e-01
-2.831287177325992221e+00
9.467116029577582470e-02
7.421795121345510227e-01
1.042708217287884459e-01
1.581281352720428135e+00
-2.767291981010709390e-01
-7.057229959775755956e-01
-1.018105071170775977e+00
1.103332887152044806e-01
1.188352543885934587e+00
