-1.018451292980691036e+00
3.800320010351481564e-02
-3.765420187588679468e-01
9.275082085194439330e-01
-1.553139294368458545e+00
2.649321633937270493e-01
3.777220884864454509e-02
1.062632035867041136e+00
-7.663577198372955035e-01
-9.941042241427900938e-01
-3.425069735273185589e+00
9.960321944456931864e-02
1.451679282965033790e+00
-1.506577450690202324e+00
-7.835639349920252572e-01
7.721743878307085751e-01
-2.234673395711520794e+00
1.839997482473729296e+00
-2.651430503379089920e+00
1.008487791260055610e+00
-8.645431643905631125e-01
4.487039282962740350e-01
-6.248609689994795158e-01
7.320008508431774530e-01
1.024249825039913242e+00
1.335356593589937635e+00
-2.458663237379815403e+00
-2.061099520630725213e+00
-1.568538701323461515e+00
2.535860874379735730e+00
-1.386265748495912664e+00
1.303475852061424467e+00
3.676549457857009595e-01
2.191806295991318709e+00
7.167544660426552472e-01
8.522182680340009142e-01
-4.796594348175491351e-01
7.668285613451276683e-01
2.308642088264357906e+00
8.391586153264124492e-01
3.980808682473481463e-02
-4.517397086099086967e-01
1.723867662121088273e-01
6.482106374652935044e-01
-1.823964822660495866e+00
-1.657651719799304812e+00
5.580007281297552080e-01
4.362841295257904178e-02
4.830738733586195099e-01
-1.885758275051669930e+00
-6.343980361423777747e-01
-8.010394695874695214e-01
-2.031019090485972900e-01
4.026207712653311344e-01
-4.191522688824321496e-02
6.779098017394875886e-02
5.513748025740512482e-01
4.509550935712673958e-01
2.208633464157776061e+00
1.904634706408594447e+00
1.940941223312002917e+00
1.133035203607466901e+00
3.005956620515260802e+00
1.926396345582332748e+00
4.262452733952086237e-01
-2.464719293757864915e-01
2.641390461693859382e-01
5.206103983724172934e-01
6.960247613482151152e-01
1.255918944961855521e+00
2.539972883373460721e+00
9.166619716773721782e-01
-1.739640984695927317e+00
2.121562894476434202e+00
-9.665817384285582126e-01
1.008645288995859923e+00
2.128716358010072529e+00
-5.655294976931344308e-01
1.764577836997085258e+00
-2.960437124276193988e-01
1.195971633999638239e+00
1.647511526934232820e-02
2.489811618893006173e+00
-4.547400850508315773e-01
-8.410434076106389212e-02
-1.103022917094701461e+00
-3.194643203705367362e+00
1.378507466487566557e-01
-6.809730105464136818e-01
2.210768022905545749e+00
1.038284035398814753e+00
6.069238696856729121e-01
7.986485437694936795e-01
-1.591047994703129076e+00
1.967991049453338137e-01
-5.935741339247315729e-01
1.885729851241242594e+00
-2.581028692843138295e+00
1.098335504542088392e+00
-1.216221813011334918e+00
1.305004595796717570e+00
1.694562246428174213e+00
2.998169436544976252e-01
2.299862211237460929e+00
-1.317085136222189590e+00
-6.388568827727741928e-01
1.186678253251546716e-01
5.015490691502767495e-01
1.316526541560213426e+00
-2.516356611641986096e-01
1.984644121908432646e-01
-1.123938319246780670e+00
2.597862316951780937e+00
1.281860945379271755e+00
2.369432313496595999e+00
-2.284495824342576586e+00
4.643377206838116278e-01
1.917617191557890732e-01
-5.315566458258663696e-01
-1.079374142232615297e+00
-7.866129515126335514e-01
1.110153520337506139e+00
3.865609074846797499e-01
7.745276314882280078e-01
-7.078589036930885703e-01
1.523967838711936418e+00
-2.721194817811498190e+00
5.311783682713047128e-01
-4.306073394980613478e-01
1.448876293900005052e+00
2.350112997733768139e-01
1.151793496635258318e+00
1.542932265876051812e+00
-2.195936848050322521e+00
-3.277012270483462775e+00
1.668803924635362090e+00
1.903960892399209071e+00
2.783690850774657832e+00
-1.346018044646948741e+00
-2.419043418205311102e+00
1.610146105075600076e+00
1.564691264300886120e+00
-1.536365215095956360e+00
2.079577579644847685e+00
-1.232577083794807571e+00
-8.129166048593783334e-01
5.049450772475803095e-01
1.870512005785832932e-01
1.300344573867025233e-01
-2.351925067726138519e+00
1.219767442167593252e+00
-1.011078250353984354e+00
-4.949533421665206490e-01
-5.013178065521458615e-01
-6.166249040999278730e-01
6.321278803342746944e-01
1.343965288146312442e+00
-1.179491284591357297e-01
5.700643527340500949e-01
8.104271779080469695e-01
-2.996517521436256049e-01
8.290412181703540329e-01
-1.980138533492510344e-01
-1.966180816230981288e-01
-1.054770142382577713e+00
1.232889606379458380e-01
1.157082877950165178e+00
4.684584567603520822e-01
6.550795469284274031e-01
4.829012229237180098e-01
-2.755844470199024787e+00
6.700397448083798002e-01
2.342374525578938993e+00
3.029932450673012978e-01
8.782653713588656208e-01
1.640954122416066197e+00
-4.154253655789388183e-02
-1.592894046597494784e+00
1.956512834354108277e+00
2.084433144492877865e+00
-9.097067575397984607e-01
-8.356686786388839439e-01
-2.392612988274151142e+00
2.668659804862152374e+00
-5.752791719989728270e-01
-3.273752493964406263e+00
-1.024153043737208835e+00
-5.889521171814672273e-01
-1.484280461564709552e-01
-1.265242157156424962e+00
1.829947708163415010e+00
-1.046151516158009831e-01
-3.054075759360285747e-01
-1.358498551813408950e+00
-6.349848927393599851e-01
2.829272998346993973e+00
-7.914336579702144769e-01
-7.174943212178495067e-01
5.003809062911893646e-01
1.652546403259235186e+00
-3.594623083495334659e-01
-6.491753445841363934e-01
-7.836240037954187443e-01
1.674192090338470384e+00
7.526788195707287965e-01
-2.249336669715258807e+00
-5.866893445614982383e-01
-1.501392083276130718e+00
1.713963176289661494e-01
5.234339061939553561e-01
1.743187539630296767e-01
-8.287225486165493704e-01
1.949810342427268806e+00
7.109828858360873749e-01
-3.294867323430736405e+00
-7.467280690210765792e-01
-2.865686374168266326e+00
1.554006902578855431e+00
-1.180201549867543553e+00
5.116937528377162314e-01
6.138760289581585150e-01
1.131429995733222338e+00
1.972555778703159457e-01
1.817780622364220333e+00
-5.324504439219513580e-02
-2.839562575770697150e-01
-3.195599526459195761e-01
3.021508429928573269e-01
-3.756036927987202456e-01
1.638760789802742757e+00
6.839364013075136528e-01
6.030307426008942873e-01
6.587460130863726816e-03
3.476011109696964141e+00
-7.055651994684335460e-01
1.934216460261443782e+00
2.997936545736729075e-01
3.035985679259650682e-01
1.419151745658002728e+00
1.074434847243723068e+00
4.066722213049554502e-01
-4.965931106186759203e-02
1.195526298173769320e+00
-4.463347227341783463e-01
3.705920301505600811e-01
2.438879054717668637e-02
7.340532500128772453e-01
5.633189315221985849e-01
1.611071068087587044e+00
-8.650065228860386313e-01
-2.510926354653383985e+00
-7.848930866555989816e-01
-1.062341937844964779e+00
2.164190757672404875e+00
-6.821644613793306222e-01
-2.831920145580857806e+00
9.324034971992174736e-02
7.409389369643757384e-01
9.039247561118328445e-02
1.587253970427517702e+00
-2.729681461136671539e-01
-7.050776354623191633e-01
-1.021884711754109221e+00
1.058214623107919944e-01
1.188858006914588428e+00
