-4.276060300540954762e-01
-1.300398094417528072e-01
7.741543973778638454e-01
2.508466621314093745e-02
1.200818506902884941e+00
-1.265354375538970899e+00
1.651942114201087497e+00
-1.767056406440528082e+00
-1.479834020824204233e+00
8.673681624941129709e-01
8.617545080507382771e-03
7.899511263260383664e-01
3.235746439108048711e-01
6.999928310177703228e-01
4.388912938289685206e-01
-7.728520539341778850e-01
2.148914059895421058e+00
1.083739267232667475e-01
-2.219712342351164658e+00
2.709138182277555540e+00
-2.245006747828094618e+00
1.302904000891107916e+00
-2.947459662150988979e+00
-1.301482499890916245e+00
6.261093240856011599e-01
-6.953954256375725063e-01
-2.054596806917039498e+00
-9.623586331162014007e-01
6.177942712819826099e-01
1.636946156426241084e+00
-2.135948670699221896e+00
-2.829182439686066530e-01
-1.396038201743140306e+00
3.112944607457659885e+00
-5.400770010055391118e-02
-5.842815824842254591e-01
5.469043246063928221e-01
1.887246045791408644e+00
-2.353913135411606739e+00
2.552209953784627228e+00
-1.628057839268391760e+00
6.304833612194215009e-01
-1.287980787210174949e+00
-2.520097145515440284e-01
-1.804591563237575524e+00
-8.404297933318114477e-01
-2.018204938950338256e+00
5.964838759075914432e-01
5.557595330779009357e-01
2.372426235610814588e-02
-1.169062680907547946e+00
-2.123216655455077984e+00
-1.805294947914681369e+00
-1.596493671664685143e+00
1.888777826504620394e-01
-1.838005398967653137e-01
-1.707385201448138989e+00
-9.373515516140695780e-02
-2.427581917958817836e+00
-1.167983174265566082e-01
-1.277194042727640699e+00
2.999046189638213011e+00
1.071597582879669330e+00
-3.140877040979237034e+00
7.154501758020341828e-01
-6.155792247169795672e-01
2.784118384271246249e+00
-8.816518952072673054e-03
-1.305374692952607552e+00
1.799021650519567750e+00
3.211000665937541410e+00
-1.538735740966351795e+00
-6.293137986818656548e-01
-1.535503159212894708e+00
6.152069349775391993e-01
-6.389957259234030351e-01
-6.976004188563847963e-01
-1.224746084386177714e+00
3.035254452780775658e+00
-6.036766254880633342e-01
-2.117103528103309706e+00
-9.800898035285386944e-01
-9.370073826940455985e-01
1.962036789642987555e+00
-2.367932395452583716e+00
3.391720746563361422e-01
7.256351892188412922e-01
6.780018545659447504e-01
9.914041089293293973e-01
6.823771653868513365e-01
-9.517217897787251246e-01
3.202756104611115262e-01
2.457575904082270224e+00
-6.441413577539102375e-01
6.306853831126286725e-01
1.535760651240176689e+00
-1.418003136315719726e+00
-1.602711723242635777e+00
4.642149276627722809e-01
9.393186825146594421e-01
1.253870626103565922e+00
8.935155786626250984e-01
2.425762911791410126e+00
1.411637277061838391e+00
-7.100764666701668837e-01
-1.836648455826847659e+00
-1.487534085730251476e+00
-9.070190812614216114e-01
-1.744985203963387299e+00
6.277295109506350057e-01
7.335067292024780028e-02
-6.156685454263104429e-01
7.937733347241028303e-01
-5.026632225920376618e-01
1.200356585973980428e+00
5.871063563546665698e-01
3.456700094410343760e-01
-1.810477038990709664e+00
-1.411007889857729847e+00
-6.832734002690531439e-01
1.459114884991256300e+00
2.374216297621306371e+00
-1.017235805917620778e-01
2.959008267781277457e+00
6.676439159786300426e-01
-2.703526968300396849e+00
2.299971347670958455e+00
-1.282724844492456162e+00
2.386303501396037863e+00
-1.177888538370284177e+00
1.105119491371663765e+00
-1.968147232450754958e+00
8.035632087908967103e-02
-3.912573136676648633e-01
3.085390279324712104e+00
-2.248719940452032606e+00
4.521750846881090191e-01
5.322654219381383056e-01
-1.489334553311467912e+00
-1.902177590037259947e+00
-4.177756851249962433e-01
-2.240278506137994008e-01
-4.089553083654471344e-01
-4.853751651511332699e-01
-8.417829036970078116e-01
-2.473920391992083800e-01
-1.753759854677363617e+00
-1.838919830495402863e+00
-1.823675103309624346e-01
-2.043223310870795117e+00
7.249920278205435054e-01
-5.482189235570501529e-01
1.431001603219673735e+00
-1.277071653054637324e+00
-1.927830842917954923e+00
6.639450070947127136e-01
2.830839446913031576e+00
8.201949351109295572e-01
-2.770371017237559519e-01
-1.285362882074382873e-01
3.139367077087727442e-01
-2.483965503653073448e+00
-1.492459195274431494e+00
-9.630017948002048689e-01
-1.644177658513817475e+00
3.772125960085974117e-01
-1.470055576572136147e+00
2.007807249198005461e+00
-2.455435489002824934e+00
2.302464395574363554e+00
2.361595963070032056e+00
-1.717919446036990871e+00
-2.153026484349643610e+00
1.971417493406800725e+00
7.840595019557816681e-01
-7.711807795578943248e-01
-3.206251221269122542e+00
-1.523937792790514889e+00
3.053920169538382745e-01
9.282928232082394704e-01
4.264628899777349047e-01
-2.188580920268067054e+00
5.354537315981201806e-02
-1.969826296560021950e+00
-1.273634461667242590e+00
-2.189087165306367933e+00
1.206518055520415578e+00
-6.565585163309776151e-01
-2.507849948899186110e+00
-2.017901961215471385e+00
1.116200809849052122e+00
-2.290637489260830328e+00
-8.647976705592901325e-01
8.132623321536636141e-01
3.279329215886863658e-01
8.412891085536247093e-01
1.366539859611428875e+00
-2.526618395763982616e-01
-1.245932402739828859e+00
-3.064445297951823743e+00
-5.184033898586009048e-01
-1.650888743188519137e-01
-5.596112840792271115e-01
-3.389433059090411482e-01
2.462344334141759461e+00
-1.703757537558876489e+00
-3.365923054564997630e-01
2.273218030480378182e+00
4.134767543181233629e-01
3.159585539731793458e-03
-1.295508584331469537e+00
-9.248347121307415319e-01
-7.074220020060616454e-01
2.844527786143386638e+00
-7.787996140191663086e-01
-2.828520554754658245e-01
-4.633756434325633777e-02
5.244636966257369970e-01
3.975814610980470953e-01
3.408671910273850969e+00
-1.465555742902455494e+00
-3.080246269339033671e-01
-5.018502040645910212e-01
1.119083037509934986e+00
-2.052413973817991621e+00
-2.187162864056605205e+00
-1.949006273555883961e+00
7.837019312863094944e-01
3.720692840725485784e-01
-7.491904271700089435e-01
1.088180664486108729e+00
1.068059117737649499e+00
-1.595294472177738454e+00
1.419789944351976363e+00
6.421089672005347859e-01
-8.190952304055901245e-02
-2.942149394860924971e+00
2.466177715361410616e+00
3.798589264179429437e-01
3.137782794271160025e+00
-2.102770107615487216e+00
1.150894066278573158e+00
4.096409827486898192e-01
1.883741159731231019e+00
1.723035010909047315e+00
1.892174341618887201e+00
2.417695801963370528e+00
1.192430409956961590e+00
2.337716580013112999e+00
-2.530450100142736858e+00
-2.051488692209027409e+00
1.101263661628530954e+00
1.593230662307812739e+00
-6.553325794435060914e-02
1.181241243917336314e+00
1.891591123404504637e-01
-9.024515510197222978e-01
3.363680950430402161e-01
-1.482266987187544016e+00
-1.655691290382833136e+00
-2.661600799557275909e+00
1.014669388923540971e+00
7.174386225883990775e-01
2.482924868740491176e-01
-2.573721579317039820e-01
