5.051362633986531403e-01
3.003394683084140482e+00
-7.652647587532173112e-01
1.087017860648588741e+00
-1.204073055736954556e+00
3.577552832879822731e+00
1.906586099396747169e+00
1.600061677173346686e-01
-5.505338349344896187e+00
6.449401768154506831e-01
-6.270919249068149792e-01
-1.416667007764137454e+00
-1.579052094801094208e+00
-1.505652302459273284e-01
-2.130629950052926880e+00
2.024902763703607111e-01
3.151334540644935789e+00
1.341194281523557311e-02
1.830173865723589754e+00
1.983430560966165546e+00
2.559011596065997374e+00
-6.281683741142702004e+00
3.379667395124608120e+00
2.183991893686749730e+00
2.686283170289818223e+00
-2.603457694147796264e+00
-2.271263375326431078e+00
5.638332527293065111e-01
-2.837950447759665984e+00
1.154929741830609702e+00
-3.103455910494254066e+00
-2.758458801696244689e-01
3.545441942656581968e+00
2.951232910244395491e+00
-3.170787994226544448e+00
7.143070571283777204e-01
9.953084774405291935e-01
1.426317810917557383e+00
3.341914344567725070e+00
4.843985650413342725e+00
-1.842500583216326149e+00
-2.532370235400251079e+00
-2.827194626286027024e+00
5.853354583621726004e-01
3.023365844248425027e+00
2.842829193299194479e+00
4.168524574024809581e+00
-2.125909418409079432e+00
3.453106218714601994e+00
-1.745665558615287827e+00
-1.132525424717331308e+00
-3.245632996408103210e+00
1.179908407999857856e+00
-1.052485586213461444e+00
-9.505323346384341177e-01
-1.289713214780993544e+00
-4.221111132734173821e-01
1.997993418496523343e+00
7.560612319098161116e-01
2.827282554708885787e+00
6.881735141349190066e+00
1.634139689189464839e+00
-8.554303731965839930e-01
8.977950268284187185e-01
-2.827586039590838318e+00
-2.906026073189823755e+00
1.359063465734612119e+00
-1.381110188732697752e+00
4.761911641627739833e+00
3.719683426846269292e+00
-7.053965601853275924e-01
-5.492429979136489449e-01
-2.455418626697770890e+00
2.887076431745784877e+00
-3.912073183842764035e+00
-3.778141115357447788e+00
-2.499980057663406807e+00
-9.279566710449301814e-01
8.639677947954668147e-01
-2.848785576287336863e+00
3.536025847757523266e+00
5.370706190116518286e+00
-6.960486417016358285e-01
5.130350300442590772e+00
-2.854174438581081663e+00
1.762366739834042351e+00
4.955099838282343017e-01
-6.385160118155882580e-01
-3.133865742392967224e+00
1.118242950654178669e+00
-1.090866571600252799e+00
-1.601118781437606220e+00
-1.743285094737434759e+00
1.468542801526531022e-02
-3.507786558532105303e+00
3.245791099839706040e-01
-6.701666146392100565e+00
1.839571082377197409e-01
-7.652423448201199907e-01
-3.466967586905391752e+00
-3.561952511738635696e+00
-4.226285746307709701e+00
-3.948558609100574657e+00
2.874108834124648570e+00
3.981274235017724372e-01
3.765530941044445523e+00
5.848688843449245667e+00
-2.087615304899769875e+00
-6.360818458529458042e-01
-1.906792330091039434e+00
4.845178167987028717e-01
7.850217108484309758e-01
3.075962925956019944e+00
-2.714630826056283475e+00
4.601012716752961751e+00
4.112380647914830156e+00
1.928389026136569040e+00
-1.268497360817339326e+00
2.516715743499993163e+00
-4.073889475626483181e-01
-2.454968816001297682e+00
-4.231632763094289373e+00
2.110600802132772014e+00
2.401022388059091683e-01
2.855767146905644482e-01
3.984282217546106342e+00
4.207751110768222169e+00
-1.786252853269488350e+00
2.151723842681159571e+00
-5.094542612543008886e+00
-7.943479450239303574e-01
1.807355518720583920e-01
5.005684628407931491e+00
3.289588505503975302e+00
-1.093726974728805201e+00
2.314538923586920482e+00
-9.363866820409926239e-01
6.174787253448089652e-01
4.129018238270211860e+00
-2.232194851803420921e+00
2.796632220211439979e+00
7.040143853078951741e-01
-1.599961671934377216e+00
-8.482629490291322405e-01
1.487210336119958898e+00
9.137799828374864042e-01
4.579721850472504130e+00
-3.110646808659847107e+00
1.300792222243811302e+00
2.370188568123126338e-01
-3.197613231013249457e+00
3.076106975719643977e+00
-6.341144199149753025e-01
1.921853378512969057e-01
-5.153888438311874154e+00
-1.694914923682232732e+00
4.230792522874736505e+00
-4.473084046738883046e+00
2.626521703845517308e+00
-1.990147468192854152e+00
-1.422971364062674438e+00
-4.950183746330754531e+00
5.964318514338707855e-01
7.395395222884417752e-01
3.243931353622863334e+00
8.356159028877795381e-01
4.578443967335603659e+00
-1.164132525468290769e-01
-2.878452046121448671e+00
2.039951295424053124e-01
2.552288994107009823e-01
-3.891888564842869158e+00
2.818907835666967898e+00
-1.171442052336128414e+00
3.656010629196618122e+00
1.073520214218741886e+00
3.423225866364649761e+00
2.455887500298111537e+00
-2.183943201541647561e+00
3.808159768872404261e+00
1.270510524457244772e+00
-6.456209574207678603e-01
3.158333795659403087e+00
-2.882594871256499047e+00
-4.611196923815071180e+00
5.380579806846983892e+00
-2.201600730052681865e-01
-1.005105528256447833e+00
8.058709641844401528e-01
-1.105187751705920540e+00
3.333835371457331220e+00
-4.431399965695625442e-01
-2.282679594634643649e+00
3.612994016783340534e+00
-3.794353467101196919e+00
-4.171983670315825066e+00
-3.233509079725229274e+00
-1.546183013250213012e+00
-2.730026352671750534e+00
-1.478135402525086350e+00
7.258227632015090691e-01
-3.851572212455235178e+00
-3.944536689531110696e-01
-1.970774944484821933e+00
2.026212344877963978e-01
9.132088527032373726e-01
-1.100273592564060765e+00
1.505288305074150346e+00
1.855675805758188579e+00
1.151645192819582775e+00
-1.458782104554898484e-01
-2.872605942869843609e+00
-1.056511311878172710e-01
5.930980317907504906e-01
2.532252978359421647e+00
-1.548508157843299093e+00
-1.570524497177271606e+00
-5.113347410047756725e+00
4.110109068065310733e-01
1.098400348580900410e+00
1.582756965875875554e-01
5.324989445936549881e-01
5.944613406667477173e-01
-9.605136809870913339e-01
3.224499276976006801e+00
-1.497492491481726029e+00
2.395811980157846577e+00
2.308819049384911004e+00
-8.037557265110507887e-02
-3.774052118873432615e+00
-3.116218106989435910e+00
-3.829802904871233871e+00
4.462430457937060169e+00
-2.244386594348382960e-02
1.297022339196582941e-01
-2.683869571488821659e+00
5.236866754700094440e+00
-2.432645866426680126e+00
4.602723628128858380e+00
9.451200550600596939e-01
3.122576546796720365e-01
3.796567144640764724e+00
3.879007522615470993e+00
1.383370778596843209e+00
2.151519800152908335e+00
-1.260208125325821937e+00
-4.319338046368270678e-02
-8.137257882160585654e-01
-5.109881063241693555e-01
-1.755946958685508985e+00
3.891330764221805794e+00
1.971525879223106736e+00
-1.967200504582055851e-02
7.782325746278909717e-01
1.423813909432404268e+00
-2.228424415172107320e+00
5.973728303927101635e-01
2.923904574324120542e+00
-1.432206728896506354e+00
-1.110340215913107886e-01
4.748340875373512127e+00
1.200392151139868968e+00
2.372960471787047165e+00
-1.406463823880096942e-01
-1.684570872348324921e-01
