1.947128577229580770e+00
9.473732645358996785e-02
-1.313286587059776300e+00
6.606768286321182959e-01
1.215013940814976934e+00
-6.172300488076961633e-01
3.910649367664311149e-01
8.368630726764232364e-01
-1.586621776929778571e-01
1.584689264265126019e+00
2.846745858083447711e+00
-7.121469811771823366e-01
9.315320963040459035e-02
1.941105232482669640e+00
-1.221535092930553373e-01
1.732840995500940284e+00
1.282857835005886127e-01
1.695835026399305834e+00
-4.957147496091917627e-01
-2.269294161887413175e+00
1.267575775601108568e-01
-1.392606649501868299e+00
-2.260894454092869488e+00
-2.222962762593986008e-01
1.153778307803403180e+00
1.562647992242874873e+00
-6.456175369343333248e-01
-2.519798687117474345e-01
1.162888740814516542e+00
1.198910232142583077e+00
7.776035205246537574e-01
-1.154973921746579313e+00
1.818940702670289511e+00
1.924612687430356850e+00
-4.428250100037065540e-01
9.637866805887591592e-01
-1.880482140562698801e+00
1.250215325762379814e+00
3.105146158779307219e-01
1.892593701059303246e+00
-1.199837031932866477e-01
-3.730527093442141395e-01
-2.693868866234330195e+00
-5.851682899867128862e-01
-4.386074847125843168e-01
1.838849390729122291e-01
-1.276321434977311986e+00
-7.724076552719191247e-01
-2.009592104823283876e+00
2.413444116759939195e+00
-4.471733958335630255e-02
-1.338968917787977331e+00
-1.981457771296092796e+00
-1.866013534541360874e-01
1.277318184704134829e+00
-2.065456423564316635e-01
2.269692474464210796e-01
1.581181651677176614e+00
5.225017611616370461e-01
1.066305165577619452e+00
3.544206846816051470e-01
-1.531726648403292756e+00
-4.906625596270381418e-01
-2.666054317493258830e-01
2.396683688864508777e-01
-1.938892579935278748e+00
-6.813977346600558205e-01
-1.523949261980021008e-01
-4.027049133285864890e-01
1.635873963833356148e+00
4.270880059154644193e-01
2.602393466468995720e-01
2.079628889332426067e-01
-5.152522220854727220e-01
-1.769915930374868829e+00
8.204234681449824595e-01
2.315103050206690494e-01
-2.367457526734146889e+00
-4.572606130999981588e-01
-8.122539602608911391e-01
2.658488118021731239e-01
1.135697896498842674e+00
7.896907123291911912e-01
1.225244987613826719e+00
-8.722575006465055347e-02
-4.557021048846113809e-01
1.087039634642200436e+00
-9.027507846542767167e-01
5.013737018510304733e-01
-1.152413395600920598e+00
-1.724637209080485123e+00
-5.806169669997491845e-01
-8.812141933823831597e-01
8.445422986461988968e-01
3.512660133142293112e-05
-2.274856244471589850e+00
-3.890143850376982515e-01
-3.154842997277580996e-01
2.141363986513379336e-01
-6.991629481873972152e-01
-1.603413867220287115e+00
1.223985461000496600e-01
-2.126580797267469958e+00
-1.000399145019693181e+00
-1.529255891102843934e-01
-3.475551914540125908e-01
-1.235391739889343032e+00
-2.900131222143355725e+00
3.244470600240501601e-01
3.233226710104563084e-01
-1.218497243512569828e+00
8.564702945934303813e-01
-1.290181069106224321e+00
-1.160359575333486770e+00
-3.182589467361809921e-02
1.035282992059884388e-01
2.437516316717738274e+00
7.143007161865636556e-01
-2.979234818362609949e-01
-7.029934224595201231e-01
9.090874539705411372e-01
1.353532066067080208e+00
-1.052391027848829097e+00
-9.461744451470697204e-01
-1.253379906574756175e+00
-3.355324291390840985e-01
-1.209627266330943751e-01
-2.065075885206905326e+00
-5.271762693778459657e-02
8.540343263481547931e-01
1.243569538098767691e+00
2.230014273565237737e+00
2.938196588880205851e-01
1.456273121095080336e+00
1.208781680007217751e+00
-2.440172184249321141e+00
1.166502671138797825e-01
2.021557976725237626e+00
1.893462843717272470e+00
-1.961863590248158484e+00
-7.705133623662017150e-01
1.049208572267769313e+00
2.597507638104037397e+00
2.227114248697667609e+00
1.206864212563361072e+00
1.369990565510348091e-01
-1.885159278143460293e+00
-3.081511805533454496e-01
1.485841728072179402e+00
-8.599850178107318888e-01
2.952242604900587430e+00
1.969380722307026099e+00
2.554603270825123729e-01
-8.195265989051081501e-01
-1.044932336364225556e+00
-2.005052818248150182e+00
1.230195830800730361e+00
4.997536248552519877e-01
1.801405009651434908e+00
7.529372434787657831e-01
-8.825594812960677604e-01
-1.743186293057841785e-01
3.833454446635014445e+00
-1.599137394482472052e+00
1.381431193577431493e-01
1.440139150265218326e-01
-2.150565169202599769e+00
-1.538111791632816194e+00
1.965786438103388267e+00
-1.395242854498219387e+00
-4.517299321297706394e-01
1.267330818043338470e+00
-2.100174053152623621e-01
1.749405112722811184e+00
2.971259945934008329e+00
5.373843667105888677e-01
1.787592144976325459e+00
3.549230313909608192e-01
-1.059248126198734374e-01
2.361902230001848846e-01
-2.969748287884962576e-02
2.625594312560054489e-01
1.116244126557137450e+00
6.518866885610444806e-01
1.142125357381721606e+00
-1.621341825480402843e+00
1.133865153755784450e+00
6.259394252164572903e-01
-9.744230460817572270e-01
1.601114569193044845e+00
5.628401220600479649e-01
1.911301757363100373e+00
8.671461017385604375e-01
-1.191892418530102304e+00
9.866333864872085802e-02
1.419480122829352542e+00
5.792186551187182841e-01
1.258075196487029812e+00
8.016891668707937235e-01
1.017720204008825791e+00
-2.130227335045979054e+00
-1.253491531576121476e+00
2.067570840881981287e+00
-1.750520265230276262e+00
1.752254678267473054e+00
6.023868802102282788e-02
-4.708926512876440706e-01
-1.136959295635722400e+00
4.447184651363947361e-01
-4.621320740966290974e-01
8.933549812380952027e-01
-1.070301337035820755e+00
1.963426179238930702e-02
-8.624574115010930075e-01
-9.254237847453953281e-01
1.288308660717129850e-01
-5.330349633555301336e-01
2.241333298336999569e+00
1.208189598680286803e-01
-1.107885559627391103e+00
-8.097503699116118669e-01
-2.367513561666391375e+00
1.350108288209443397e-01
1.574652139097120207e+00
9.712611123102038446e-02
4.004639400761336732e-01
-8.260622998455076083e-01
6.152999650523822694e-01
-1.526360778417301223e+00
1.358893012723550120e+00
-6.802048484175436949e-01
8.352684046074281277e-01
5.162816182709701884e-01
4.969367755125875252e-01
-7.436249850546815532e-01
-1.361035316307292353e+00
-1.357049535870316070e-01
-4.120059611983568626e-01
9.908201448123091781e-01
1.225005614572797219e+00
4.277119259976079335e-01
1.364852990613401928e+00
-1.023126731300260550e+00
-2.384890607645392402e-01
1.384410376516800045e-01
-1.381072955113071599e+00
-5.428529386278023727e-01
8.572720939046452049e-01
7.588564598666552863e-01
3.717690036314142965e-01
-2.061236224883226775e+00
1.551921370111747356e-01
-9.085882773337838891e-02
1.790973774762187665e+00
-2.260215630723647340e-01
1.086027654934766273e+00
2.732335159737956376e-01
-4.596816169153087883e-01
2.775270305969689488e+00
-2.781218097416279789e-01
-8.269135814078985014e-01
2.458103630231711190e+00
4.586074870389905134e-01
6.083942495648748672e-01
5.640854952182939863e-01
