-7.048283647356177184e-01
5.700313104608436543e-01
-2.918520553217003877e-01
-5.186948158634561157e-01
-8.006850668563931794e-01
1.723512714031510962e+00
1.781944247143750493e-01
1.304175998703974437e-01
2.956392287049106060e-01
-9.574366031954895107e-01
1.925990828923880571e-01
-8.075658684768991513e-01
-1.457823206328901611e+00
9.195547943147858172e-01
1.571178251641770940e+00
-7.404977877026701627e-01
-8.786292876799972618e-01
7.588299976370379563e-01
-6.157041193242066557e-01
6.892973888420791395e-01
1.349934913556041005e+00
1.034885681928828099e-01
-3.239635632459101355e-01
-8.674894976962302939e-01
-1.623389988666022465e-01
5.420684160031894461e-01
6.659222649959704032e-01
-6.476368526273531545e-01
1.089640145045596142e+00
-8.964408110722483780e-01
-3.438083004243690510e-01
-5.237319393553014901e-01
3.577348654787597670e-01
-2.181665611652464087e-01
-1.609773253002478310e-01
6.945727426980047303e-01
-4.663826590242422521e-01
1.368310064123735126e+00
7.189028287540417672e-01
6.250949270802832469e-01
-4.244838795781668006e-01
-6.571318662172243030e-01
-3.981623891298390894e-01
-6.872397461614733194e-01
-1.210076774016444645e+00
-1.796538098079062951e-01
-6.138660160551940859e-01
8.353231815928353621e-01
1.650470921045307238e+00
5.779354304720291102e-03
-3.161015475163408417e-01
1.441164898345437928e+00
1.103205877828480785e+00
-1.396699779260254459e+00
-6.832205772921277065e-01
2.143873092433942196e-01
4.034310928711964950e-01
-8.651189519091115887e-01
1.523775624411103369e-01
-5.676162471292596212e-01
7.879051866711579699e-02
-2.752404067025827628e-01
2.344109501235383253e-01
1.298050588239816783e+00
-2.154972579646737163e+00
-4.593095702458724339e-01
7.189700738092941190e-03
5.041476520471984690e-01
1.024431152505538734e+00
8.618915187525684196e-01
-1.251283513971461536e+00
2.243596040936689795e-01
1.057528805102716962e+00
1.291436902312459445e+00
-2.533008319508317285e+00
-6.320884677251974171e-02
8.168931544391508925e-01
-4.504453005353836748e-01
-3.436004408685580103e-01
8.316079162521107238e-01
-9.770193072260058287e-01
7.132621113645688515e-01
-5.013282497990391162e-01
-1.238365198279530066e+00
2.681411438975249140e-01
1.952473941390609369e+00
-1.534735285139123162e+00
-1.963790234907344112e-01
-6.221819715240887172e-01
2.820776436416675206e-02
5.838556303135723491e-01
3.798405763153424597e-01
2.945646300696830866e-01
-3.557202293905845636e-01
-1.003147995865635522e+00
-2.342469784665696109e-02
1.889046782512420197e-01
5.710879279865921365e-02
1.503300450965945334e-01
-6.195157213297931564e-01
4.963513907876876963e-01
4.771621282870787129e-01
9.370589769600965457e-01
1.403608311240217121e+00
-2.786253095124763615e-02
6.411973938232871095e-01
-5.457730409870411581e-01
1.455672182787896451e+00
-2.799456362023207689e-01
1.917822762696671290e+00
2.178248351295733742e-01
1.532245687976911075e+00
5.345292203229091710e-01
-1.599838540803458220e-01
5.070228216599520499e-01
-1.721045262787364583e-01
7.747274445052868552e-01
-7.193595464975219844e-01
-3.979309426139612804e-01
-1.217046626634220585e+00
7.770641110391293682e-02
1.462890701016984929e+00
9.653354673714598100e-01
1.613147898480678855e+00
9.513337852403896955e-01
7.122196616286389226e-01
9.085531462063045627e-01
-1.807455289169903612e-01
-7.617389071210953211e-02
5.052600406267612199e-01
-1.076046156038660495e+00
2.431381710649987982e-01
4.902934983637580180e-01
2.450475345809987604e-01
-1.433217472804141135e+00
-2.527109155950647001e-01
-3.821548132714570056e-01
-9.746361084682944043e-01
5.519528254969255920e-01
-5.032605664029353720e-01
1.031065783794661517e+00
-4.414424045348256387e-01
-1.587804895057661980e+00
9.127356536027834144e-01
7.533485669486508773e-02
-1.142955525162806296e+00
-3.558846390431391615e-02
3.541189198458996046e-01
1.733460169798169526e+00
-3.304418667934485576e-01
-1.552052420077284278e+00
1.353537677370300063e+00
1.300198643094683026e+00
1.683495007414393951e-01
6.027888684236292205e-01
-1.183492668439340090e+00
-2.186425256513602200e-01
-2.647997491786941437e-01
1.141395840496842284e+00
-4.762901149807930445e-01
-6.329772094068707444e-01
4.468641313750101873e-01
-2.164664411784212039e-01
2.594510457573923762e-02
1.535491779251628719e+00
-8.720531409162446401e-01
3.895750991231116123e-01
3.419529795597850974e-01
9.134863232490556539e-01
-3.758499052912882554e-01
4.469106576780572104e-01
-1.151312696607623920e+00
2.901925486771810836e-01
-7.291732775826197388e-01
2.587009776936198824e-01
-1.869437445668864217e-01
-1.161107751564993684e+00
-9.920660168654275024e-01
-3.290808456583452918e-02
1.010690130575909285e+00
-1.973155986875796131e-01
-9.037937606871642160e-01
1.115922598543196864e+00
7.841585997981513623e-02
2.601926576843985317e-02
-8.074932389632583085e-02
1.654188021976987333e+00
8.045439355277450577e-02
8.969590775751716816e-01
-3.159757037638815658e-01
-8.920618349395678104e-01
9.608438722657891562e-01
-1.525260234167366447e+00
-1.838909942058548075e-01
-7.691094409105987406e-01
3.321283186607904558e-01
2.606373259066317449e-01
8.097473135791660726e-01
7.591327515859539465e-01
3.238336419435504654e-01
-1.003411505836433681e+00
-1.102165646378363562e+00
9.394706005499945389e-01
1.160798331912223480e+00
-1.152051826496711673e+00
-5.993874008400131848e-01
-2.277283671002621745e-01
8.917017994697223893e-01
-1.072352267905092083e+00
5.517442161103003340e-02
6.182218912930623755e-01
-3.038175576532086697e-01
1.254857225675970467e+00
1.617311722201470570e+00
-3.612417728268523254e-01
-1.711088557560680457e-02
-3.689890726866021931e-01
-3.394179875022295123e-01
8.261813097166980091e-01
-7.849054142639154685e-01
-2.762106255913836517e-01
-5.354216368838657369e-02
3.193841055079648661e-01
5.339974301850662908e-01
-5.357904794335842380e-02
-1.048033391513713886e+00
4.790838774499976971e-01
-3.395473545821827699e-01
4.158973792102424460e-02
8.529075104221159331e-02
1.695205161482047085e-01
-4.190539989744442861e-01
7.021737096771585307e-01
3.812065081075388662e-01
2.939780514179117232e-01
1.993686419582108460e+00
5.350671389779617648e-01
-8.334502971367268032e-01
-1.146336655698373952e-01
2.904214451813990627e-01
-6.673728910473870624e-01
-1.691679414033030904e+00
-9.407873623262457130e-01
1.721187055666257404e+00
2.059668110579817579e-01
-5.844758356451620340e-01
1.807713710368350046e+00
-2.132999846011822409e-01
3.388402659602354206e-01
-1.387381225377098293e+00
-4.513442836910471212e-01
2.850859303349271845e-01
7.017457221260555711e-01
-8.572136594723611669e-04
1.006463837833429853e+00
1.015577728780549804e-01
-5.119225346212193939e-01
5.734944722486932100e-01
-1.240495825017748910e+00
-2.999611352688366095e-01
-8.863028559284442665e-01
3.499424736248787915e-01
-4.579031562449273896e-01
-5.901044525949009634e-01
9.968168090398527026e-01
