-3.399491565338166321e-01
-2.291791073682170055e-01
1.613633266508616437e-01
2.632550726029540544e-01
2.259977500230610503e-01
-7.488718122230926255e-01
1.617304755334766586e+00
7.630652893466962627e-01
-6.265151241255894066e-01
-1.084556819371633507e+00
6.733165378494110342e-01
1.377088422834070736e+00
9.889925195356570331e-01
-1.041708325880724706e+00
1.136701979227117132e-01
-1.966490474576602754e+00
-5.123028507665106090e-01
-2.054108308337483368e+00
-2.236899406230723752e-01
3.831024893972235223e-01
2.893740223507662024e-01
5.838415494821528329e-01
-1.106034625424919593e+00
-4.837295759863855515e-01
5.054023665481754968e-02
-1.037303600086626032e+00
9.258110659740508286e-01
1.061522701478522457e+00
-7.575975013515710010e-01
2.223215071635901818e+00
-8.163727885503603288e-01
-1.371398659083666871e+00
7.225381349073551895e-01
-8.333624942645297962e-01
4.568517470275477166e-01
7.602851510726094109e-01
-2.857990185464148181e-01
-1.106757098120243477e+00
1.638189966260382158e-01
-1.268175515078104887e+00
6.558699209504217364e-01
-5.169867401865709845e-03
1.345226911101240486e-01
7.228297263618771451e-01
6.053096583470354286e-01
1.575892847548129971e+00
4.477970683185344414e-01
-7.901029252833791094e-01
5.461976078621356701e-01
5.487795598507750894e-01
-3.342367157923658572e-01
-1.363060987616320663e+00
3.645331248453530515e-01
-2.223917854518991710e+00
-2.061121924545418760e-01
-8.414813132018698072e-01
2.521095202268629487e-01
-6.635762951846020316e-03
4.668237332632353964e-01
1.782763421215457778e-01
-1.867412620426723624e+00
-2.224541346840428202e-01
-1.553773856071009263e+00
-1.332386082376194159e+00
5.713135836884224439e-01
-4.987799897790077264e-01
1.137306893091098559e+00
-5.795348819627239578e-01
-1.260676741984804616e+00
-4.718627009971392283e-01
9.475394996443680107e-01
3.753417951703050814e-01
-1.295092987126384543e+00
1.464704594238200874e-01
4.948608274931672324e-01
4.483615830471608943e-01
-1.913812703594093279e-01
-9.649607388605939695e-01
7.367213719499721147e-02
-2.514682940108233788e-01
2.726821497968476976e-02
-9.976498891914625800e-01
-1.536108683829964794e-02
9.641880989224198284e-02
1.688943829859292922e-01
-1.018233610391455102e+00
1.016128825031548777e+00
1.123602592185318994e+00
1.044166723389622575e+00
1.388012519377644083e-01
2.090250845477386807e-02
-4.409457745831951714e-01
2.738631144028143560e-01
8.487198619885657491e-01
-1.242727464320373176e+00
-8.706299049081006602e-02
-1.166805753374187682e-01
2.966651933576882477e-02
1.085850578600040528e+00
-8.340143497531237182e-01
1.378895204236896266e-01
6.697926290332967270e-01
6.323889269296548710e-01
1.239834838061575795e+00
2.061169621810643449e-01
-8.193239947941833856e-01
-1.408870771060788840e+00
1.402647405193213848e+00
-9.617395904000295426e-01
-1.206150554960469634e+00
-1.582419259997575600e-01
-6.598037173450473913e-01
-1.606409446904136562e+00
4.484591731959970407e-01
2.630808646031920217e-01
-1.557959300238832556e-01
-2.408014489577243455e-01
-1.423165923184400716e+00
1.002434955048323140e+00
-1.338242119034190658e+00
-2.613879864541818199e-01
4.333837148613309265e-01
-1.084433609243227181e+00
-4.395710681356009841e-01
-5.274942903616991474e-01
4.331350563487359334e-02
-1.192633000796071485e+00
1.169657071433427009e-01
4.364411527364541743e-01
-6.421683566451206193e-01
-1.007986556846032777e-01
-7.407293804738354082e-01
6.709466505158507843e-01
9.232002676275341546e-01
-5.928125864400907163e-01
-6.912716079751954901e-01
9.919331228722352289e-01
6.389102587688811896e-01
-8.225158729230647170e-01
-6.181228049980714845e-01
6.403415689440534742e-01
5.838474099146127028e-01
-1.695318653744502108e-02
-4.249130650600860815e-01
7.012784373214158151e-01
-7.339450795985940079e-01
-4.134447353114896195e-01
8.207977263158955372e-01
-5.016966202483602588e-01
-8.270244264162956993e-01
-2.380319493282697339e-03
-6.335148720234509145e-01
-4.672347503707055538e-01
6.671515185386366342e-01
-2.886296070780270534e-02
-1.662152265089487324e+00
-1.340094557184365209e+00
1.989882197653563556e-01
-1.682733031328452755e+00
1.716587656121915662e-01
3.666750494589617326e-01
-1.398135549966013969e+00
4.363842405130020086e-01
3.467553394166033587e-01
1.179444244561691502e+00
-4.919302341871219508e-01
-2.337706348054253980e-01
-3.676163897552993665e-01
-7.592094544273202128e-02
1.177064460786695799e+00
-6.735304417504899277e-01
-8.451649061074554270e-01
-1.371464389348896029e+00
-8.778525624166137742e-02
5.918330279661024873e-01
1.272612641054448712e+00
1.920886454221172324e-01
9.709451538404599846e-01
-8.468753210802185682e-01
-5.936014525630295413e-01
1.590316098603410458e-02
7.221534915879316285e-01
-3.156816787861180806e-01
-1.813125289371624538e+00
-1.306967754127797310e+00
-4.088791142333828565e-01
-1.534276662221539578e+00
-1.507789201973181933e-02
-9.365497259881270242e-01
2.489669059581583188e-01
9.221799770395889828e-01
1.012979105305582106e+00
-3.447743558119765184e-01
-5.541590743646533923e-01
1.273148464573465199e+00
-8.799578817544536635e-01
1.241814227599989273e+00
8.892570319043274774e-01
1.159050510702778647e+00
-1.416077694521565844e+00
-8.636714446157264247e-01
1.492621475964425404e+00
-2.632535443013248044e-01
-1.477323320865809031e-01
1.010240371691139671e+00
3.057096910573169901e-01
7.640548018777282291e-01
9.501029129776081619e-03
4.168177114610684408e-01
-8.111449378511916830e-01
-3.451402620154550016e-01
3.070735483502994301e-01
-4.014655226884215056e-01
-4.193194940473085053e-01
-5.163835140867364393e-01
-1.934609797029534617e+00
-9.274530415131149175e-02
1.559637711598725218e+00
1.244273844055866496e+00
-9.973701213119445796e-01
-9.040819752244348972e-01
1.173251260366845461e+00
-4.923589398232607883e-01
1.276095503765197758e-01
5.535534052807205008e-01
-2.509075927811630913e-01
-5.771959670342344806e-01
1.198006505615223372e+00
1.257509409255808119e-01
-2.765831631646555322e-01
2.904124828859002694e-01
3.598478745710142340e-02
9.184641810890469271e-01
7.786537072924762937e-01
5.249450259155581389e-01
1.199432520000038638e+00
-8.772263261318183347e-02
1.488033564180269774e+00
1.164828776936768090e-01
-1.999780458067949851e-02
-7.573753528148058356e-01
1.751318241239532558e-01
8.869643434113574365e-01
1.218392328879510877e+00
2.586971143280986651e-01
-8.478022921451735527e-01
-1.091739464058595344e+00
5.419061418451880385e-01
-5.228466008079300786e-02
-4.327795319153178721e-01
-1.172503376987105606e+00
-1.692572847904052047e+00
9.409504584492134338e-01
1.381799426623522287e+00
1.105670223756642701e+00
-1.024771997101050713e+00
1.240550177334164728e+00
-5.115999421821019189e-01
-1.850764295575516027e-01
-2.326796565198457900e-02
-8.481672545722515055e-01
-9.215396970522644615e-01
8.157767532353981110e-01
7.322989186065980149e-01
6.266744799441837932e-01
