-4.192536969013970771e-01
1.927466359715524602e+00
-1.165656059731650984e+00
-1.443591926715779739e+00
-3.842641861667644987e-01
-2.672045137220872557e-01
-8.072705598781404479e-01
-1.701801356701858892e-01
-5.723407680494075889e-01
2.632162961790639244e+00
-1.522638609456100911e-01
1.057012807524841058e+00
-2.436912187065171320e+00
1.017066789762625656e-01
3.719861991947712720e-01
-1.189204905970505655e+00
4.667694205574254851e-01
-1.186252226239174368e+00
1.844824758572366774e-01
-3.303625857801216759e-01
2.055051589063193962e+00
1.881583583584667263e+00
4.653683424268343360e-01
1.005110458637930027e+00
-5.060903470278724781e-01
-3.087935424217848612e-01
1.732493369347772871e+00
6.339659228087020371e-02
1.384721055069617401e+00
2.472585531574720275e+00
-3.548306780997905197e-01
-2.229915209463742443e+00
-5.986503943018611773e-01
-2.154368897911590697e+00
-1.896249982703650083e+00
-8.548334743050897133e-01
5.301424727312363805e-01
-1.922231495935732282e+00
1.165531899730533061e+00
1.947716207754154993e+00
1.665820799863743096e+00
3.636494767329315203e-01
2.779082080934043741e+00
-1.804691220693806386e+00
-9.147432414929885791e-01
-1.039232479088273431e+00
5.110332869105864706e-01
1.104886479622777751e+00
-8.890396010301837570e-02
-4.660048970199293650e-01
6.622563375902087435e-01
4.540278104573006734e-01
1.359320786241799972e+00
-1.304645187859222011e+00
9.579117928934062220e-01
1.392987201730150337e+00
-1.370557590424459349e+00
1.198984971311312514e-01
1.721242808620749853e-01
-1.692726576230807911e+00
7.965298688206947642e-01
-1.031852913811404759e+00
-1.249818909240665965e+00
5.453330351671086262e-01
-7.711194326237474916e-02
-1.421081888154194672e+00
9.588329730308612353e-01
-1.276323837401289962e+00
5.211335716472565993e-01
-4.352575525225657604e-01
4.951740963915302607e-01
-1.594842505357926932e+00
-1.243991364621729545e+00
1.524928788009156211e+00
1.239276793653009356e+00
1.357736772664063007e+00
-1.041212304668385213e+00
-1.419876139089761180e+00
9.519454203715813634e-01
-1.397370237940202431e+00
2.371257566699792374e+00
4.649952639967639412e-01
2.130223423701700924e-01
4.937551771537574408e-01
-1.666230119883116867e+00
-9.558293994494134749e-01
-9.643860893165450143e-01
7.384848663726258922e-01
-8.159066267935621841e-01
5.895547385366040061e-01
-5.119694354261835612e-01
1.741458093328752399e-01
-1.118709693159285479e+00
-2.663090253735848290e+00
-1.230215323377428782e-02
-2.565300571784904227e-01
1.241165056178287873e+00
2.954385475818871232e+00
-1.532143250557296554e-01
3.306175779035632756e-01
1.768985272723651692e+00
-1.344210477747705690e-01
-4.497640998220728825e-01
1.562550461702034932e+00
1.369551193858915550e+00
-3.404548751909036164e-01
-1.238511247562526840e+00
5.286783127262503212e-01
-1.808652546375440151e+00
-4.885857981221081725e-01
-2.004258922252012631e+00
1.284870786386651087e+00
1.379983313561203850e+00
-1.419506620142897413e-01
-1.486110453057271075e+00
6.344409611128143389e-01
1.217776098072631985e+00
-2.096919373882848991e-01
1.175451272711643513e+00
1.035965207345717731e+00
4.378126464677480345e-01
-5.427987663227573645e-01
5.910596532066575426e-01
1.043144921847206641e+00
-1.463704860436256805e-01
-2.327564975199037711e+00
2.111690505305609256e-01
-1.779096612467228278e+00
-1.065964133223041621e+00
-1.588004532266769908e-01
1.353613170569369029e+00
-8.211409776680848038e-01
-1.049264505995223917e+00
-1.582567177343825460e+00
-3.214775912771909994e-01
-4.175113803746317576e-01
-5.206122303152831421e-01
2.119724635473248409e+00
-1.693192466819905873e+00
7.406683651307433003e-02
6.903014989681614810e-02
-1.801375476031421341e+00
8.015807626778166384e-01
-1.845002531182732275e-01
1.197285564939710278e+00
2.979708840382240265e-01
8.913798616593245905e-01
-4.501236174369307452e-01
-1.411814547557079358e+00
-1.138723133105169705e+00
6.539642587975638133e-01
-1.869193496771377250e+00
-8.809149308844154147e-01
-2.656332122815814323e+00
-8.067200755968654269e-01
3.868995146550065212e-02
-9.621350969711934820e-01
-8.299851465348848656e-01
-2.728936893051614909e+00
-1.794481135233418456e+00
1.718537180511958473e+00
-1.457453038325909223e+00
-2.260577028059987115e-01
-5.136323481016388109e-02
3.080239696820811002e+00
-4.307265979081861818e-01
7.366769306686538066e-01
6.161675680849221237e-01
-7.685802831354306974e-01
2.436471479389990535e-01
-6.606437225804107083e-01
-1.682529046788944438e+00
2.806288175813622665e+00
-1.197897284296109088e+00
-1.932516493066189778e+00
-2.034074144116330363e+00
-1.110724674979790549e+00
-2.383326790718884425e+00
1.890200910988431293e-01
-8.537509133549727736e-01
-8.414543601983673904e-01
-6.578239558549178190e-01
6.547216065454242173e-01
-6.542757527927147709e-01
1.393651331203054067e-01
-1.543261725662774975e+00
-6.697324329336882265e-01
-5.015658732825994948e-01
1.841677271039072084e+00
-1.157571688254663167e+00
-4.128215111831373130e-01
-2.284373154185335153e+00
-5.221422746056449959e-01
-1.206014817298918906e+00
-2.093307962474272088e+00
-1.908522149192163564e+00
5.762693247082064651e-01
-1.057907012738386276e+00
7.768144578093165720e-01
-1.755551958847320737e+00
-2.670219440546527156e+00
3.143317338339340350e-01
-1.444759055031924921e+00
1.963022425315697372e+00
1.378869405886190336e+00
-7.782075482691765966e-01
1.109062063728327274e+00
-1.349371604791970602e+00
1.516243877779912097e+00
7.157662534786939368e-01
2.763039479041712099e+00
-9.103098106485472130e-01
-9.009059311213377108e-02
-2.540728919311213696e-01
9.776162635752743135e-01
-2.248350817863026485e+00
-1.999066463544380889e+00
1.615868972251194524e+00
-1.008890964755119746e-01
-1.182463000010139487e+00
7.821970913354910904e-01
5.453348816350943595e-01
1.471537246899890183e+00
-7.431653607918911053e-01
1.966197654892659852e+00
-8.542758230700113753e-01
1.226757595758336983e+00
5.214849844154807457e-01
2.870493719183790371e-01
-9.105446461333661645e-01
-7.849658822610904307e-01
2.088397318185209794e+00
-1.136721173436113785e+00
1.899711196419297810e-01
-5.668288629615063634e-01
-1.285099276945272706e+00
8.662507050529372199e-01
-5.596031348594788894e-03
6.656044010938183542e-01
2.396023188427137018e+00
7.767868948382250505e-01
1.869069737854582858e+00
-1.732093936574009563e-01
4.281482944964326576e-01
-9.719360045710592200e-01
-1.687789141650765101e+00
2.858277737380192640e+00
1.558838525825089416e+00
2.676413118651425616e-01
1.319516563745527504e+00
-1.266397679577408175e-01
4.217090868770072970e-02
-7.082386009975953634e-02
-2.660578506494363227e-01
-2.029071440756593070e+00
-3.348275349862372408e-01
1.770403012245955754e+00
-2.759951597446846705e+00
8.256324871299006163e-02
1.212035987483069732e+00
-4.226250064296674380e-01
-2.227171539980727921e+00
-1.409234899123566406e-02
1.286546418494529886e+00
-4.681734439870424702e-01
