8.878022799523371811e-01
-7.761809663069025866e-01
1.135250303152694817e+00
5.400023137006638996e-02
5.427900304899853090e-01
-1.482890503453040687e-01
-2.021738244227946069e-01
-5.103724114482760532e-02
9.704327931619148861e-01
-1.271542425121836573e-01
-1.320480268925094125e-01
2.018205699238360962e-02
-1.154914776690570410e-01
1.060423325892346114e+00
6.915502124257655314e-01
-5.347807875400045763e-01
1.054349978711714764e+00
3.538320958347004330e-01
-8.469272809162592397e-01
1.413847112505893122e+00
-2.965133103410960147e-01
-3.159174514296687608e-01
1.854312261750525603e-01
9.813156675773828663e-01
-9.655865605492801595e-01
-1.754384868831032063e-01
6.630072052631197366e-01
-7.780918228174347195e-01
-1.720654376823721465e-01
1.178618670055476159e+00
-2.220187393831157263e-01
7.438722552670697097e-02
5.418103158710531331e-02
1.365608752790968161e+00
7.759207804189004465e-01
-2.245503223664545578e-01
-1.085354215872830208e+00
5.320683563403871830e-03
9.740338220740538122e-03
-8.261013378342704216e-01
-3.226762668297510350e-01
7.902286026270325392e-01
-2.990344026942727829e-01
2.158091501413929691e+00
-4.980957050437488653e-02
-7.153872800753208194e-02
-5.361060500232434078e-01
5.877603799359941428e-02
4.023398249066983401e-01
9.416254163766035745e-01
5.923949588368170316e-01
-2.036894640075069818e-01
-4.389033307950044871e-01
2.261965594129047019e-01
3.014798609996324208e-01
-2.846207238671346618e-01
1.162374318395232864e+00
-7.327263107988318813e-01
1.805124631989432904e-01
2.693479634556174562e-01
2.283113825402435515e-01
7.222148094586098299e-01
3.763147874401904236e-01
-8.063439454885821256e-01
3.663757862068743876e-01
6.446109799771662097e-01
2.259336600626581093e-01
5.639063094177708679e-01
-5.010096601083405266e-02
-4.434973570701436496e-01
6.182904781018305068e-02
1.319589511121222136e+00
8.232360716609857798e-01
6.371987545240118678e-01
-2.210074123821151315e-01
4.965489177218057049e-01
1.182959121650857481e+00
2.759669381836666879e-01
5.756164565004416867e-01
9.466845674451274117e-01
2.651170305470854638e-01
5.652238480302642643e-01
-4.399695984799067983e-02
-5.201361273397313578e-01
2.659088183750749623e-01
3.602145291377527592e-01
1.116750966884648921e+00
-3.912359660085584223e-01
-6.103871687627067111e-01
1.621650908386609302e-01
3.807144288534576870e-01
-4.364026941523211911e-01
5.558326963874956617e-01
2.115435303478324647e-01
4.771631987274402298e-01
-1.761441597151628680e-01
1.167779935593685758e-01
-7.333820102551699138e-01
6.850468608196842446e-01
-5.049756204500246981e-02
1.322452238714906025e+00
-3.135316416710084431e-01
-1.637776144208999418e-02
7.573027650732551130e-01
7.760471131895783081e-01
-3.103963333288567994e-01
5.478703091825040117e-01
1.031454400282427297e+00
-3.682095570444985921e-01
6.508216680731899739e-01
1.694775047863062711e-01
3.557106501455143954e-01
5.209679688901812655e-01
3.227340085092635369e-01
2.489215352181270435e-02
8.270920874515176602e-02
1.400994786862831631e+00
1.100590215560275809e+00
3.420302204451091677e-01
1.085391724998884477e+00
-3.782020959413198158e-01
-3.124834994092752227e-01
-9.865400053309639761e-01
-4.550382084566891860e-01
-1.598377541357996756e-01
7.173184716580534026e-01
7.985526742232171848e-01
6.726153413250713919e-01
1.454026761329171968e+00
-6.925080932518618004e-01
2.038222336391011247e-01
4.294961870296329365e-01
1.468466647067815378e-01
5.304257140950627836e-01
3.429286491040078877e-01
-8.358933033835528326e-01
-8.694573540806566081e-01
-3.020974793031526162e-01
1.030240627974364324e-03
2.944130915270234405e-01
-1.841229015660471036e-01
5.644037303247148030e-01
-8.751790736183975294e-01
1.882212665356069459e-01
5.663245291729207542e-01
-4.993068794944822142e-01
-1.582700026843498753e-01
-9.348782819269920719e-01
-4.218206625264876997e-01
-2.360954108140226604e-01
-5.543979897801019074e-01
7.980869650671242044e-02
1.718963277197591566e-01
2.994440864302601035e-01
-8.345681633449633652e-02
-9.775413048455640075e-01
-5.719587220498987268e-01
2.854144303553806106e-01
-5.108075412471551058e-01
4.271932765354059525e-01
6.986158617704606444e-01
1.445758317999269460e-01
-3.012313946815353694e-01
-7.082324297501995103e-01
6.867427154485354901e-01
-4.736456153623270771e-01
3.282202813231399063e-01
1.045615086503533853e+00
-6.373272345082797719e-01
-4.002130099776497474e-01
1.961754955671335177e+00
-1.557481081838280879e-01
-1.598342209478195719e-01
7.181857699411138274e-01
1.005955742680612719e+00
3.559690797682716901e-01
-9.438995127346732072e-01
4.633983955601213567e-01
-2.009145561787035184e-01
-3.803032278819408751e-01
7.066879826250020979e-01
3.711012988566799731e-01
1.121006563211259355e+00
8.809566825281618385e-01
9.734651452898979151e-03
-1.912766328939687621e-01
1.284826042588125938e+00
2.759981290799944365e-01
-2.949214384515081999e-01
-4.211229941400207455e-01
-3.169467094136086405e-01
-4.337313045397955813e-01
-7.790209672396263274e-01
4.961201789223456671e-01
-9.996822087849186467e-01
-2.713439571463199806e-02
-6.335364270789790586e-01
-1.841716956763190527e-01
4.726934681996879384e-01
-1.022713708271416611e+00
5.599956804731605065e-01
-9.618271691915620814e-01
-7.241682120504691067e-01
1.090262925267562411e+00
7.014450203116248117e-01
-3.562510377445229914e-01
-1.540411750655582002e-01
-5.768240819776729866e-01
3.894044570575437847e-01
-2.107333418595852825e-01
-4.221911114841294665e-01
7.942201970738306249e-01
1.763235563781501813e+00
-5.435670360072711871e-01
-4.182581787462283374e-01
-4.479721927102723877e-01
-8.646711819269842225e-01
4.592952460508494816e-01
7.917599055503070637e-01
-3.467638716572831181e-01
-7.313286399444354213e-01
-2.265463180294858270e-01
9.682726222287441065e-01
2.005471324927991517e-01
1.838728343750561933e-01
5.927910838479075739e-01
4.247028632817774763e-01
-2.324881676546998732e-01
1.075525771318682322e+00
6.339798528439413716e-02
6.969733135346833919e-01
1.128462394806575841e-01
7.681282510638630656e-01
-3.825419709481036046e-01
7.979816894714160114e-01
9.013606530274612116e-02
-1.017647574393330423e+00
-3.503379496651577441e-01
-9.747874736158107511e-02
3.803120772988581866e-01
-5.968295334975284305e-01
-8.239484153201377392e-01
-7.731706115380434508e-01
2.498521587053352533e-01
7.693278347143330809e-01
-8.407113345126020487e-01
-5.854009081034213802e-01
1.007989817440733266e-01
3.454605778277928252e-01
-3.016143613309394400e-01
1.656792839247504534e-01
-5.432974253543855214e-01
5.391266627632491648e-01
3.292825911934472716e-01
9.548992476962815390e-01
1.938986708314122398e-01
6.832045339344006152e-01
-2.601425122265008105e-02
-2.951633359233822862e-01
-5.939644334629876621e-01
-7.037686617935312583e-01
4.712648104081169631e-01
2.839824126985835973e-01
5.779491062692621028e-01
-7.557229695809662973e-01
