-1.162459534341275802e+00
-5.928602469041505119e-01
-3.255058268742069827e-01
-1.362741185988143311e+00
-9.355030180022074759e-01
5.424267403753454397e-01
1.338412625476703477e+00
-4.829370415232796532e-01
-5.267377319336294939e-01
1.115317176175035785e+00
1.766197197050970225e+00
1.239695439381968800e+00
-1.076909477136053450e+00
-1.294109202950088466e+00
-2.485845535130228434e+00
2.199321217710538789e+00
2.121017114163718187e+00
1.698770359704474098e+00
-1.260572438027897313e+00
-3.057315327358118770e-02
-2.737583889599421560e+00
-7.069431060275316314e-01
4.603542417285790833e-01
1.220149867545685440e+00
-5.308357713049863813e-01
1.049192748896698779e+00
-2.008436448095844096e+00
-9.673229406209585823e-01
8.834748813210306917e-01
-1.962628961523531945e+00
-8.674612336307187255e-02
5.931754959746611267e-01
-2.014526285348788859e-01
1.193103907903057426e+00
-7.556237487301803446e-02
1.661741970253379108e+00
-2.341165487247532859e-02
4.289468535188347142e-01
5.673861201598121018e-02
-1.835838476997571744e+00
-2.458347845151860334e+00
7.166242754799322379e-01
-1.243464637145272444e+00
-1.357994417462647485e+00
-3.533068096644571554e-01
-3.011220147483089082e-01
1.671226885371814630e+00
1.289905973200694334e+00
8.440116399196833097e-01
1.265728626931611922e+00
1.582363568637678020e+00
-2.069340434728158762e+00
2.157113853168752371e+00
-1.206222298897938305e+00
-4.626333029464592683e-01
-1.170857342501969434e-01
1.117266765416145669e+00
-1.739677888746999246e+00
-1.711879140728384333e-02
-2.563434591779971239e+00
1.554176762747097595e-01
-1.410082442998260854e-01
-1.467673916900594122e+00
1.219502840960458245e+00
3.369448895569526758e-01
8.350027318041062241e-01
2.738634719766479542e-01
-1.495420444290554762e+00
-1.303328505294904183e+00
-8.722579607826431713e-01
2.250707783533683504e+00
-1.017027989477201189e+00
-1.837017850884128833e+00
1.189419031074270716e+00
1.516576553716900144e-01
1.269369976963745650e+00
1.576940738521666274e+00
-1.524872689379031421e+00
1.114089973596732897e+00
-3.038778751325230676e-01
2.250859850177878041e+00
2.509518274709707786e+00
-2.801601560892711951e-01
-3.202140166146154154e+00
2.416822054320539426e+00
3.736743726790471509e+00
1.682790304965476214e+00
4.412004438666153328e-01
-5.092123527073497691e-01
2.386303253175060757e+00
4.805584672260803103e-01
-2.279809123556597039e-01
1.014898093626187325e+00
9.366242374211982691e-01
-1.517671905579619951e+00
-8.719306743041623786e-01
-7.859597457098017603e-01
-2.124593218424024155e+00
-6.147983460550172641e-01
-1.223775123279637889e+00
4.396939588733007054e-01
-2.760623961554880545e-01
2.653251295076088034e+00
2.113710175915963330e+00
8.928588919158315651e-01
9.436485437566869416e-01
1.311841566624089683e+00
-2.108504771774366127e+00
1.196421280496255291e+00
8.813482028450209116e-01
3.424563170606176321e+00
-1.421776115684153297e+00
1.812645494442004235e-01
-1.914968565254865362e+00
2.064134637565636865e+00
1.501606577259337438e+00
3.031213609218265770e+00
2.313213004880438906e+00
-3.893929798435073475e-01
-1.915427186334929477e+00
9.607224595337091611e-01
2.047164038583781931e+00
-2.704004230370489203e-01
-2.000196423531035883e+00
-7.327315013377284914e-02
-8.993182822413511301e-01
-1.715918963853715118e+00
2.382988050701315252e+00
-1.252255612946679086e+00
2.242207636302034235e+00
8.476721259021300359e-01
1.286630088286063067e+00
1.039245990633399730e+00
8.875636343483243040e-01
-1.688788035545293109e+00
8.883696262714009251e-01
-8.758167684426586552e-01
-3.084672960372443207e+00
6.856923130715296688e-01
-2.714893774864490794e-01
-5.191127235643663296e-01
-1.485151506822048606e-01
-6.648908010958261006e-01
-2.701272956733412389e+00
1.105206553820528237e+00
6.801692349734099752e-01
-1.036522044494725847e+00
3.734355953286663254e-01
1.330891327708618510e+00
2.081770466855890955e+00
2.705939197217742120e-01
-2.285760409830646545e+00
-8.513085975734219213e-01
-1.080066955078744506e+00
9.351250038120203500e-01
8.808493370140360046e-01
1.208315730495818974e+00
2.345080427903380449e-01
-1.146762366180890780e+00
2.339384997628815577e-01
3.178265076706011660e-01
-9.070188797878028231e-01
4.172770229796734509e-01
1.043936949260551028e+00
-2.905066351007959735e+00
1.554360426363091130e-01
1.975693264040078168e+00
1.758303270110808336e+00
-3.321575906957663915e-01
4.525841879141437318e-01
5.823191030940199076e-01
1.068985810150714227e-01
8.931292238899554148e-01
-1.482331993081285271e+00
2.630223724467907198e-01
-1.881461708766268170e+00
-9.434076572961325180e-01
-1.248329170326193394e-01
-5.907359081403933121e-02
-5.893600734019045495e-01
1.143142298459471018e+00
-6.693223274942160517e-01
3.474517533126043611e-01
3.559851590436658775e+00
-3.027511040334491810e+00
-1.263984277777300713e+00
-3.608149492422660476e+00
-5.942992076099365417e-02
1.288763312303978115e+00
2.089188097234335739e+00
-3.378502893985547706e-01
-4.004399042138048204e-01
8.835431971647964566e-01
2.047165504705844352e+00
-2.165540409298269520e+00
1.715693563712334724e+00
2.341285844450011311e+00
-3.284458021994371979e-01
-1.164845525480629806e+00
1.079355614801911667e+00
2.279353651800199110e+00
5.079796718890537965e-01
1.735005564750186968e+00
-7.103635923914090045e-01
-3.881692601211700899e-01
-1.357968554921553439e+00
1.771209862167214766e+00
1.761101334417869868e+00
-1.513560954871774999e+00
-1.016036813605855738e+00
-1.688764735645399695e-02
-6.714666379346886371e-01
2.176708847700851823e+00
-2.183490522774914067e-01
3.131574227573695968e+00
-2.080162464437389058e+00
-1.325772218380061540e+00
2.698072368365144413e+00
-1.615493923874991911e+00
-1.459475901846265966e+00
2.053264025362722123e-02
7.538593594479566784e-01
9.821527396936284848e-01
2.192650779138136663e+00
3.181558399293328843e-01
-6.817903952119376276e-01
1.120470142820684467e+00
-1.071700087875024243e+00
5.298870760061711316e-01
-1.754444589054146575e-01
-8.565271746223421245e-02
8.870895003554779557e-01
2.022853509315105658e+00
1.441954435099919163e+00
-2.385190330926123536e-01
-1.475490575875193722e+00
3.639919706286262602e-01
2.715485744542819102e+00
1.068187933291620428e+00
5.723328709132119441e-01
-1.038393835474012317e+00
3.961237598356735501e-01
2.101918000346537863e+00
2.548525669424854256e-01
-1.713687551664417219e+00
-8.938337353206966540e-01
-1.727571824149140456e+00
-1.455547722954110501e+00
1.569526027618880493e+00
8.129823814810280269e-02
2.399364432385071577e+00
1.487102734233726631e+00
1.220450171513454585e+00
-1.519114546113245756e-01
2.789829906120516512e+00
-2.081496005029256635e-01
-1.399302992953471936e+00
-1.156346454215304298e-01
2.293204326545566385e+00
-7.615708715402542961e-02
-1.502219871555605657e+00
1.438392124442571696e+00
-1.194196067818797502e+00
1.276704475178041420e+00
1.185930176561283744e+00
