9.276443243137401096e-01
-7.938432696332288208e-01
1.139810035071329386e+00
8.377512600214306882e-02
5.284021315792222229e-01
-1.455737633645031170e-01
-1.998755577558647134e-01
-3.504035812344604567e-02
9.700577124218368041e-01
-1.303123685588538361e-01
-1.282508310040384458e-01
2.814523581603633334e-02
-1.117241778111128930e-01
1.066540276244423602e+00
6.981758481585720322e-01
-5.205480054686740798e-01
1.019740330960092090e+00
3.592432322577084891e-01
-8.200132484019660994e-01
1.428774596398466601e+00
-3.009050000530095748e-01
-3.147981641768302086e-01
1.836973504115920752e-01
9.696801504334934263e-01
-9.547880515153448489e-01
-2.019965209821118490e-01
6.478809299262461296e-01
-7.866238317599495433e-01
-1.667673308699456902e-01
1.214526815743555810e+00
-2.173125907953913361e-01
7.537665895014707129e-02
5.507273324100412509e-02
1.360315972593038047e+00
7.439884297663718060e-01
-2.283960890216698569e-01
-1.087706389642069116e+00
3.953542201103756037e-02
2.555434661460760301e-02
-8.210834667967186196e-01
-3.382062561608219498e-01
7.906544117621688850e-01
-2.952129080629640745e-01
2.142165417931095384e+00
-5.266479872237840587e-02
-7.239788829377129253e-02
-5.417028998221197211e-01
6.175908714236076624e-02
4.201369839591623800e-01
9.407223370501168747e-01
5.982659211356885498e-01
-1.853085935814307028e-01
-4.346226395385922592e-01
2.203621729117997141e-01
3.007694691411114674e-01
-2.923677041564770041e-01
1.157599656242454422e+00
-7.592794691559212605e-01
1.706144708334949855e-01
2.759292357407786556e-01
2.175394959100333536e-01
7.195266752845108638e-01
3.064550546013259380e-01
-8.204467790681739814e-01
3.548495564517684664e-01
6.351953093368214454e-01
2.258015601147028983e-01
5.469278823266400247e-01
-3.773393731439268067e-02
-4.472228813774733469e-01
3.262223417582106599e-02
1.422212903331359080e+00
6.857944082433594657e-01
6.469865194741357683e-01
-2.054281196165872458e-01
4.706550792169927333e-01
1.179592712612717476e+00
2.785379454195538451e-01
5.697199587101785534e-01
9.441500969173923785e-01
2.654750714049947113e-01
5.737419846690641201e-01
-5.057650374840521462e-02
-5.122760803989714340e-01
2.639419366751803997e-01
3.753103964024886996e-01
1.095485501992612409e+00
-3.911226021936924924e-01
-6.092876953882484514e-01
1.701749884014638892e-01
3.751591148744148341e-01
-4.386606944183643053e-01
5.698767794788551777e-01
1.922903779175300365e-01
4.769123109815904815e-01
-1.672917730555663895e-01
1.099986032978231276e-01
-7.268855680499584082e-01
7.165244435025643899e-01
-4.898274945964904703e-02
1.323115854541647263e+00
-3.206841421954132465e-01
-2.438530782294867291e-02
7.767395086514465863e-01
7.801043987548818004e-01
-3.115694352982892879e-01
5.323721230253424253e-01
1.054526323010360978e+00
-3.787372999482034319e-01
5.802186042094897855e-01
1.826906521332615496e-01
3.916493296157152471e-01
4.552555935413495347e-01
3.596417173869964623e-01
2.817181890604414027e-02
8.353335770070548227e-02
1.392957018424040294e+00
1.081301023763431957e+00
3.320698484972741116e-01
1.079964413113997157e+00
-4.611646043645339366e-01
-3.729194591999093755e-01
-9.730247948647691159e-01
-4.552989747334220128e-01
-1.653515868696031899e-01
7.159038322452346836e-01
7.988014776943970219e-01
7.075604727241172620e-01
1.573682816713986687e+00
-6.926474363664230083e-01
2.207684330377721882e-01
4.289031779265681243e-01
1.574980804264642653e-01
5.079233379255566616e-01
3.420558141131109786e-01
-8.368142432921757967e-01
-8.704607358608407175e-01
-3.203365174673963867e-01
-1.287314194667698621e-02
2.895624522514661514e-01
-1.822968981201470995e-01
5.647141980028795860e-01
-8.702727198021202870e-01
1.936556348522071314e-01
5.678731626124154941e-01
-5.068011945226069681e-01
-1.563892385456367717e-01
-9.267716174340121515e-01
-4.380339629581239680e-01
-2.364646072835090151e-01
-5.567149985005985791e-01
8.349149427601693096e-02
1.801969589646457981e-01
3.002282019731671303e-01
-8.535531074108994309e-02
-9.759698447472221483e-01
-5.450224541827023428e-01
2.748520610504579520e-01
-5.132546078111550614e-01
4.299305507810086691e-01
6.265848918572801685e-01
4.931481735436635261e-02
-3.007493445035888113e-01
-6.895426280584696643e-01
6.837579942737763705e-01
-4.613981895941418054e-01
3.164024081671998334e-01
1.009553769544107249e+00
-6.285510998488567092e-01
-4.130887905950093586e-01
1.959488629315482067e+00
-1.580931643487820670e-01
-1.613937218990147693e-01
7.173763417093105277e-01
1.004622299823666909e+00
3.505337497222197340e-01
-9.306331870158630615e-01
4.812467697665137600e-01
-2.121527101993622988e-01
-3.625753597724319377e-01
7.037940477950397344e-01
3.699736266845174426e-01
1.131781696180413466e+00
8.641756616316442763e-01
2.310802392217901902e-02
-1.903984215459791074e-01
1.287765211778148844e+00
2.768536372079892227e-01
-3.296950823335613179e-01
-3.913913924866338490e-01
-3.171572909481686353e-01
-4.230287273579101948e-01
-7.756081993062596824e-01
4.929108196060180136e-01
-6.450134210550008129e-01
-2.115003477628289372e-02
-6.119837334465774159e-01
-1.777987106558898134e-01
5.245926206330865371e-01
-1.031209436597280593e+00
5.712430467327462846e-01
-9.181376882345159141e-01
-7.242237364915760089e-01
1.093497599993320524e+00
7.012832947606691958e-01
-3.316280266269922006e-01
-1.236664096030787169e-01
-6.009349844681982633e-01
3.670144965621749411e-01
-2.076173613381088467e-01
-4.203796511192871010e-01
7.882909964092891242e-01
1.754244919167358141e+00
-5.284454700824540163e-01
-4.261151722109431939e-01
-4.061129207156685683e-01
-7.880188194097671461e-01
4.685184003278029530e-01
7.943385635385518118e-01
-3.455213464501655229e-01
-7.315015367254653622e-01
-2.221594466290678083e-01
9.688117518809933326e-01
2.002513561761897487e-01
1.784697843743385526e-01
5.897576198112349788e-01
4.328207066618413590e-01
-2.347948402821347369e-01
1.063655486130272276e+00
6.214465360633857766e-02
7.325427171731443421e-01
2.389604505021376748e-03
7.648563293531325247e-01
-3.810220902364011564e-01
7.959980885933646277e-01
6.373709558066033287e-02
-1.023600502189944583e+00
-3.279275079766070244e-01
-9.152790575528750583e-02
3.811369923480695254e-01
-5.964818820042876446e-01
-8.191738034684057368e-01
-7.671828813007178782e-01
2.621853952122374376e-01
7.694888826351869993e-01
-8.419529256860062150e-01
-5.840756179931497760e-01
1.033265562933960574e-01
3.461462008464077367e-01
-2.839893129360288038e-01
1.671434491824922985e-01
-5.706444689587599761e-01
5.101734396323630572e-01
3.411529787441731076e-01
9.743845130238727448e-01
2.350224586157038664e-01
6.859669197516042871e-01
-2.617885404907134561e-02
-3.061502860860442765e-01
-6.113595043454677080e-01
-7.078092971633292985e-01
4.660707966346420150e-01
3.128190362328626684e-01
5.731967613670028161e-01
-7.475323105206496122e-01
