-4.173659937987501123e-01
1.928239424751519326e+00
-1.167084044090941797e+00
-1.441223755746142920e+00
-3.852096254996429381e-01
-2.665724939879234312e-01
-8.072073567710212894e-01
-1.726901839608644962e-01
-5.717690188159313402e-01
2.632060450654506667e+00
-1.527154933862624464e-01
1.056931955990545013e+00
-2.438921881162441796e+00
1.017444143940704482e-01
3.717428834476033117e-01
-1.187211822362965519e+00
4.677749803739956747e-01
-1.185788918884363996e+00
1.853177674835272404e-01
-3.330921986368705623e-01
2.053795844098787349e+00
1.878696889515537150e+00
4.637565696188362119e-01
1.005160077988991540e+00
-5.069207866041020027e-01
-3.097466518633751331e-01
1.733441153602300222e+00
6.425055730245046726e-02
1.384971539037878507e+00
2.473701726561599479e+00
-3.548001309237680534e-01
-2.227449084281907243e+00
-5.988171572817219124e-01
-2.154246211120140142e+00
-1.896453843075838641e+00
-8.580839323777089689e-01
5.305613328814086094e-01
-1.922338697150754561e+00
1.164668905544834043e+00
1.948927325484203443e+00
1.665641936366897058e+00
3.611767257078192794e-01
2.779607243543355644e+00
-1.804222974306362692e+00
-9.146959333040071138e-01
-1.038512538184672485e+00
5.110514410078162983e-01
1.105071788338471306e+00
-8.807171533221347381e-02
-4.665258149583893510e-01
6.642998030371585205e-01
4.537505682363735526e-01
1.364220320900656924e+00
-1.304941546495028692e+00
9.565364351895813133e-01
1.392476532999295857e+00
-1.371969661801703433e+00
1.223600506753480671e-01
1.717518662789312978e-01
-1.691346968373859561e+00
7.968500440559458387e-01
-1.032124172720201738e+00
-1.257487547179848342e+00
5.422941608019458126e-01
-7.475460609189110706e-02
-1.422791998987507300e+00
9.611205312970991788e-01
-1.283405289509882197e+00
5.209922164548858037e-01
-4.347880480358419231e-01
4.944759756140824636e-01
-1.595325977821371977e+00
-1.244161458044521051e+00
1.524878010229054892e+00
1.247276941221592717e+00
1.353572103144526917e+00
-1.041526572351510360e+00
-1.413656501758219219e+00
9.521112442951689125e-01
-1.397764517316295585e+00
2.371316520972110098e+00
4.670159272015253493e-01
2.180974616750342709e-01
4.940330126904528552e-01
-1.660981205825815321e+00
-9.552870943101612333e-01
-9.681420709357762000e-01
7.385293720610401902e-01
-8.161383271141801066e-01
5.889922244844590926e-01
-5.114554834864388777e-01
1.741259169525446737e-01
-1.119572921613493532e+00
-2.664391802412144905e+00
-3.786598623229029542e-02
-2.573152660982182538e-01
1.241276361804116712e+00
2.955110357334134186e+00
-1.530824675886978681e-01
3.306522937110957239e-01
1.769561686576025750e+00
-1.347456629814992590e-01
-4.496995911834643644e-01
1.561969883568636419e+00
1.359950620400702581e+00
-3.399804909547706200e-01
-1.237839425766689372e+00
5.288595181993256400e-01
-1.807608727932277892e+00
-4.869554042894573831e-01
-2.003638816766907915e+00
1.284766499301391862e+00
1.379314073590731216e+00
-1.426720519524191932e-01
-1.486314912870315030e+00
6.267574644398358208e-01
1.220412540341437424e+00
-2.100954553984601125e-01
1.176946511042404886e+00
1.037894356948089181e+00
4.374768536429275989e-01
-5.390857657806024106e-01
5.915996247529912155e-01
1.043002298545354201e+00
-1.453469046565807610e-01
-2.332723256270062162e+00
2.113628052490250375e-01
-1.781014919600458102e+00
-1.067738922091635789e+00
-1.608963729322311353e-01
1.353743602736610763e+00
-8.213083627317616653e-01
-1.055690666443099168e+00
-1.582445904870401598e+00
-3.215195024895415310e-01
-4.173579608959883669e-01
-5.192202654868172118e-01
2.119523255095375980e+00
-1.693534142239276008e+00
7.255194367645960429e-02
6.692665777100782754e-02
-1.796327491995369563e+00
8.021749561456824607e-01
-1.834836323765544341e-01
1.197168648344190567e+00
2.979220938839105548e-01
8.915746357145315493e-01
-4.579391546026951310e-01
-1.412376502168297243e+00
-1.142316911513965971e+00
6.545079784402453305e-01
-1.868977817084087834e+00
-8.813975674204054256e-01
-2.656238187123797889e+00
-8.079898132244021092e-01
3.839443421740982437e-02
-9.621113309808830838e-01
-8.321043842814372926e-01
-2.729518273551318153e+00
-1.794761569923867039e+00
1.717605551199493874e+00
-1.457423291220764749e+00
-2.259662385876659574e-01
-5.171489240207589877e-02
3.079728769182773718e+00
-4.306857885507899830e-01
7.377291639440186621e-01
6.118174310601449672e-01
-7.643719223872674773e-01
2.439906893096946694e-01
-6.594553758498515883e-01
-1.683769475436140306e+00
2.806309702873121203e+00
-1.197919698742869299e+00
-1.934940198075624451e+00
-2.033917074511113476e+00
-1.112510957132241574e+00
-2.382106238087822181e+00
1.867769310020456208e-01
-8.542528870345112990e-01
-8.417193583253250733e-01
-6.503086430514692928e-01
6.542280320725377685e-01
-6.550749225747124482e-01
1.357004159485294126e-01
-1.542213231594818268e+00
-6.682925656188699604e-01
-5.036344029088076768e-01
1.841458903971454175e+00
-1.157542229501727915e+00
-4.117453221224494087e-01
-2.284348566424607263e+00
-5.219230699904324755e-01
-1.208079522496288138e+00
-2.114706029862986281e+00
-1.908021875871866113e+00
5.763031295436881196e-01
-1.057602579983532243e+00
7.775230902200898075e-01
-1.755204104327205528e+00
-2.669600793018682694e+00
3.165759349396144451e-01
-1.444640733100836183e+00
1.960478228759176655e+00
1.377496127951411298e+00
-7.787457354662324915e-01
1.101253431113082382e+00
-1.347771233799983870e+00
1.515969694830495929e+00
7.161103711475821365e-01
2.763619648188850864e+00
-9.083782493761743959e-01
-8.992218181061989446e-02
-2.540610045953787255e-01
9.753443047651073616e-01
-2.246026839892558247e+00
-1.995793828092722766e+00
1.608017455001702789e+00
-8.640903098574453933e-02
-1.182662741887025248e+00
7.822069771534541083e-01
5.456757895500606859e-01
1.472059884863602619e+00
-7.438747544446423499e-01
1.968078316094282743e+00
-8.521140564035956100e-01
1.227888135842053696e+00
5.200834023818898810e-01
2.869854197175943922e-01
-9.092094935823701318e-01
-7.848367939129947679e-01
2.089669885515690329e+00
-1.136695235251584890e+00
1.918192862426356948e-01
-5.707459211617547101e-01
-1.285261937068544080e+00
8.659796428015887892e-01
-5.742307586111929270e-03
6.531377353179701473e-01
2.396336525314118227e+00
7.766299788431187956e-01
1.869367536947261987e+00
-1.785404167287609756e-01
4.336676208870924309e-01
-9.721806793603438024e-01
-1.688626511940416686e+00
2.858186089387495077e+00
1.560424370305748765e+00
2.721325743530355057e-01
1.319951159288199616e+00
-1.271052291611197427e-01
4.242494447554728820e-02
-8.265162323264368949e-02
-2.656764485033312750e-01
-2.030317226881176662e+00
-3.391346974735514608e-01
1.766569595406504600e+00
-2.760646294852335814e+00
8.292655793630489269e-02
1.211897343219377587e+00
-4.238337327077588146e-01
-2.226010874664825945e+00
-6.505429795916505518e-03
1.297902542232118206e+00
-4.665770132978475093e-01
