-1.057952651669161748e+00
2.571588432273677269e-02
-3.827739260163465773e-01
9.635457062183588883e-01
-1.540081651408794272e+00
2.777830864175277470e-01
-7.891960914371116964e-02
1.031496579682978476e+00
-7.623073803248395786e-01
-9.893179847343235300e-01
-3.222826457127811128e+00
8.063633488111766889e-02
1.470201440956884431e+00
-1.513045743380433628e+00
-7.335177251977201829e-01
7.636689584355230709e-01
-2.228592601080172209e+00
1.844899358154299396e+00
-2.644017109593323589e+00
9.118906123296690591e-01
-9.038163835742131225e-01
5.834423503120771404e-01
-6.434452004696477045e-01
6.772352610948690899e-01
9.905603388264692111e-01
1.311893770410256899e+00
-2.449742096169209571e+00
-2.073709906763356425e+00
-1.568427985122896606e+00
2.529071804039957350e+00
-1.352719137900027180e+00
1.295150548241850608e+00
3.771636658774068507e-01
2.171216073807625602e+00
9.226364700707258004e-01
8.513658947021252033e-01
-4.777242355357512182e-01
7.300974926545428234e-01
2.320333937762679710e+00
8.768547236914022713e-01
5.695134894694747763e-02
-4.483536670600047902e-01
1.916763167393537026e-01
6.532240903686225009e-01
-1.817704887708450068e+00
-1.652184922764766251e+00
4.087803137138820153e-01
8.544293264690040746e-02
4.796120379380015564e-01
-1.792905565579795413e+00
-5.783414099957635557e-01
-7.472284882987074717e-01
-1.548989940911339735e-01
4.042098345094095602e-01
-1.261047391698757840e-02
5.593529976877310156e-02
5.344555730377412717e-01
4.675505719133432603e-01
2.017721168210088845e+00
1.750434636096652952e+00
1.940392234245688741e+00
1.086843647169127181e+00
2.785950650006762785e+00
1.897490054341234744e+00
5.069176010644409203e-02
-2.612036534150370404e-01
2.453098072871399693e-01
4.760378472916260706e-01
6.867761508051913877e-01
1.276108495926212338e+00
2.523807835266791866e+00
9.239267193096400987e-01
-1.644178617258012620e+00
2.279201170454304037e+00
-1.039100709495453412e+00
1.019059085871348636e+00
2.117345777094881587e+00
-5.567206922694630800e-01
1.778964182329161536e+00
-3.009864252381099781e-01
1.195369573479219349e+00
8.377463420999649302e-02
2.494569643891088262e+00
-4.558026441014273455e-01
9.377216989372946787e-02
-1.127508743759655596e+00
-3.196506984465286028e+00
1.368714894506870006e-01
-6.393220256042057015e-01
2.038260358201154254e+00
1.080403153828511487e+00
5.719766974579404417e-01
8.230489749157777757e-01
-1.574881889271974700e+00
2.321426797166564748e-01
-6.057045442169436411e-01
1.926874164737693906e+00
-2.638401542777617959e+00
1.061802133750079147e+00
-1.225509998225752906e+00
1.309527686386455780e+00
1.716021447313689663e+00
2.944946962451173156e-01
2.294766548936313377e+00
-1.351785570786355972e+00
-6.634073446460706514e-01
1.386436029754278265e-01
4.509086587484323339e-01
1.296539426297283804e+00
-3.196964602522447962e-01
6.042929013778070013e-02
-1.129850363177841599e+00
2.594984386371077978e+00
1.328788208617823319e+00
2.317534844650706471e+00
-2.258214428557960840e+00
4.715113197888681773e-01
2.000518595305496028e-01
-5.441031679332196669e-01
-1.223404450904056473e+00
-7.861140684273338897e-01
1.118954126684650552e+00
4.757779008960582035e-01
7.701568309832234061e-01
-6.962053381682462572e-01
1.488082488686490068e+00
-2.708421000924755795e+00
5.392928602909689006e-01
-5.362828784470735632e-01
1.317971959568846385e+00
2.253319564435279643e-01
1.162975471480679035e+00
1.532890416235302533e+00
-2.102312490174736315e+00
-3.257624899694669729e+00
1.793366910538703562e+00
2.187432276097899031e+00
2.765035109363152444e+00
-1.324499318612732290e+00
-2.404106210849955350e+00
1.600411333363511712e+00
1.582675751562078847e+00
-1.506962080045165298e+00
1.988847966123970856e+00
-1.137862897906259052e+00
-8.232869713392068078e-01
4.436586937796266339e-01
1.753051363600603152e-01
1.193314909574801769e-01
-2.311843923498966280e+00
1.222210612954577114e+00
-7.277501402552262189e-01
-4.923384394096041450e-01
-5.055985721122451260e-01
-6.116447107035952735e-01
5.636102201890668129e-01
1.276859094187797972e+00
3.736370422315384021e-02
5.674170863981211621e-01
7.586369333153556438e-01
-2.004503912289926360e-01
8.699264037253534587e-01
-2.160418237099111793e-01
-3.586908262380052170e-02
-1.109520425353800910e+00
1.119310823304472124e-01
1.153145282551741202e+00
3.398281556539419768e-01
5.931531600905017854e-01
5.130577349940050880e-01
-2.714589311673615946e+00
6.610585360633891572e-01
2.504706629190315947e+00
2.971980282293438247e-01
9.239000009886879639e-01
1.655241777712697537e+00
-3.770278286866760586e-01
-1.542905760105790058e+00
1.950511595725154423e+00
2.085271009674815268e+00
-9.131595220665651436e-01
-8.127829375512807264e-01
-2.380350792370818258e+00
2.833432778139654662e+00
-6.302243823496668229e-01
-3.277280194507869560e+00
-9.784556795854393307e-01
-5.744300449980396239e-01
-1.558444821716445938e-01
-1.231457262205993608e+00
1.848869899221243118e+00
-1.457773792465405782e-01
-3.051981318041534497e-01
-1.209127862438870160e+00
-6.403697087789607112e-01
2.842544731931176738e+00
-7.297807130356539496e-01
-6.997146214173594059e-01
2.556814053092318351e-01
1.562883235558078621e+00
-3.499631786487701901e-01
-6.538468606950581519e-01
-8.199565431826671968e-01
1.662379551791154597e+00
6.360220978962018989e-01
-2.036343756999978716e+00
-5.938579226419981039e-01
-1.481917030330346385e+00
1.176814979101416525e-01
5.102698238953825571e-01
1.753191193414542215e-01
-8.322544446390960360e-01
1.978263331426930671e+00
7.054487048877907673e-01
-3.305390768542662894e+00
-7.091243450407245241e-01
-2.682173954863505294e+00
1.556432304739791661e+00
-1.224536203919967647e+00
5.124449232758916395e-01
6.051559439507731009e-01
1.139445064234309912e+00
2.414889487918588928e-01
1.800730143615058232e+00
-8.617467309598000197e-03
-2.886618993506843145e-01
-3.195937046149832095e-01
3.952167880017707358e-01
-3.688905405061345677e-01
1.629677381157990990e+00
6.107337145126943145e-01
6.075906426662083248e-01
3.444367578044509656e-03
3.447426105241746530e+00
-7.004227645738024810e-01
1.960420056923073195e+00
2.258929432244319302e-01
3.890902191419710054e-01
1.361555318175418305e+00
1.088738468694139705e+00
3.886994991799617716e-01
-3.490248242461665984e-02
1.131019534806074978e+00
-2.421459559466793976e-01
3.996905986881612027e-01
5.942890174326385944e-02
7.046940408937482081e-01
5.535281512276135629e-01
1.627244090136267696e+00
-8.586195138091647916e-01
-2.489867752468038820e+00
-7.922969777864016239e-01
-1.063495509906779990e+00
2.269985671454195941e+00
-6.534588250522646025e-01
-2.832431530955426435e+00
7.128164394498198719e-02
7.628834768875553118e-01
1.351117245714296144e-01
1.579939909088661221e+00
-2.546085978213448731e-01
-6.912412655042592391e-01
-9.197904153140612493e-01
1.496464949215399187e-01
1.197170103876426639e+00
