-8.713617896817349440e-01
5.626547518900961581e-02
-3.734575420282461589e-01
9.334928658473645724e-01
-1.564066902016840510e+00
1.191977096153563342e-01
-2.962490619961360983e-01
1.035611201986236019e+00
-5.183352128240896750e-01
-9.829682281033051972e-01
-3.038091609622092903e+00
7.194609688863902452e-02
1.575626008874134509e+00
-1.704129848024287242e+00
-6.333222752202870565e-01
7.331912933676599797e-01
-2.225078853367598253e+00
1.644858660548048190e+00
-2.655186097602573181e+00
1.074759174961904540e+00
-8.883812159286973431e-01
6.712354910995819157e-01
-7.634671682874585308e-01
5.907256564369699481e-01
9.267672779250324400e-01
1.392584661781564703e+00
-2.550831744272537449e+00
-1.906366909519236819e+00
-1.719098036433226229e+00
2.523747687416779684e+00
-1.236696157878434121e+00
1.338779145122844794e+00
2.921802227262222384e-01
2.178038057869653432e+00
9.176074755622131152e-01
8.540399464255556961e-01
-4.651812951032788246e-01
7.646979386363796927e-01
2.267537160115961736e+00
8.320753895835515390e-01
5.626582997539915365e-02
-4.083652998243934573e-01
6.205956905116771782e-03
6.600853194171054650e-01
-1.680441976710027818e+00
-1.484588194964760355e+00
3.992269964536099280e-01
4.658238217229344613e-01
6.737340455546827478e-01
-1.843270705282904931e+00
-7.853035433193559234e-01
-5.799798204119409606e-01
-2.722790486956560563e-01
5.365218222515321100e-01
1.744728630124553481e-01
-1.837110273747808442e-01
4.637650337404767842e-01
3.060241998432876032e-01
2.256072538130717842e+00
1.733844039721814001e+00
1.973439983732191649e+00
9.775211631486884212e-01
2.880819544582590819e+00
1.792957654163056747e+00
-1.937847993228893895e-01
-2.973773161988065294e-01
1.924444596475644031e-01
4.354510469331090983e-01
7.309976301069835980e-01
1.324634213096450575e+00
2.511061180197247555e+00
1.213279790009672565e+00
-1.498273618746849056e+00
2.158089015738787086e+00
-1.166606530703545808e+00
1.021138286373822313e+00
2.236250491720783717e+00
-5.896211721967408170e-01
1.814911318478381386e+00
-2.946980601345298711e-01
1.485324365265558111e+00
1.186246998215111093e-01
2.578569818281803983e+00
-4.717666746606328787e-01
3.917019575193186887e-02
-1.173803453507945571e+00
-3.252474052055148057e+00
1.554789196642228366e-01
-8.231579836592114452e-01
1.587937884633328967e+00
6.579818416713509865e-01
6.409550967050601233e-01
8.409313759364904772e-01
-1.576752725036868474e+00
2.109073421196659970e-01
-3.008533153564187934e-01
2.094136242111460877e+00
-2.561662773168079887e+00
1.207870092290850739e+00
-1.240795013099923683e+00
1.191935951707865149e+00
1.841317571042334400e+00
1.940291169764500889e-01
2.288708056641691524e+00
-1.914656223521592038e+00
-2.065445793580741318e-01
3.157842220964364177e-01
3.705282912368986770e-01
1.417551129754022643e+00
-4.161301311323467589e-01
1.745810356449460921e-01
-9.613187374103835392e-01
2.507922889322857785e+00
1.403378630160061702e+00
2.300751304726531998e+00
-2.448084178752128803e+00
2.572663506564412117e-01
2.215192599088944836e-01
-7.366482912336682620e-01
-1.229980777932207614e+00
-7.470141092709302599e-01
1.198756681149850012e+00
7.642295836964081435e-01
6.450649634182240577e-01
-1.000736483299734969e+00
1.412496045835387903e+00
-2.718578347863283007e+00
7.436596915108634187e-01
-6.355012037991822904e-01
1.006453183241176941e+00
3.573263708837289832e-01
1.197475735205833836e+00
1.449683179686989787e+00
-2.187389603929626336e+00
-3.022601417415986980e+00
1.903673687612383425e+00
2.272683714736854377e+00
2.593954970686268346e+00
-1.320402731742026159e+00
-2.408865694533746993e+00
1.785116098244271532e+00
1.631086160630928372e+00
-1.460528501160015535e+00
2.000688826053425906e+00
-7.839331902996703461e-01
-5.923480835966359326e-01
1.022739551635490463e+00
2.196922393930733630e-01
4.304054707008473368e-01
-2.210145216072279428e+00
1.128354139352637509e+00
-7.248951538835890496e-01
-1.956365234487882909e-01
-6.284766672612360772e-01
-7.785321812357584026e-01
5.151656437593679083e-01
1.261541413096218145e+00
-2.625397919320476836e-02
6.138750096762598529e-01
1.044571757180678961e+00
-2.947448383018383411e-01
1.026880096404973131e+00
-2.456342408745694483e-01
8.009825942279016897e-03
-1.063286731283206388e+00
-1.940617328452729773e-01
9.905074336407808655e-01
3.800595927003123098e-01
1.381154838127447992e-01
3.988844551485102308e-01
-2.817651446479574329e+00
3.244294949549104690e-01
2.383775780498764263e+00
-1.037924117718291434e-01
7.088852948166373125e-01
1.614446010715365087e+00
-1.025300650450520074e-01
-1.434347694069401102e+00
1.938842511679040870e+00
2.054725046051302240e+00
-8.161398233438328376e-01
-8.352551040793976256e-01
-2.358041430149649731e+00
2.921241402372696250e+00
-5.562585300420179735e-01
-3.348668348331487632e+00
-1.046258687322644487e+00
-1.402138653022186598e-01
-2.684605806831243391e-01
-8.889271182231528456e-01
1.898324435259102660e+00
-2.031384987418275168e-01
-5.010438895216005051e-01
-1.359310922580251546e+00
-5.396074334888629753e-01
2.667865766404133421e+00
-4.444229283274902381e-02
-6.745507338305276601e-01
2.649312046484439409e-02
1.274030408776611001e+00
-3.360724676789200727e-01
-7.770371453824810315e-01
-9.903015303916505863e-01
2.083800767810635168e+00
7.833849532173707830e-01
-2.075079935727754066e+00
-5.973962959071097423e-01
-1.542688114287045886e+00
7.291047791233845610e-02
4.830168984800801146e-01
1.984601770944099119e-01
-8.587897326241233920e-01
1.886076205855789389e+00
5.532597884919900899e-01
-3.304109036769701913e+00
-9.045131764878482361e-01
-2.507401389147684956e+00
1.674032594183859857e+00
-9.527144502693100092e-01
7.612974391250559858e-01
5.360241782031949231e-01
8.038751614641512777e-01
2.428526954100362900e-01
1.865532024879995143e+00
2.083989919566706789e-02
-2.692201403557044626e-01
-2.997245530659326529e-01
3.966060514630018186e-01
-3.710509736344191345e-01
1.662778178642103422e+00
6.108975915449550431e-01
6.427018948161155043e-01
-6.494103729046404871e-02
3.442247110642172814e+00
-7.128325176278725861e-01
2.059329754515283106e+00
3.265752264203695687e-01
7.400908255964779858e-01
1.398393873550557220e+00
1.156017868184999964e+00
1.944514207567482611e-01
2.747527778718884470e-02
1.143865550264062669e+00
-1.617679738949212020e-01
5.961859697874297703e-01
3.790764372951866412e-01
5.487887710845377187e-01
6.756832595578501355e-01
1.712347108623812897e+00
-7.828292249380180978e-01
-2.515646613750342375e+00
-8.419653247761417214e-01
-1.329899400959754896e+00
2.157824743138556656e+00
-8.748574325708344812e-01
-2.828622564858834121e+00
3.658760730248876714e-01
9.114285186895619839e-01
2.328356967633988250e-01
1.729282726407984194e+00
-4.493978686694606872e-01
-6.638676889134929038e-01
-8.688575772540066966e-01
-2.482701945795308396e-01
1.124836971154389520e+00
