5.250120270282674362e-01
2.915493670903543499e+00
-8.734108207905918464e-01
1.082585521340321044e+00
-1.236020321133813216e+00
3.575346647843100634e+00
1.875953582903790995e+00
3.642099528363095806e-01
-5.700014625234593346e+00
6.534514559754808216e-01
-6.466889968110774989e-01
-1.416835346985539479e+00
-1.532990629160644991e+00
-4.205892294659387964e-01
-2.025468022692867631e+00
1.214340066646181909e-01
3.184065990681663738e+00
-7.813584793245481608e-02
1.844751046116430482e+00
2.060902843347811597e+00
2.672508595844928170e+00
-6.417488451247987058e+00
3.412801441502435473e+00
2.477146510829741910e+00
2.675670847592414248e+00
-2.488929740559165715e+00
-2.267328361879331844e+00
6.732348546020793245e-01
-2.765196915912343290e+00
1.147849510928343530e+00
-3.169721725842676197e+00
-3.094696943136942546e-01
3.556317143951232662e+00
2.875470507714823043e+00
-3.403387283174091671e+00
6.994514225085336490e-01
1.064565685472859569e+00
1.406453849830246350e+00
3.440237379910596083e+00
4.861648586225132185e+00
-1.956216579504956421e+00
-2.557742872340847740e+00
-2.513341910223723996e+00
5.616948861363044720e-01
3.073565043943664143e+00
3.029377406541915008e+00
4.185160023203239099e+00
-2.122071080899213591e+00
3.435158520133962501e+00
-1.722243458319017595e+00
-1.196610691217523614e+00
-3.243352007510725166e+00
1.174187334758356016e+00
-1.087345366552536996e+00
-1.040554215704911911e+00
-1.333424515921945108e+00
-4.262222911200707065e-01
2.031311185432499222e+00
8.128419158988330340e-01
2.834836316698055469e+00
6.874025486396416973e+00
1.731295625255277804e+00
-7.507683208761548599e-01
8.683427752414459855e-01
-2.784782374381347125e+00
-2.865338217948250943e+00
1.385781112763097012e+00
-1.417512494208826856e+00
4.731882170447833325e+00
3.703280738928751425e+00
-7.106150600983114352e-01
-5.500949107903592150e-01
-2.387467153777516504e+00
2.873270150384057420e+00
-3.768457659458731346e+00
-3.824224076565392760e+00
-2.391443193987167426e+00
-8.616543575599349136e-01
8.584794521997030081e-01
-2.871785959276305977e+00
3.500967874149497838e+00
5.382159020950585848e+00
-8.574649245574915701e-01
4.443883537470555645e+00
-2.853857009442405168e+00
1.609162800501144241e+00
5.059887560661529005e-01
-6.281523772339213663e-01
-3.102686267658981922e+00
1.157238235687440220e+00
-1.107511390139018337e+00
-1.330711117810123412e+00
-1.774524023821220986e+00
9.625994844215640667e-03
-3.464188343295623529e+00
3.520953684656031868e-01
-6.429541655251995280e+00
2.114893947055806467e-01
-7.319087668981284489e-01
-3.451035504794165210e+00
-3.587381497741023662e+00
-4.060533216230942877e+00
-3.979979762226305784e+00
2.976621385306648548e+00
5.148313831019699638e-01
3.787312380646914001e+00
5.810604397994042714e+00
-2.162178770928441907e+00
-5.559865737859197576e-01
-2.026326914517511124e+00
3.808335355305269010e-01
8.114999522133484744e-01
3.147567832015544464e+00
-2.685749339813674919e+00
4.646220005532186725e+00
4.229676039117088671e+00
1.890205184907585156e+00
-1.280512623567044761e+00
2.503762486368482421e+00
-3.756983408431706084e-01
-2.386851617336550380e+00
-4.352135528395496777e+00
2.009477860043342723e+00
3.428526364335706678e-01
2.707467349928504019e-01
3.933800412196435836e+00
4.034556576380547988e+00
-1.877517186868539412e+00
2.157189433573484916e+00
-5.099739522660323487e+00
-7.716447033900861729e-01
1.925780596047799165e-01
5.005482020971665058e+00
3.293783278709061069e+00
-6.024787719819513221e-01
2.314111804436869591e+00
-1.434095099826117270e+00
5.090743669414726780e-01
4.108174808329239980e+00
-2.005341000316272382e+00
2.819194916343269686e+00
8.634542633138210244e-01
-1.591292034836008673e+00
-8.852147755565625831e-01
1.524521135712112452e+00
8.594655505796958694e-01
4.704746634721671761e+00
-3.106221996952293285e+00
1.244426184509914712e+00
1.965256867148565678e-01
-3.654060834164693627e+00
3.053834092092846841e+00
-8.727770881426326621e-01
4.902939236463375039e-01
-4.614611695943438896e+00
-1.715767599873740501e+00
4.208352256771507705e+00
-4.557531203285385857e+00
2.618308027502950441e+00
-1.609272894101078100e+00
-1.472222124962824008e+00
-4.916600000134867088e+00
5.840825748375012560e-01
7.699465062555219674e-01
3.225165196999819184e+00
8.313566773273249888e-01
4.594496702554877743e+00
-3.477733078988770599e-01
-2.972980965637850748e+00
1.851659076276762073e-01
3.138689353300101459e-01
-3.787466543556686549e+00
2.828242243732321803e+00
-1.223677033269563230e+00
3.889681123440731358e+00
9.603179766734175615e-01
3.804933694971787794e+00
2.502688271843109824e+00
-2.108134584826999003e+00
3.808510202025846336e+00
1.230794112043587685e+00
-7.202384952215818981e-01
3.151038774025841427e+00
-2.813596477293691667e+00
-4.555236743904133689e+00
5.407172440491544663e+00
-3.439883030901326189e-01
-9.744183438034905720e-01
7.797448150850438964e-01
-1.129656899113917756e+00
3.462014934127551680e+00
-6.440724564716623357e-01
-2.265509353460676056e+00
3.648834081546057373e+00
-3.807956565322493603e+00
-4.420561678722140009e+00
-3.454397497131286077e+00
-1.494763142135949963e+00
-2.617123759552007378e+00
-1.488736593020165255e+00
7.207224371907269278e-01
-3.839039598466440495e+00
-2.797936329320634408e-01
-1.931248885146852778e+00
1.457303719256217711e-01
9.286686126501042526e-01
-1.062435982187073913e+00
1.523272308500632999e+00
1.887626128121060676e+00
1.263146804041940241e+00
-1.747664389914652394e-01
-2.924850782481156930e+00
-3.751070801889804796e-01
6.282426712668074398e-01
2.588640312187577841e+00
-1.552543983973251107e+00
-1.411635201824060548e+00
-5.112306742138846616e+00
5.279474441903025950e-01
1.092232541883637831e+00
2.440929082451694376e-01
4.914415049153045834e-01
5.356193113559061247e-01
-1.009858296514835718e+00
3.262617749807375844e+00
-1.492067486314810898e+00
2.337672645733417376e+00
2.371093799573665173e+00
-1.252746916155101364e-01
-3.824708424177685195e+00
-3.076126684580479775e+00
-3.853354230610904096e+00
4.429008839544989584e+00
1.876247924937987643e-02
6.971808668252324481e-02
-2.635564044307183718e+00
5.284962357236895336e+00
-2.392701248528245728e+00
4.599416556604506212e+00
1.022258554578108214e+00
3.525032359081563538e-01
3.783055738457465456e+00
3.689882864081876157e+00
1.444175295698117090e+00
2.570058630868779392e+00
-1.280406339947311789e+00
-3.952796073738742977e-02
-6.238304685626707702e-01
-4.876732422105772846e-01
-1.719931561042614465e+00
3.912460514743164808e+00
1.912533489756640837e+00
-4.525405423320860709e-03
7.562868022490619735e-01
1.437341277625310276e+00
-2.241350520622640730e+00
6.546728168622250044e-01
2.850863927703403800e+00
-1.493318580084987746e+00
-9.977855792340800667e-02
4.781817873742561176e+00
1.199752473059889635e+00
2.397435195763807148e+00
-1.269400218663243041e-01
-2.389528385025722068e-01
