9.267560213683450066e-01
-7.939200467618128254e-01
1.139807256599643770e+00
8.299782792582455215e-02
5.283109119629370021e-01
-1.453870236293342832e-01
-1.998751449175238948e-01
-3.490416244731374407e-02
9.700589273833980508e-01
-1.302917035657481515e-01
-1.280511951297557127e-01
2.819999604846057037e-02
-1.144711699047352288e-01
1.066328367337892713e+00
6.980655577782984844e-01
-5.216660713476041211e-01
1.018134256504656054e+00
3.594189227866692038e-01
-8.195101515023510697e-01
1.427862441117252246e+00
-3.009444770912466094e-01
-3.150967594085918311e-01
1.837521815912543655e-01
9.684825979640018234e-01
-9.551671894402992136e-01
-2.027874681278905578e-01
6.480372634029204493e-01
-7.857769770338682846e-01
-1.650481877792379926e-01
1.216267969998048315e+00
-2.180545193200458531e-01
7.368869937926399161e-02
5.521872302565525997e-02
1.360417209944703609e+00
7.441878423539369791e-01
-2.283419185489518055e-01
-1.087624519249984045e+00
4.279183666603877945e-02
2.474019287897141414e-02
-8.217473631960181546e-01
-3.391144468663098155e-01
7.906435392247281868e-01
-2.952216115101646277e-01
2.136391251950768844e+00
-5.258704616583712715e-02
-7.227904458780573527e-02
-5.415476107274695972e-01
6.145292371960570099e-02
4.208610124890611037e-01
9.408727245541790296e-01
5.978500423771958561e-01
-1.878865023384863331e-01
-4.346215019607550523e-01
2.200790584772679137e-01
3.007743027792613155e-01
-2.925382867642867257e-01
1.158179463208535820e+00
-7.584509968600576801e-01
1.706210153724318224e-01
2.754368066803268289e-01
2.155078381751403538e-01
7.192221918855556950e-01
3.064345309760410085e-01
-8.372766477800517304e-01
3.529260899224732073e-01
6.344100091639892636e-01
2.258193056153652289e-01
5.476140046342167222e-01
-5.096214621159539382e-02
-4.472829038354887432e-01
3.248001979537699924e-02
1.412312674393394918e+00
6.230268374179890323e-01
6.479463508675202821e-01
-2.053215672532801850e-01
4.708696469380336813e-01
1.179567630965187908e+00
2.787970489299312904e-01
5.712890262960260701e-01
9.441517145777964526e-01
2.654625731361105467e-01
5.742226834587748074e-01
-4.994347174315912768e-02
-5.118840571198768341e-01
2.616322892916509435e-01
3.752727588003074710e-01
1.096025701379319983e+00
-3.911213056005526378e-01
-6.092790613766498886e-01
1.701887400671983908e-01
3.748848277332134105e-01
-4.386476764835530173e-01
5.707238834432754038e-01
1.946452890314412654e-01
4.769129428031577689e-01
-1.673375825083810720e-01
1.099415884197364329e-01
-7.274417171620113365e-01
7.163309466322274055e-01
-4.896722614371008808e-02
1.323077457019446124e+00
-3.206284217037664308e-01
-2.440875905756223832e-02
7.767841850992435182e-01
7.799538169726937253e-01
-3.118162110371222040e-01
5.346573498735601726e-01
1.061040304679538027e+00
-3.792029044670018334e-01
5.915169142951361980e-01
1.835980533515022828e-01
3.918166273220012874e-01
4.510511315723535475e-01
3.605739401616640527e-01
2.815900403821375297e-02
8.354274743275627579e-02
1.388805658285311884e+00
1.080933400179817427e+00
3.320162970202449881e-01
1.079762358342507111e+00
-4.602523009817851007e-01
-3.720202298797649076e-01
-9.731261925346441632e-01
-4.552905784780055809e-01
-1.652708458903805744e-01
7.159054652429182042e-01
7.988558348230851980e-01
7.068833937281771007e-01
1.568909386759689051e+00
-6.925697320375640009e-01
2.185657405118896779e-01
4.289218992809648023e-01
1.585078781922639179e-01
5.071911412896626947e-01
3.420803076237302065e-01
-8.370144431991655143e-01
-8.703972051933427379e-01
-3.190473415357100717e-01
-1.252178337004965225e-02
2.897796814673833654e-01
-1.824343714838775055e-01
5.647140539435572260e-01
-8.712532553475629271e-01
1.936725357102454526e-01
5.680448448244446169e-01
-5.066910558360806505e-01
-1.558230302692003022e-01
-9.267215855223931431e-01
-4.380341002381255011e-01
-2.364034218158897194e-01
-5.567356909063294612e-01
8.317105974684417535e-02
1.801997644531873888e-01
3.002295805904461323e-01
-8.536161377458113819e-02
-9.759642623495745628e-01
-5.445984239755445877e-01
2.757702484497504547e-01
-5.132276367726755772e-01
4.298954850018313900e-01
6.225463417421736034e-01
4.958941633971961083e-02
-3.013946341024055786e-01
-6.897060519913480459e-01
6.837418037399363158e-01
-4.589187611095142949e-01
3.173942153407345312e-01
1.009842715146143988e+00
-6.292589662885690327e-01
-4.119148536286246221e-01
1.959479350685372934e+00
-1.582202729317838397e-01
-1.613498020848060932e-01
7.174472034946454135e-01
1.004581462240121903e+00
3.510285364862562041e-01
-9.305441667385244697e-01
4.813719650437024433e-01
-2.114203149321118302e-01
-3.625382290943909847e-01
7.041078601133252679e-01
3.700322125341033441e-01
1.131568622453347661e+00
8.648567103117774657e-01
2.314110058089559677e-02
-1.906478682164232108e-01
1.287791903953866113e+00
2.768694037249024853e-01
-3.303296522207017638e-01
-3.906375520239014909e-01
-3.168947849062462296e-01
-4.276202699413967356e-01
-7.758233205160952606e-01
4.926340798980979319e-01
-6.609289601465233588e-01
-2.154618056078387925e-02
-6.141575787471383885e-01
-1.784520559055388367e-01
5.209924904352072339e-01
-1.031140498476911915e+00
5.722154504094136840e-01
-9.212920039031425867e-01
-7.242077120357951481e-01
1.093511720669057663e+00
7.012998661968440350e-01
-3.318770050054712373e-01
-1.268255833603224025e-01
-5.996783244623259401e-01
3.670148572377510687e-01
-2.066612528482136835e-01
-4.204767302440033383e-01
7.882244973003554867e-01
1.753981128178087712e+00
-5.275781807152379876e-01
-4.261693887429223726e-01
-4.061141546473357455e-01
-7.904561990696189477e-01
4.692980822719116651e-01
7.945806107108638328e-01
-3.454891738530225243e-01
-7.314981175596272367e-01
-2.219461405904451234e-01
9.687944443977615228e-01
2.005804501318371458e-01
1.786012452566675957e-01
5.898108227008712623e-01
4.330053696833605636e-01
-2.347959351715171172e-01
1.062662190724349864e+00
6.214961035732728678e-02
7.324734555230542066e-01
-6.971637015187395758e-03
7.648637627055812072e-01
-3.809093040683467213e-01
7.956947088755615960e-01
4.475482184154483400e-02
-1.023088458271830925e+00
-3.284484126821042849e-01
-9.132612075151877451e-02
3.817124359551902768e-01
-5.964635864376551799e-01
-8.201088414379412717e-01
-7.672022284575317208e-01
2.620299123826556609e-01
7.694881441297563018e-01
-8.419532961830022977e-01
-5.840825246084091482e-01
1.032319745363166619e-01
3.461339288736575703e-01
-2.835225287396385685e-01
1.669447537921747993e-01
-5.757106843812405117e-01
5.101105465422404173e-01
3.407723561434821136e-01
9.738123170094858949e-01
2.333125676020584016e-01
6.859652807877627545e-01
-2.651319258138053539e-02
-3.066956416238777461e-01
-6.110946773094585449e-01
-7.076876962721018183e-01
4.671236795716656176e-01
3.131079445596202104e-01
5.733693138792217425e-01
-7.476806383179620541e-01
