9.282625141203052488e-01
-7.951854874613351054e-01
1.108786126260266292e+00
8.151322880989994579e-02
5.300891883545578720e-01
-1.461378168212089934e-01
-2.009820479771239066e-01
-3.440221518509583437e-02
9.711021987992282112e-01
-1.220828573516421767e-01
-1.314354873465640450e-01
2.828893344232087659e-02
-1.259128732505971071e-01
1.117750496584093867e+00
6.975951750424378428e-01
-5.139047553823666847e-01
1.019346022570947641e+00
3.585656357580374598e-01
-8.426040799062599618e-01
1.418795120015665656e+00
-3.269121495623615870e-01
-3.488144352823787098e-01
1.878717670032008236e-01
9.639520829567875815e-01
-9.545007703356335194e-01
-1.934897704751959158e-01
6.519942709575955453e-01
-7.861003828269088611e-01
-1.686169196741270360e-01
1.190784007520100829e+00
-2.087829540080469448e-01
7.538578876912248317e-02
5.599468747854979833e-02
1.357507917521584062e+00
7.473511163511019628e-01
-2.324001309664479598e-01
-1.072883119846560041e+00
4.149175133159610507e-02
2.315344211985492090e-02
-8.091720683542570347e-01
-3.381558331658408578e-01
7.937727041561516428e-01
-3.073307967720917966e-01
2.138113324123753323e+00
-5.205901447773470664e-02
-7.020757903138016842e-02
-5.526349012981338626e-01
6.225973071147698074e-02
4.128449914380076247e-01
9.349195956922948803e-01
5.955548252860402014e-01
-1.857413216480270912e-01
-3.815988096884360692e-01
2.193247379178760725e-01
3.007841491826486191e-01
-2.951933702058402442e-01
1.159471584595212823e+00
-7.477636818087691761e-01
1.671520537515868432e-01
2.711432335507047986e-01
2.152354771574278569e-01
7.277307151701374321e-01
3.159657830607770501e-01
-8.159199268289546447e-01
3.568262690962482053e-01
6.425659081314158971e-01
2.237584051306152622e-01
5.414409554607325648e-01
6.536296075021061011e-03
-4.441007324289321656e-01
3.415351657554510645e-02
1.406972469069029064e+00
7.387413674438004785e-01
6.359006694889489664e-01
-2.060178520197050722e-01
4.557311636990585835e-01
1.177656592325225571e+00
2.904959374622407275e-01
5.713218293930691916e-01
9.353875715827522086e-01
2.656496210816106651e-01
5.752364370048372866e-01
-4.969722753448399533e-02
-5.109817668399939672e-01
2.976486073499222118e-01
3.872175647144442401e-01
1.083055611005573127e+00
-3.844070117352594296e-01
-6.022917827662674917e-01
1.706362730348925105e-01
3.757020287291844562e-01
-4.413216481507544198e-01
5.691714386079917976e-01
2.021128794964707764e-01
4.758520808688872505e-01
-1.696578383900434750e-01
1.183097622408819383e-01
-7.260253082218414145e-01
6.796917267615562031e-01
-4.323218373571840328e-02
1.380060894912143343e+00
-3.378019619011791708e-01
-2.391841499360174844e-02
7.750507769257928281e-01
7.808049673968965321e-01
-3.122111764934438760e-01
5.372150816584295718e-01
1.049789945997586349e+00
-3.777081580461593147e-01
7.077158355850295957e-01
1.748621669279647184e-01
3.833948893352286391e-01
4.583469577632314773e-01
3.682831972641448792e-01
3.071474912389175749e-02
8.800873495775296540e-02
1.377106281553181821e+00
1.112416980750228435e+00
3.331221572969340072e-01
1.083456532823838581e+00
-4.531826426633875915e-01
-3.561988361600444963e-01
-9.758579124697139839e-01
-4.580679014175136343e-01
-1.567247377700490829e-01
7.155470390554946603e-01
8.000212374270430082e-01
6.888799967114437317e-01
1.552925814835209195e+00
-6.875377515874919743e-01
2.091381000547699875e-01
4.032622280574172935e-01
1.583316060983960549e-01
5.102546071889588752e-01
3.439860292878879067e-01
-8.463816241927325512e-01
-8.712002383438857134e-01
-3.107117865390545131e-01
-6.604942661944096689e-03
2.899704241753579548e-01
-1.878763562074688975e-01
5.695734976435696817e-01
-8.738976140042190588e-01
1.913328462931097596e-01
5.813668817170228875e-01
-4.968721738071760763e-01
-1.364585948168977603e-01
-9.356521340557352184e-01
-4.453084855857961655e-01
-2.339637798760249299e-01
-5.551736782727411113e-01
8.720221319702103902e-02
1.823464775483877587e-01
2.980348107895076093e-01
-9.298539216188526912e-02
-9.780042164408579985e-01
-5.665508241474690454e-01
2.916400583422257831e-01
-5.182110275505195096e-01
4.371490284721026298e-01
6.281662252532838053e-01
1.623324890416018990e-02
-2.999335529947900203e-01
-6.938630041022564310e-01
7.155523132645853490e-01
-4.770938141540803645e-01
3.159108098619683447e-01
1.010024077967297762e+00
-6.252450155849572644e-01
-4.098706691793561618e-01
1.949038811467720844e+00
-1.573660343688939312e-01
-1.595844812645871025e-01
7.186816985581447881e-01
1.011678666008947403e+00
3.543363315721327900e-01
-9.272819202552274875e-01
4.807939274718467382e-01
-2.113371791540651634e-01
-3.505653942697926628e-01
7.150626666215130767e-01
3.695317493626990024e-01
1.126860535687619125e+00
8.736278229048751731e-01
2.124500344506007748e-02
-1.889426687591458098e-01
1.291101308808140224e+00
2.822484535451376675e-01
-3.180705517774552460e-01
-3.926976828718292123e-01
-3.105794261064205308e-01
-4.276791186607815654e-01
-8.995591896305787927e-01
5.187369484979618139e-01
-8.239321731144112482e-01
-2.262483203034591772e-02
-6.630569328944635465e-01
-1.785147094810048130e-01
5.214581597753966680e-01
-1.033333203243067544e+00
6.063637457712151013e-01
-9.119867943369920349e-01
-7.222267672422404416e-01
1.093337474382264141e+00
7.150447785126946565e-01
-3.401697629672306156e-01
-1.402471764908469198e-01
-5.858069098334024449e-01
3.769352191290610832e-01
-2.112367390782998178e-01
-4.248649700734897228e-01
8.023265102689015604e-01
1.753273630235924641e+00
-5.559897961248552178e-01
-4.172327664008539938e-01
-4.079112656037945928e-01
-7.778641085873244654e-01
4.730443465531893321e-01
7.945614662820186247e-01
-3.469375658290757003e-01
-7.407277185176081025e-01
-2.229880980567865711e-01
9.689498607314726009e-01
1.982442148513065827e-01
1.832594709435593494e-01
5.918930753371574038e-01
4.334598028420710847e-01
-2.347290742534001995e-01
1.057985682543561623e+00
6.225318219002222431e-02
7.210402528111020670e-01
-5.326876240454187297e-03
7.751295584557794660e-01
-3.712687796041818089e-01
7.957602186907628550e-01
8.073477022230572675e-02
-1.022319197526072365e+00
-3.289412887179838374e-01
-9.776734389868138586e-02
3.806862513589992503e-01
-5.967365440614162964e-01
-8.202695767339320820e-01
-7.667991582359754421e-01
2.584420808912490930e-01
7.709340464509331081e-01
-8.395886581425817674e-01
-5.845346042430523692e-01
1.122442023983739462e-01
3.586085841953887687e-01
-2.846470727153865288e-01
1.677045907401156777e-01
-5.878119968881573287e-01
5.057987237205079367e-01
3.356176841891083673e-01
9.716951435186000907e-01
2.305873950795385707e-01
6.863667146729441892e-01
-2.551911201811688998e-02
-2.894592918226447376e-01
-6.073796212595566901e-01
-7.052734850994125670e-01
4.686555544790272920e-01
3.130256793188119779e-01
5.688402896434416878e-01
-7.500660554984998063e-01
