9.167232447771063164e-01
-7.989330906749715355e-01
9.719557924217343547e-01
7.231394942743475662e-02
5.342310802781031764e-01
-1.469394018449430295e-01
-2.016627887231104699e-01
-3.453756212278252108e-02
9.716885790899553177e-01
-1.212617249340923187e-01
-1.342659953121108640e-01
2.913218696622513204e-02
-1.267295625708082518e-01
1.151882818525290508e+00
6.955708934795126197e-01
-5.256751474966380178e-01
1.044405631940698242e+00
3.608970040675332780e-01
-8.437232811897732443e-01
1.406905464294196939e+00
-3.291010671123998921e-01
-3.491246929512128450e-01
1.874695674665626532e-01
9.622254465434992854e-01
-9.549092783621115910e-01
-1.867778503076474861e-01
6.523390569679332618e-01
-7.861198693480107025e-01
-1.688610678814775889e-01
1.171097935233897491e+00
-2.098897736013118076e-01
7.820796456886990045e-02
5.693446149194128503e-02
1.361046928523024890e+00
7.473893767803228005e-01
-2.316549005830033092e-01
-1.073437832423118410e+00
1.968946113334283515e-02
2.329990806330767272e-02
-8.077672780726310453e-01
-3.363469876318303520e-01
7.934487564672455528e-01
-2.979049279163765718e-01
2.139078205386273801e+00
-5.054732270832965058e-02
-6.939156996608275563e-02
-5.464934036788047234e-01
6.631365654955481692e-02
4.140214129820951605e-01
9.343450376757568288e-01
5.959038812677017738e-01
-1.884124772501559186e-01
-3.063323257454432236e-01
2.199347333143187311e-01
3.003567485305991824e-01
-2.986325191005405055e-01
1.141248447736203930e+00
-7.276160888609003452e-01
1.681141083429352756e-01
2.645134052741577313e-01
2.175233480039565348e-01
7.280722383992821456e-01
3.192378817306736893e-01
-8.258748249393612628e-01
3.444991337670534892e-01
6.404605438659234373e-01
2.239557878405238345e-01
5.431904250604216999e-01
9.584771806211463130e-02
-4.439133626780558672e-01
4.600359913162655606e-02
1.393701063027130038e+00
7.926284902447547909e-01
6.283960619254249647e-01
-2.123059976386732772e-01
4.639983159265576029e-01
1.177194820401102016e+00
2.939314660252674849e-01
5.711546657852482056e-01
9.360095328038244844e-01
2.656565317969329931e-01
5.710622710221853193e-01
-7.020817761649185418e-02
-5.160531594308706005e-01
2.715906395819979724e-01
3.872543503989631652e-01
1.076083093639142341e+00
-3.915115583454059633e-01
-6.032816294151186476e-01
1.709479840787286042e-01
3.769944639070196835e-01
-4.420332492891539400e-01
5.763464816428097715e-01
2.116225236515520414e-01
4.635081858349351380e-01
-1.686945081228979071e-01
1.225733348847059395e-01
-7.287423681849969359e-01
6.814337827067253883e-01
-4.534437082801140440e-02
1.392364968075879395e+00
-3.616173503292470226e-01
-3.319994767970412680e-02
7.746808152180033602e-01
7.797594720366479715e-01
-3.118346185061294795e-01
5.328062503004610262e-01
1.047190276391862573e+00
-3.787200472854269639e-01
7.131023413800169353e-01
1.693542932587441263e-01
3.809581215183295844e-01
4.540919836352411698e-01
3.759629991188597753e-01
2.758023899869946338e-02
8.828536452422182379e-02
1.396931889011221450e+00
1.127663510837941141e+00
3.377179155685724465e-01
1.083281173501340122e+00
-3.954643685700904854e-01
-3.247074632741012712e-01
-9.794218510989051163e-01
-4.554343046567174702e-01
-1.574408272896632988e-01
7.140448332539123255e-01
8.009386810293958048e-01
6.739079776811830458e-01
1.556078926649156369e+00
-6.877643413691827412e-01
1.991743828099253599e-01
4.119550548816575675e-01
1.579017775158386427e-01
5.120783969253693835e-01
3.349385703521212676e-01
-8.630605335944506740e-01
-8.701336087222769633e-01
-3.101531651032001791e-01
-6.349993104819607811e-03
2.938322062240212307e-01
-1.884015340893556156e-01
5.727655493394685493e-01
-8.689462889340999752e-01
1.901099360857989584e-01
5.814477321263222809e-01
-4.951724142285815478e-01
-1.450197246142668761e-01
-9.356118957603988262e-01
-4.334668311676952435e-01
-2.316048839994851449e-01
-5.512218738672195473e-01
7.784769044560424511e-02
1.798044111151038682e-01
2.973874350592322080e-01
-9.467019165277953952e-02
-9.788910235365126944e-01
-5.663877885904591292e-01
3.100865573023968147e-01
-5.167079738165050173e-01
4.426251990121443658e-01
6.275846751602741636e-01
-9.183134909368367849e-03
-2.990283828848911973e-01
-6.988550429880864279e-01
6.122285939110285735e-01
-4.762186318626201453e-01
3.175384860141133303e-01
1.011182484398836845e+00
-6.280673283350258762e-01
-4.088455619722012324e-01
1.957488770747251028e+00
-1.572662324677004675e-01
-2.004944894660417587e-01
7.192137625067926976e-01
1.012077184218806991e+00
3.556929362844621356e-01
-9.272458577977094052e-01
4.797543052885555603e-01
-2.158261816420204426e-01
-3.370220554208369634e-01
7.160814661789063340e-01
3.624449929756956568e-01
1.130115385646440540e+00
8.739192961112715041e-01
2.002886065545909228e-02
-1.884021501653926622e-01
1.284255591365379479e+00
2.793096470357000483e-01
-3.148552323538211795e-01
-4.171553876064545419e-01
-3.125338265954228367e-01
-4.299074446168368313e-01
-8.993100575249128870e-01
5.420123318873756313e-01
-8.869302898000370750e-01
-2.441630547357333605e-02
-6.362009077578149041e-01
-1.790424811184710141e-01
5.086283710278621806e-01
-1.035340964872078162e+00
6.298029793815370647e-01
-9.058399398494271226e-01
-7.242503861786098174e-01
1.093162298397500898e+00
7.002317503171535673e-01
-3.564438358077379188e-01
-1.432127679873022030e-01
-5.671633337372794514e-01
3.789952253997135867e-01
-2.118899325470904038e-01
-4.268022833532250093e-01
8.049493294787692932e-01
1.752372337548119274e+00
-5.391735355467177637e-01
-4.110995389708766989e-01
-4.024123935047208556e-01
-7.814683924589783670e-01
4.628595200505701279e-01
7.947888090473052003e-01
-3.465472993263041812e-01
-7.422237701672236287e-01
-2.234394919511069888e-01
9.686663254645574428e-01
1.986609158281963106e-01
1.877767486297170219e-01
5.884621648538830296e-01
4.321854912878391186e-01
-2.435909900459412858e-01
1.061938869037619693e+00
6.231706094626927872e-02
7.197258372353239064e-01
1.720255522051641894e-03
7.803297896880394546e-01
-3.811053583362963293e-01
7.933606630654840286e-01
7.292350870108729732e-02
-1.022267239510386005e+00
-3.306022329413807470e-01
-9.287626956287063640e-02
3.804189706685839889e-01
-5.966515266865103362e-01
-8.209544981192428148e-01
-7.659076545802485647e-01
2.577138923691466577e-01
7.708762515991897102e-01
-8.382521665863893467e-01
-5.847609246606539912e-01
1.080747313590990633e-01
3.622644145900589807e-01
-2.841407398160842868e-01
1.671774108460130359e-01
-6.042882966213408702e-01
5.123032638573356001e-01
3.447714912812399612e-01
9.632471017358136267e-01
2.294730125848903346e-01
6.865722930001831870e-01
-2.499260642218007963e-02
-2.898385277515895253e-01
-6.075019518211444147e-01
-7.044592836367256083e-01
4.708176373771716383e-01
3.108995733437179831e-01
5.689349998582587942e-01
-7.498930059905847267e-01
