-4.989672122938080823e-01
5.275993555453880601e-01
-3.090136818171341226e-01
-4.930532124197906652e-01
-8.826958641289620600e-01
1.828482703765931694e+00
1.336769654428174858e-01
-2.049744317097575708e-01
2.749585401439443300e-01
-1.167134621000935013e+00
1.411972413116667768e-01
-8.470874506118253322e-01
-1.380070609576012686e+00
9.813077332161366240e-01
1.560930271840292871e+00
-1.277204558050814232e+00
-8.893195074736461869e-01
9.831864258824835057e-01
-6.091619202232406716e-01
7.808630475632899470e-01
1.304378175729025813e+00
1.759525965213352416e-01
-3.632295462065899816e-01
-7.106323740515376741e-01
-1.501511998686668736e-01
4.514098906375782483e-01
7.193804759328856768e-01
-8.445132735735496610e-01
1.003378803686772347e+00
-5.524417733734161562e-01
-3.853505399861670844e-01
-3.723647681661774178e-01
4.121910472920379820e-01
-2.798181705108984119e-01
-2.087129628291252148e-01
7.039475480436296895e-01
-5.171134487089696918e-01
1.393521275402682225e+00
7.205470247555328944e-01
8.357419086649113815e-01
-3.748675427846124841e-01
-9.025161057317442337e-01
-2.262042004474693890e-01
-6.849022949535458205e-01
-1.147629361618552224e+00
-2.017415413021997894e-01
-6.627500460213502365e-01
9.788154152024144405e-01
1.665765820260488361e+00
2.887448725937176164e-01
-4.081897732001154022e-01
1.045273328937478263e+00
9.535790302700981602e-01
-1.368010395986330785e+00
-5.098128445260980968e-01
3.110357078709696244e-01
2.695299363266512316e-01
-6.539739211751521841e-01
1.739684036165490555e-01
-5.271370210320265315e-01
-2.308192494543817586e-01
-1.676293311411076736e-01
4.126482327233274017e-01
1.630221720906480876e+00
-2.400403132361415448e+00
-3.995030937887363853e-01
8.634714772438702168e-02
5.115959492746918746e-01
8.263919490982154503e-01
4.534801002326642738e-01
-1.007897290228210618e+00
3.123927896781024116e-01
1.045714594033886558e+00
1.305280881812614702e+00
-2.461007958378225169e+00
-3.939347348239544688e-01
5.738529163345515993e-01
-4.935481423246274035e-01
-3.676519502617516810e-01
7.471473398711167002e-01
-1.288283328820084783e+00
6.935527527630426237e-01
-4.632019761692925952e-01
-1.324257953389233355e+00
2.537611440444209054e-01
2.138403825067749509e+00
-1.774584242016836733e+00
-2.586822286113421021e-01
-6.480993793331586428e-01
1.095694763765131668e-01
5.383580590313225001e-01
2.756651262296107019e-01
2.905561030953350832e-01
-4.477397352991336898e-01
-9.399510931705012950e-01
-3.469907160918856981e-01
9.173166844243960116e-02
5.086388747632065305e-02
-1.416241541755285105e-01
-4.000951836796063921e-01
3.890312106896830491e-01
4.844886868702036886e-01
9.503493016414180650e-01
1.682012602692279701e+00
-5.532989175432254103e-02
6.779239642793029041e-01
-5.902852952782560170e-01
1.351927789552588521e+00
-2.758379805517989780e-01
1.820767115780086209e+00
1.510614196483685279e-01
1.486486442131204289e+00
8.079469766291496047e-01
1.879247669665654596e-01
6.307899611304399468e-01
1.441486789493506837e-02
7.871727045670354750e-01
-7.382486298686543602e-01
-3.978005534951613020e-01
-9.234165690060479603e-01
3.706243995150080850e-01
1.468736401036859318e+00
1.119109154950979512e+00
1.926413569828833161e+00
9.609890134409891926e-01
9.252564555138941271e-01
8.780753746596062781e-01
-2.562860205081771703e-01
-3.511297715349184778e-02
4.311196840952969955e-01
-9.677505199699987237e-01
2.036388600543404537e-01
1.072885289743316095e-01
-3.894222919388853899e-01
-1.201066071153063852e+00
-3.120096315907074369e-01
-4.066788534633784535e-01
-1.199629282267365316e+00
5.766541176461341678e-01
-6.410113949346918361e-01
7.978854179909887767e-01
-5.885258755650319973e-01
-1.834623384177422212e+00
1.195433617498252277e+00
1.293218623430675285e-01
-1.040013688657777768e+00
9.608191167347611417e-02
4.180595597751143866e-01
1.600479896194438423e+00
-3.647215715359782839e-01
-1.203407047080929049e+00
1.403380239800073204e+00
1.389307419833484714e+00
-2.678568965435890181e-03
7.343752266467590273e-01
-1.148711931463867852e+00
-2.222114794533476267e-01
-5.122811303031320485e-01
1.235551027266809765e+00
-5.425095682906747596e-01
-5.085676975493572671e-01
6.319618238311773828e-01
-5.804812507138896738e-01
1.035741877734176475e-01
1.287270598139472755e+00
-1.205949070889648311e+00
5.759093843868401397e-01
3.451990656360781062e-01
8.913605848510197660e-01
-1.146355364340041483e-01
4.699839798937237023e-01
-1.083247130718032469e+00
-6.274094256472303455e-01
-6.435220353561786899e-01
2.550235931187397886e-01
-2.414304651342421559e-01
-1.182300774851955394e+00
-1.004777672414527201e+00
-3.697174677135491028e-02
8.438338745733013901e-01
-2.059003992677311545e-01
-9.616911296013402888e-01
1.090848097580692677e+00
1.335674882417120513e-04
-6.340559121640357287e-02
2.939389371786309546e-01
1.638767328842587023e+00
2.127252867841161188e-01
1.059266280338698074e+00
-3.863774441577170760e-01
-1.105858292565146339e+00
9.284223592842509865e-01
-1.563094066679929561e+00
-1.612004871462914823e-01
-5.398745187452974603e-01
3.427493745649323187e-01
1.949789842984896437e-01
7.906873243024797882e-01
9.851118714725918268e-01
2.203478980812534349e-01
-9.757920234556692884e-01
-1.161344480765125420e+00
8.535535396449224210e-01
1.286534939446555503e+00
-9.248318580414075507e-01
-6.111093609501823121e-01
-3.709890477643669193e-01
8.573015485455831586e-01
-6.243132954785342026e-01
4.485118491746777070e-02
3.952699023907592646e-01
-2.637680073380452850e-01
9.998163571086224888e-01
1.568783215914249185e+00
1.487774810853285112e-01
1.570972136534281027e-01
-3.173051885208516554e-01
-3.187444330135565940e-01
5.950967442737092883e-01
-7.698083155919057674e-01
-7.771736940204412858e-02
3.044249527222220308e-01
2.244152598969400836e-01
4.487912959362940213e-01
-3.703475164053386670e-02
-9.165101287416450582e-01
4.466610877661740808e-01
-3.233160212384857402e-01
-1.415908591995172772e-01
-5.163708049060136696e-02
1.783163941020065035e-01
-5.443313459844572044e-01
1.204983423693301692e+00
3.137659996087832082e-01
2.645815182128380405e-02
1.991324864592206811e+00
7.065315686471755896e-01
-8.909866978574382257e-01
-1.454823347760088315e-01
5.170158814888261567e-01
-5.395873782836588806e-01
-1.771286780297534724e+00
-1.194818925318678282e+00
1.690757498284844562e+00
1.525809820442260434e-01
-3.841747611551292740e-01
1.901745611305254657e+00
-1.676215907948415684e-01
3.461852200333222496e-01
-1.777647315344689893e+00
-4.041764029016343684e-01
2.269350597381477042e-01
6.647509060959182481e-01
-1.128575671610336922e-01
1.068007141709496288e+00
-4.034626013082928675e-02
-5.518881693382295950e-01
5.758347371069472143e-01
-1.567072932112346884e+00
-4.696670448840885026e-01
-8.221854120197820137e-01
4.594505171768579199e-01
-8.665249144183312380e-01
-5.766361706481234473e-01
1.093383600570869030e+00
