5.037984087725897453e-01
3.005246675315069727e+00
-7.569864434994784119e-01
1.089981643839670999e+00
-1.208189774906138769e+00
3.585050182748801273e+00
1.914190448789356624e+00
1.603693047870098920e-01
-5.519712041017577064e+00
6.420156783586998817e-01
-6.257485185977424980e-01
-1.415819227877007425e+00
-1.576233058363345707e+00
-1.891060658322039068e-01
-2.129446203425905182e+00
2.054788796339344636e-01
3.170146443635334155e+00
2.234899797528763776e-02
1.827051634733671825e+00
1.977497161674143022e+00
2.598839210859914761e+00
-6.295066827877533022e+00
3.364629611865896042e+00
2.190584233214296628e+00
2.688452227412301720e+00
-2.587827499627591177e+00
-2.271137994868281496e+00
5.758334089704855163e-01
-2.842871109905599880e+00
1.155543879190063183e+00
-3.102684741739154095e+00
-2.756702768999004238e-01
3.599313309581382292e+00
2.953099251102887290e+00
-3.170200380521039474e+00
7.031700821330362228e-01
9.934826893437572748e-01
1.432142669051303496e+00
3.337895112002040587e+00
4.863279629034249041e+00
-1.843897502083031048e+00
-2.521709228978611605e+00
-2.765550930645620742e+00
5.718158801824733128e-01
3.012460648910473715e+00
2.839530014013260217e+00
4.166921030745329269e+00
-2.124029560083977586e+00
3.457420386535207335e+00
-1.732957080883766210e+00
-1.132372077338396288e+00
-3.244852751250438150e+00
1.190302864169126895e+00
-1.087652577060511883e+00
-9.535896541829300688e-01
-1.296952925401767098e+00
-4.200153595189892730e-01
1.995393589110381560e+00
7.702253409335160228e-01
2.828911412946658377e+00
6.874199492017287305e+00
1.630301424570008262e+00
-8.464030417725220135e-01
8.949132934310071175e-01
-2.825312974881196926e+00
-2.904724683546493491e+00
1.359685392174450280e+00
-1.393802211560795534e+00
4.764005039385162732e+00
3.716736435091232416e+00
-7.046724651251721205e-01
-5.352692081181733563e-01
-2.347904315479213189e+00
2.877463354189240263e+00
-3.911817349104810937e+00
-3.789809157504625770e+00
-2.482604082533522494e+00
-8.950325547113888724e-01
8.650434252831110671e-01
-2.847524181382361519e+00
3.548177257391216255e+00
5.397850970012298966e+00
-7.046328289704326675e-01
5.116405127463435676e+00
-2.855095929955139500e+00
1.760202119833133683e+00
4.920669939352991240e-01
-6.400591936147572714e-01
-3.134972540116130801e+00
1.122509524935475067e+00
-1.093761360141839889e+00
-1.541228061170648589e+00
-1.735884735829878123e+00
1.051524964242181621e-02
-3.546269409550808049e+00
3.344389170255170352e-01
-6.615368370719517443e+00
1.831707376049004354e-01
-7.696240123748717687e-01
-3.468276627173156879e+00
-3.572087029651860313e+00
-4.081156532509995216e+00
-3.929241889665342491e+00
2.883250493325460351e+00
4.004029334611214352e-01
3.769103692239927472e+00
5.847852451549518271e+00
-2.082439710592587367e+00
-6.261245636722453378e-01
-1.912068618390430297e+00
4.884377077055606087e-01
7.880106362681349452e-01
3.084582730387911642e+00
-2.715215344445726320e+00
4.601545796343249783e+00
4.112511635495466500e+00
1.935099111764657209e+00
-1.251522948162506976e+00
2.493342533769018932e+00
-4.004397294173534516e-01
-2.441831478229149255e+00
-4.226925188313798820e+00
2.109612199903438956e+00
2.329139086684407500e-01
2.822487753912791830e-01
3.979183725651812331e+00
4.199106301444037292e+00
-1.780632455717491291e+00
2.151003208416464751e+00
-5.108709225632085627e+00
-7.947994023433994082e-01
1.814059138330793852e-01
5.005901041157177822e+00
3.282715902836386590e+00
-1.110677266811177510e+00
2.303492216224648725e+00
-9.393757276424374858e-01
6.283890629933704952e-01
4.132812359225052745e+00
-2.216739121257027989e+00
2.796447121243028189e+00
6.831145286541887574e-01
-1.603019199712893750e+00
-8.427859624168195785e-01
1.474355964474504121e+00
9.199636013458872830e-01
4.566458512784924650e+00
-3.114896301790270883e+00
1.301600297189775990e+00
2.039025957478259321e-01
-3.200877874659852740e+00
3.063160680506208600e+00
-5.409273388386440784e-01
1.442208392372996140e-01
-5.153316029848406643e+00
-1.693254707473144549e+00
4.230225568710186401e+00
-4.474054888876963787e+00
2.629129937264734096e+00
-1.946479882655479887e+00
-1.414352280061851985e+00
-4.955414031981016265e+00
5.899036519384498467e-01
7.401859048360674986e-01
3.242976280920383925e+00
8.311185382453089021e-01
4.567469554524578257e+00
-1.365106952791337591e-01
-2.859992260601425418e+00
2.266899088188196187e-01
2.562566993286665706e-01
-3.897641343153252613e+00
2.817924773401994987e+00
-1.170611680094339135e+00
3.666823854797992333e+00
1.079218843806658112e+00
3.497591632069210643e+00
2.488414722095366738e+00
-2.169295477926699967e+00
3.808820710260861553e+00
1.253934144256103611e+00
-6.590641568657296112e-01
3.154884306452633513e+00
-2.878485505374449804e+00
-4.611669118183260530e+00
5.379968754424778510e+00
-2.326439170220088171e-01
-1.000523518634489406e+00
7.959093512654880076e-01
-1.106594101729849289e+00
3.338045018716560008e+00
-4.628849862358878076e-01
-2.280584761937403115e+00
3.610313699562737177e+00
-3.803333914825761664e+00
-4.238485827605359191e+00
-3.240175091883508163e+00
-1.546602155755646413e+00
-2.708871184558902190e+00
-1.482364255674792908e+00
7.205236877245561056e-01
-3.850266454105597536e+00
-3.942897004618636236e-01
-1.970464292258072181e+00
1.955295167881090090e-01
9.162733320316599483e-01
-1.101128930333043821e+00
1.509452116867065596e+00
1.851292769631636803e+00
1.152878562669243934e+00
-1.450608066148676156e-01
-2.871197873647213239e+00
-1.121331390811999840e-01
6.069828363709767194e-01
2.547941059237186945e+00
-1.550807964135928918e+00
-1.567492437125002525e+00
-5.115644547362451888e+00
4.136017844494664364e-01
1.100532434451849673e+00
1.603834856783264706e-01
5.357487871338425522e-01
5.921601604879478398e-01
-9.654991733152091804e-01
3.224841503381341568e+00
-1.497511756037412267e+00
2.396366956575059159e+00
2.326184199203000791e+00
-7.934645992709683793e-02
-3.782375008407159012e+00
-3.115340713813714579e+00
-3.829917225309330320e+00
4.461923847011622257e+00
-2.278589830640945918e-02
1.276564997250104749e-01
-2.692603586080287048e+00
5.244072107498177537e+00
-2.434272333558149537e+00
4.605101774211204813e+00
9.523648483181527125e-01
3.068051917106376925e-01
3.796227420942379194e+00
3.842167978141128426e+00
1.387451419212306858e+00
2.158238400401490953e+00
-1.266948128939288321e+00
-4.232838764833692785e-02
-7.894304881717003619e-01
-5.168764235379165184e-01
-1.754023063528658000e+00
3.891727341037921839e+00
1.968035334991944607e+00
-2.146908671126918772e-02
7.686265536592763459e-01
1.426483491314320950e+00
-2.233116792372126014e+00
5.818806168919421484e-01
2.926229861095490214e+00
-1.434400321337381934e+00
-9.999307305852415950e-02
4.743770323967657632e+00
1.197701219192276012e+00
2.379003491344848786e+00
-1.381972858585415187e-01
-1.872834790390211501e-01
