-4.938078283361116982e-01
5.201716620591987361e-01
-3.085964467326579030e-01
-4.941595072699073166e-01
-8.798942673192973185e-01
1.841393671443961599e+00
1.333946479301425792e-01
-1.700136073977480122e-01
2.698717044804891940e-01
-1.128628547624252576e+00
1.411884864129985817e-01
-8.469516044697836810e-01
-1.370406510637094621e+00
9.699467118264992749e-01
1.561608983469402023e+00
-1.277234314855605124e+00
-8.895179314558532280e-01
9.828308408415992181e-01
-6.233112200700422489e-01
7.807484448978835312e-01
1.336925332028602975e+00
1.757532311817806281e-01
-3.745936530399096021e-01
-7.094966277164106438e-01
-1.506759478266521401e-01
4.507572246398710569e-01
7.210155620632666684e-01
-8.397885103071988100e-01
1.016992064369403703e+00
-5.525797266742671354e-01
-3.855295239145344333e-01
-4.394584573166409047e-01
3.811470111822012896e-01
-2.775995233014377228e-01
-2.094539033388378990e-01
7.153622055894193199e-01
-5.267855522445797911e-01
1.381731195850878890e+00
7.198879724455448104e-01
8.468067456626632294e-01
-3.774658722837376246e-01
-8.919466450403870095e-01
-2.253839738802200510e-01
-6.886434528662276344e-01
-1.147645021913408003e+00
-2.022855436692056752e-01
-6.624434762326031345e-01
9.788119216575456027e-01
1.662050029847141008e+00
2.794930100427822639e-01
-4.093817584082927730e-01
1.051435932109126226e+00
9.541856167997344595e-01
-1.367949856345848980e+00
-5.138442211310761953e-01
3.138209130329096541e-01
2.863011385616314186e-01
-7.026637707140710454e-01
1.899394594059374275e-01
-5.274389475566451102e-01
-2.312487086170699480e-01
-1.676783861339957715e-01
4.104456504768810854e-01
1.627331632343768986e+00
-2.400541226105333159e+00
-3.993201379696666442e-01
8.621974529573502022e-02
5.089949220429476062e-01
8.286012916549196916e-01
4.569103923549712731e-01
-1.007018602394166296e+00
3.127750599683697952e-01
1.045762848257164812e+00
1.297821507929261209e+00
-2.465505763532134686e+00
-3.900841776996452070e-01
5.690043834055732441e-01
-4.957060606803418978e-01
-3.639491817851833177e-01
7.609849676819333553e-01
-1.285678360311458546e+00
6.935932902614218021e-01
-4.634145380318788754e-01
-1.342221493110100194e+00
2.510602905437836485e-01
2.141402641795226991e+00
-1.774613667110842119e+00
-2.578151933807640295e-01
-6.505145417411223319e-01
1.084274656723914210e-01
5.338170355259296285e-01
2.761910238870043943e-01
3.119713930955840264e-01
-4.472992622216011571e-01
-9.437599149267642540e-01
-4.056398791119267266e-01
9.126389925585921825e-02
5.229024912093798577e-02
-1.937904591829073819e-01
-3.877332499484874573e-01
5.138874268598577766e-01
4.803365200397699541e-01
9.467981013388553357e-01
1.681426822497055662e+00
-1.300859482558921476e-01
6.779830896181069377e-01
-5.843410133701782971e-01
1.351889201329087298e+00
-2.722596692941225971e-01
1.842216381172463446e+00
1.516474886550577827e-01
1.486476436316593874e+00
8.217543243105794870e-01
1.873799629792879395e-01
6.523145097501897860e-01
2.017470294415620730e-02
8.037187126164894169e-01
-7.384267408778429909e-01
-3.979360573179755445e-01
-9.082019195173876014e-01
5.372087023983531662e-01
1.467995245257587955e+00
9.577944946531552484e-01
1.929561443212752136e+00
9.601270648073210179e-01
9.243854762466705566e-01
8.178636596369520673e-01
-2.564386058380426769e-01
-1.773172831921129844e-02
4.322995937689368962e-01
-9.769582628445226957e-01
2.044766591560629176e-01
1.075516322443085121e-01
-3.809887893900764655e-01
-1.197494673107298624e+00
-2.880153680065210553e-01
-4.077694708505579801e-01
-1.200069178100958478e+00
5.753804422407747809e-01
-6.523712252810738299e-01
8.015484977160676205e-01
-5.870955637209778200e-01
-1.834400328562430404e+00
1.178237437243158992e+00
1.287865661566662545e-01
-1.043554997383829841e+00
9.634930475491827739e-02
4.846056566443176505e-01
1.587680574134631151e+00
-3.581428637903866230e-01
-1.202996565418200881e+00
1.404026160764668907e+00
1.387580510286098079e+00
1.503678530304486671e-01
7.353478414526961604e-01
-1.268866357184202043e+00
-2.223687478166966047e-01
-5.359744432510566980e-01
1.235220816788944909e+00
-5.383343866433923930e-01
-5.031848535003567990e-01
6.337712363148098049e-01
-5.817620638841947134e-01
1.042917179755206841e-01
1.287604050815382317e+00
-1.205670272443611246e+00
5.518615761103627948e-01
3.498053088078853512e-01
8.950886459342698442e-01
-1.123611413992567226e-01
4.701942127097432089e-01
-1.093362519730526561e+00
-6.238682034272781118e-01
-6.451984599338516091e-01
2.157222313445563144e-01
-2.266030973755903122e-01
-1.181526161122285368e+00
-1.009012566945129530e+00
-3.317656680459009355e-02
9.549473422088038399e-01
-2.056335521312906423e-01
-9.569042903143211154e-01
1.088928723821704247e+00
-3.138898553976377133e-03
-6.470639789824431110e-02
2.918183463923240129e-01
1.630465659408224743e+00
2.043513482998720598e-01
1.058432584732434512e+00
-3.484676721494072704e-01
-1.105998306194259539e+00
9.266334249425359770e-01
-1.575487459906730114e+00
-1.615424256485443189e-01
-6.132812617780210029e-01
3.424900457215178662e-01
1.533990101079376334e-01
7.924071987355423285e-01
9.814516717319499151e-01
2.133448266622339773e-01
-9.735742891445641201e-01
-1.137368461285084287e+00
8.536349027023300007e-01
1.283053585384283046e+00
-9.284852318642756730e-01
-6.283824736724642479e-01
-3.720192296655284725e-01
8.486445600211166562e-01
-6.213230071807082089e-01
4.910376026013806017e-02
4.119608653388683317e-01
-2.657228663987226680e-01
9.982251422749411907e-01
1.582795402583205613e+00
1.094758175532285355e-01
1.615397028482847275e-01
-4.097483821530869541e-01
-3.138304366454053307e-01
6.317555038021688274e-01
-7.701632786432186517e-01
-7.924852362734267908e-02
2.961601262103931154e-01
2.305073665222619750e-01
4.486310772701885830e-01
-3.740479480601803519e-02
-9.189760167490489406e-01
4.724605607797914275e-01
-3.221870156671561292e-01
-1.758564765432256705e-01
-5.600367966053008267e-02
1.093091394407204320e-01
-5.419407809244366492e-01
1.220450960352123193e+00
3.131821368764661773e-01
-1.134561667826262388e-01
1.991705617889570457e+00
7.069664993563085087e-01
-8.908707019201087540e-01
-1.476203012339016851e-01
5.157014790426180939e-01
-5.396154081958941529e-01
-1.749846352072505384e+00
-1.198373723749401876e+00
1.690666838412467676e+00
1.791707358822690610e-01
-3.840884001799650393e-01
1.901918451814917255e+00
-1.678444256315778649e-01
4.461871760393710806e-01
-1.778525382687327738e+00
-3.970128667536671485e-01
2.438783514723101564e-01
6.661304471732338861e-01
-1.109086818996920243e-01
1.070483313332135200e+00
-4.343287110690729341e-02
-5.522036905721174893e-01
5.760614246728824606e-01
-1.560274411315938359e+00
-4.717426906346037230e-01
-8.258638357730432311e-01
4.594796208314254060e-01
-8.497067508294269267e-01
-5.766505171095781535e-01
1.099138543006189073e+00
