9.262644770742551881e-01
-7.964726061593970785e-01
1.139630699111451984e+00
8.053800642234471008e-02
5.297568392116650537e-01
-1.463395204909626046e-01
-2.011665772143391706e-01
-3.537056568661959416e-02
9.698210399696839401e-01
-1.208951391877738091e-01
-1.291686151809510186e-01
2.841513848294206779e-02
-1.200076716743740807e-01
1.064508043908578339e+00
6.978324553110973882e-01
-5.105146827835819190e-01
1.025096824321213296e+00
3.584339639293785962e-01
-8.422293180407706137e-01
1.430630310850137477e+00
-3.248432551696296411e-01
-3.140454427996783315e-01
1.857343133164648386e-01
9.677665421676531210e-01
-9.547647616888300659e-01
-1.971344996414317319e-01
6.508899798957161753e-01
-7.871871228161185785e-01
-1.674007905695405196e-01
1.209138055151962376e+00
-2.074588301995587414e-01
7.510160064816581715e-02
5.748035379054381583e-02
1.360262048196185791e+00
7.494598888494138356e-01
-2.298753037414331402e-01
-1.069508836023004283e+00
4.138157559990742612e-02
2.397013639569140625e-02
-8.248284195751119929e-01
-3.394408658163619030e-01
7.916176527919248640e-01
-3.003441674989788535e-01
2.137674625808461570e+00
-5.309328076103349281e-02
-7.117433881667292739e-02
-5.700876300412923703e-01
6.168455066115850066e-02
4.194989563464553428e-01
9.411657619447146850e-01
5.943014881414785400e-01
-1.827277589729596197e-01
-4.381553261714253855e-01
2.220543012189817311e-01
2.998622059458305733e-01
-2.911307768269364438e-01
1.158290962647865685e+00
-7.539255080842862666e-01
1.705651168284387231e-01
2.761404721702122589e-01
2.179100526394134874e-01
7.195956243578385259e-01
3.118746445289186098e-01
-8.169362382630327435e-01
3.557414018575718595e-01
6.444814394012431391e-01
2.260498406277193784e-01
5.251054515904299835e-01
-3.088590964969918640e-02
-4.415116391611165758e-01
3.415751760971316719e-02
1.423962116994701210e+00
6.494054967787624699e-01
6.518324981642782401e-01
-2.062801572645644455e-01
4.761055903198357364e-01
1.179463740457710186e+00
2.794604337446259801e-01
5.697113935029379794e-01
9.448406419397828993e-01
2.656043786694690101e-01
5.740540635158654093e-01
-5.245080197754951185e-02
-5.143349022385473868e-01
2.669016604071491328e-01
3.802748837963682016e-01
1.094835145244936525e+00
-3.808334366979170826e-01
-6.096125330347829108e-01
1.708894339131264706e-01
3.759206163246473498e-01
-4.358720604885205074e-01
5.732110354056947354e-01
2.038206389393050766e-01
4.766310250895710032e-01
-1.717367569928741622e-01
1.116527678573041304e-01
-7.251482565759366228e-01
6.766936335668153335e-01
-4.206161889887714833e-02
1.324251809745675912e+00
-3.203069402551710354e-01
-2.668503455381493819e-02
7.754850520745992792e-01
7.775785752288724151e-01
-3.124735996801968341e-01
5.394573979155589116e-01
1.049495316496620090e+00
-3.764641862392780758e-01
6.030192397621586542e-01
1.700982239238374993e-01
3.874780552379601950e-01
4.590474759028932428e-01
3.593539130618406130e-01
2.889287735737069290e-02
8.578870058950825717e-02
1.390290619414612960e+00
1.094513039551881617e+00
3.356423942475013078e-01
1.076705634147115287e+00
-4.621086493643709603e-01
-3.775672689382754132e-01
-9.738894048062917141e-01
-4.590838172018910091e-01
-1.597649291690063367e-01
7.161345672255745587e-01
7.975943321736435054e-01
7.016214103340970842e-01
1.576278766489632943e+00
-6.930384560277400574e-01
2.159543185143794897e-01
4.460021602284911513e-01
1.569288231763280306e-01
5.136691645692734731e-01
3.412249355966144870e-01
-8.370475066406605213e-01
-8.705891768024932587e-01
-3.177617824661129742e-01
-1.225173485421369654e-02
2.896058605497870975e-01
-1.897523989493883623e-01
5.647778539808900877e-01
-8.770267817967043467e-01
1.917234922225866944e-01
5.838828807928703180e-01
-4.973862697884035011e-01
-1.557491909945697972e-01
-9.347883061554335127e-01
-4.419375117590479407e-01
-2.362935901775520542e-01
-5.556663614349263147e-01
8.414775026997479979e-02
1.825609589339628747e-01
2.985677472296652812e-01
-8.540836745006227804e-02
-9.755327684537038468e-01
-5.614751228255584481e-01
2.837975446429022441e-01
-5.149736707901327870e-01
4.322592596201783044e-01
6.283200420626370297e-01
4.706377019757546770e-02
-3.006025021444888590e-01
-6.901072531352561157e-01
6.914157173214789953e-01
-4.878423936489120205e-01
3.116015079545946809e-01
1.011183928782742214e+00
-6.253924159697694662e-01
-4.090565178771820021e-01
1.958118958363936457e+00
-1.578823672266223277e-01
-1.697301564729239154e-01
7.173704517876565712e-01
1.004427432721409330e+00
3.541945047559514892e-01
-9.312266944379120615e-01
4.819077916526190442e-01
-2.125785738951449788e-01
-3.610875154395556952e-01
7.137289160327021653e-01
3.715177682475127030e-01
1.132093245572263651e+00
8.675414830466371408e-01
2.358551674564956374e-02
-1.883546097371468497e-01
1.285306459794238298e+00
2.792502271623593657e-01
-3.308009944014506654e-01
-3.899492984541319540e-01
-3.150334411356614517e-01
-4.238803786221734260e-01
-9.260028673637422658e-01
4.972394973390788508e-01
-7.387622717984320131e-01
-2.061906486328754159e-02
-6.095739635428383263e-01
-1.778332938326424861e-01
5.210351678721358848e-01
-1.032037195028346899e+00
5.708470294436644998e-01
-9.155971231093025242e-01
-7.244951663974671385e-01
1.095240505064410064e+00
7.004638643827337807e-01
-3.533298495922345128e-01
-1.240603333638607281e-01
-6.019090798477272353e-01
3.816859449650055192e-01
-2.083462257296906095e-01
-4.200427747219961927e-01
7.885982760045275874e-01
1.753190345671966410e+00
-5.282321314654006006e-01
-4.260085624260370740e-01
-4.040814401107432063e-01
-7.765827287872659745e-01
4.685636754779551882e-01
7.947617754613560681e-01
-3.455166503836486491e-01
-7.368553109014222002e-01
-2.234637067607185557e-01
9.689040162063041750e-01
2.001727279431455842e-01
1.891906204572249839e-01
5.884909957577293405e-01
4.325278097804955979e-01
-2.367629502318990276e-01
1.060786290751144278e+00
6.220646548719901275e-02
7.268081925166944846e-01
-6.931472370558289936e-03
7.826190242640831407e-01
-3.808188925763331678e-01
7.964035012517988177e-01
5.760565680938108807e-02
-1.022437910809540718e+00
-3.275669362920612948e-01
-9.140519501437609218e-02
3.809499480390787229e-01
-5.968461678579265461e-01
-8.186466298394459162e-01
-7.670427959596421985e-01
2.615520953409645188e-01
7.699625219819962174e-01
-8.394732355721136186e-01
-5.839789745483140448e-01
1.059513696457877602e-01
3.571593780591521550e-01
-2.852855291159952511e-01
1.665630994313061775e-01
-5.750238512009716585e-01
5.052459676690850277e-01
3.397092256792519915e-01
9.735947874019341697e-01
2.350546039598573611e-01
6.861778111945894265e-01
-2.507983159516112906e-02
-3.041871436418845387e-01
-6.117084908329449844e-01
-7.006101646414919504e-01
4.694741677995848961e-01
3.110346072484994062e-01
5.666482672936210552e-01
-7.476584250592976932e-01
