5.054996869613977983e-01
3.008229585259148742e+00
-7.617376840701887142e-01
1.096571712818951383e+00
-1.207574893448019493e+00
3.566153706418848213e+00
1.905993287235076883e+00
1.579590962734562232e-01
-5.511424981276219270e+00
6.537461014165583117e-01
-6.285355089669742989e-01
-1.403297839129715507e+00
-1.576509504619369340e+00
-1.369392142827275671e-01
-2.142365538559316551e+00
2.057027039513796840e-01
3.161943380896444999e+00
8.869930650954952964e-03
1.827770339486665785e+00
1.984658655982052711e+00
2.564501299008221658e+00
-6.272504189635273342e+00
3.388725471216467611e+00
2.200759980375707414e+00
2.685056692335114459e+00
-2.612183725764634978e+00
-2.271387594598398785e+00
5.588537993766946599e-01
-2.837027560161642814e+00
1.153962864242322528e+00
-3.101632055479612848e+00
-2.768654460353452418e-01
3.563934671906631824e+00
2.960790688363583723e+00
-3.180847057490435503e+00
7.210308044846245323e-01
9.878159070642382744e-01
1.424428549485561746e+00
3.343899093771598441e+00
4.858626451437454641e+00
-1.830455804386990071e+00
-2.532495893154576461e+00
-2.804218873416612468e+00
5.800193374607640617e-01
3.007245021629902926e+00
2.858412624759363752e+00
4.170395157688740362e+00
-2.124634793936130972e+00
3.449790921321419290e+00
-1.755838839226280035e+00
-1.138487479881989728e+00
-3.244111346253619299e+00
1.174589429594552925e+00
-1.037755619953902642e+00
-9.414782304285688186e-01
-1.285953471773664702e+00
-4.193791441455801960e-01
2.009670327393171529e+00
7.115150104516941854e-01
2.827798617611029464e+00
6.886690139456520754e+00
1.634313609296528469e+00
-8.582320034272605813e-01
8.728628453676522403e-01
-2.837519495273186809e+00
-2.883717917780445728e+00
1.362605129457705067e+00
-1.383777155352932775e+00
4.754513268377626112e+00
3.731085557362309402e+00
-7.111983370419838746e-01
-5.374928458510311868e-01
-2.361498524496813634e+00
2.887509785551582553e+00
-3.903472588774051566e+00
-3.782311165519830265e+00
-2.498723742779181300e+00
-9.043548638085714408e-01
8.663046140981828236e-01
-2.852201937185520286e+00
3.534239489647376775e+00
5.394444089130423947e+00
-6.917795036177376566e-01
5.158929036712931016e+00
-2.854314592748228741e+00
1.767679396421661497e+00
4.967337465579976796e-01
-6.391430300247846752e-01
-3.168774390146543496e+00
1.119393535894283920e+00
-1.090579361413061443e+00
-1.604201227350495307e+00
-1.741342245477538020e+00
1.732450763073182728e-02
-3.518602791314469069e+00
3.243631545433978691e-01
-6.722448989967117150e+00
1.781675437845932630e-01
-7.688697846927585733e-01
-3.469060825510350554e+00
-3.561276036285573099e+00
-4.309207300022301901e+00
-3.956157030178982570e+00
2.873518348139607603e+00
3.428505732739609013e-01
3.764846880029529164e+00
5.849964930957170850e+00
-2.091719527146227442e+00
-6.295310748161363490e-01
-1.906227231812174461e+00
4.831894208774392130e-01
7.796467350936253649e-01
3.062652261334439796e+00
-2.714153900154221866e+00
4.602188341000716498e+00
4.118389702345118586e+00
1.936558854877348468e+00
-1.273866221728986448e+00
2.531072921718077851e+00
-4.106856397894771415e-01
-2.457281352738494906e+00
-4.255629393278026917e+00
2.111397180284346309e+00
2.370611265837067050e-01
2.779321723260512189e-01
3.981899897464831639e+00
4.224203180521234557e+00
-1.789812118069233460e+00
2.152224663419784800e+00
-5.097896663938989548e+00
-7.937402892675633481e-01
1.783486544405216701e-01
5.004712738111033232e+00
3.290037168426950043e+00
-1.139662411965894240e+00
2.310936641763949417e+00
-9.483120493778653959e-01
6.199947444489020132e-01
4.129225394889076028e+00
-2.233532463738279183e+00
2.797370047735387999e+00
6.914216863832113313e-01
-1.596320042750977164e+00
-8.470698458419796406e-01
1.472420175655948515e+00
9.175633673565180004e-01
4.594672258301943479e+00
-3.118066914461584904e+00
1.300310017682966279e+00
2.365608224897393086e-01
-3.270901659674523732e+00
3.077317643211339604e+00
-6.460899323483039192e-01
2.132619311147863905e-01
-5.159106051262519976e+00
-1.691000360108915412e+00
4.227975974931549530e+00
-4.480877118759898359e+00
2.626789735396724890e+00
-2.047032990819898757e+00
-1.422568977465061835e+00
-4.950908698053634538e+00
5.944160490035148570e-01
7.395728806911364694e-01
3.236484140663335562e+00
8.421760804482809615e-01
4.585286481963324334e+00
-8.033865952003417521e-02
-2.891223414532789082e+00
2.089739261459638286e-01
2.585452511845963697e-01
-3.887847989546709737e+00
2.819414490737414347e+00
-1.170062792110579730e+00
3.641293362687058277e+00
1.099098659947362666e+00
3.407661710478577355e+00
2.459393982038587279e+00
-2.184196462188473298e+00
3.804807653571093073e+00
1.235427044084019599e+00
-6.445093034401394583e-01
3.145839178182829432e+00
-2.883381598321627770e+00
-4.603758549219123530e+00
5.379021727100394834e+00
-2.181149672517948557e-01
-1.000267656119126380e+00
7.904729525812242974e-01
-1.104901872375632532e+00
3.332485858752522567e+00
-4.377206176045320141e-01
-2.298952018143610054e+00
3.613104199879168643e+00
-3.795264357911658504e+00
-4.169700994603823929e+00
-3.219824850206797873e+00
-1.547298446623830204e+00
-2.717482980789347025e+00
-1.480429961315745002e+00
7.247811777056150095e-01
-3.851039591871864509e+00
-4.066348003654354226e-01
-1.970542810476396456e+00
2.057707991084818666e-01
9.138969746923019111e-01
-1.100136167002259802e+00
1.497118829207510826e+00
1.856137975158148601e+00
1.152567180785617706e+00
-1.447470852747813341e-01
-2.870619084993603298e+00
-1.032221755078465003e-01
6.027592693646702804e-01
2.525252492263283521e+00
-1.551877549286555968e+00
-1.588428247267089866e+00
-5.114414215198122449e+00
4.129172725883152872e-01
1.097717020529622944e+00
1.561169782541974027e-01
5.318822275543318989e-01
5.874976091335720740e-01
-9.587138645906831957e-01
3.224699433411152505e+00
-1.498164249309374307e+00
2.393165078786515743e+00
2.321752099457403240e+00
-7.871474676914891333e-02
-3.773255356327819499e+00
-3.116586011964146863e+00
-3.822577786655918075e+00
4.461629632311288063e+00
-3.158617416325834593e-02
1.292295500934334262e-01
-2.685897281040407591e+00
5.233737866072175393e+00
-2.433415407532010022e+00
4.596469234502324142e+00
9.471345866374537570e-01
3.279966821491793194e-01
3.798203131812353472e+00
3.882251393378499671e+00
1.388197942554476816e+00
2.146084382488457454e+00
-1.268838587247101080e+00
-4.289567941423805264e-02
-8.132540999959977368e-01
-5.059725141361020029e-01
-1.746666484592339419e+00
3.891754544773054825e+00
1.966877778074491934e+00
-9.265813742829039079e-03
7.890035728169878526e-01
1.416222820891839040e+00
-2.233212175742487648e+00
5.844876959691338580e-01
2.931351606026174395e+00
-1.431040441705336397e+00
-1.037911784895586831e-01
4.748765151260319506e+00
1.196785451268565836e+00
2.353065429763870231e+00
-1.401392284964233792e-01
-1.497150297507302552e-01
