-8.730720137847290951e-01
2.283263361246138864e-02
-3.633710800849575540e-01
8.703196749967567758e-01
-1.568798133275511653e+00
2.824053156579547919e-01
-4.751349648015369964e-01
1.048503719921861865e+00
-6.348045856648176777e-01
-9.715669426656841079e-01
-2.991494822184967539e+00
5.732259169823464284e-02
1.390170619742923330e+00
-1.385672618011447588e+00
-6.611428809748701729e-01
7.344011469738777054e-01
-2.423514015291523549e+00
1.787519109346366930e+00
-2.652575950851585596e+00
8.139515214789004860e-01
-1.028435986244623290e+00
7.800185388276175136e-01
-6.578480762852754182e-01
7.947158138028282970e-01
1.032624516404539339e+00
1.521433056936849937e+00
-2.194932689006171334e+00
-1.954109341016414092e+00
-1.449163139840927483e+00
2.527709986844692391e+00
-1.342560729334347336e+00
1.068573555024129762e+00
2.336393374369224452e-01
2.182081169667883014e+00
9.768086150344938989e-01
8.458814783315634633e-01
-4.970394073417898073e-01
7.927820365093607435e-01
2.277351840048802867e+00
8.112977887678646249e-01
1.300224480663249860e-01
-3.849672431288011509e-01
1.336783874550103585e-02
7.150180779848743784e-01
-1.621199866360842012e+00
-1.471811085518206497e+00
4.082663064975619038e-01
2.643978609047666906e-01
5.304639919687851313e-01
-1.798344933009462965e+00
-6.682765906998782146e-01
-5.993425119092604669e-01
-6.806952362794416178e-02
4.986546596488147798e-01
1.020799762782791387e-01
-1.440103845417016470e-01
5.173038632344607590e-01
4.855981026981281423e-01
2.165870802539258122e+00
1.781153961959512699e+00
1.870164538322657277e+00
1.005849866815765159e+00
2.896735820993359134e+00
1.878915532942474709e+00
2.291830797861821867e-01
-2.089549733662596498e-01
1.816318344813657171e-01
5.578454998315517388e-01
6.151419189081538397e-01
1.318050951051330744e+00
2.529740776973451677e+00
9.716696156583998212e-01
-1.538460541169742068e+00
2.196008654554082895e+00
-8.832604141104816176e-01
1.041909550554344976e+00
2.155591271298685552e+00
-5.916221286413192448e-01
1.783131799915205873e+00
-3.148231162549618434e-01
1.631255760086321338e+00
6.661756511124666824e-02
2.552508540986942354e+00
-4.699014579095656119e-01
6.189431044641244967e-02
-1.175298850162872277e+00
-3.123627457137633900e+00
1.000571397288604891e-01
-6.425728047857419689e-01
1.604662854528817961e+00
1.050871771846270564e+00
6.294873633902220433e-01
8.660297409446398031e-01
-1.554202731030640994e+00
3.682795462883771132e-01
-1.109882905469675718e-01
2.140181603590450177e+00
-2.641547907070378454e+00
1.355199816112774736e+00
-1.149582971965336764e+00
1.235010670654503429e+00
1.824846019312064582e+00
1.553245307825148191e-01
2.173525373581234987e+00
-1.702864828449417889e+00
-2.598796244615155793e-01
1.044737839226825837e-01
3.636499926410570738e-01
1.341412853235558256e+00
-3.816386319183467934e-01
1.430676260342113038e-01
-1.222897553730144526e+00
2.595345593460606448e+00
1.438519117116641599e+00
2.351435926066321791e+00
-2.440274257779770029e+00
9.154133970070790771e-02
2.337568338891495845e-01
-5.968381330537739782e-01
-1.293205735925081035e+00
-7.089371193685086725e-01
1.200051505237435645e+00
5.697189343021424879e-01
7.305720048583126403e-01
-8.918922376562299359e-01
1.605972600679882234e+00
-2.695550325187439089e+00
5.169980905505527913e-01
-3.893748337204144816e-01
1.276972490289079998e+00
2.055750074369036284e-01
1.194059622365968742e+00
1.434758034827741557e+00
-1.967697765759180983e+00
-3.124451287558509538e+00
1.726651597860265452e+00
2.128841612030845099e+00
2.625225608357239171e+00
-1.121020737723347649e+00
-2.406775107459042218e+00
1.670075408706023223e+00
1.582604403788686387e+00
-1.494852899289565329e+00
2.028899731172911114e+00
-1.164264744862052003e+00
-6.999739372261711834e-01
6.215270601764832925e-01
1.286144660213338620e-01
-8.894718237486359813e-03
-2.064404422466156852e+00
1.226682141912550650e+00
-7.726722851327346708e-01
-2.048582637440851950e-01
-6.014027912412670540e-01
-7.071336544315798278e-01
5.071120272206623980e-01
1.237458466258755774e+00
5.327454433574592418e-02
5.664663580263050724e-01
1.015220196042095235e+00
-5.545881395075946685e-01
8.921401095255545588e-01
-2.096168621288347078e-01
7.558821306175272925e-03
-1.237068829456920316e+00
1.772537095900529602e-02
1.038716907935535394e+00
4.017471459902595687e-01
5.783377480648413393e-02
4.822033667384377775e-01
-2.742276671378300001e+00
5.520432315406826884e-01
1.976188111387779278e+00
2.480217552007692450e-01
7.538864453031344226e-01
1.602580444537015536e+00
-1.054967029567393799e-01
-1.215065006894336053e+00
2.007088038235066652e+00
2.096182449713773543e+00
-7.996859049966485999e-01
-8.379881486414222369e-01
-2.359627463779175205e+00
3.176789015163773211e+00
-5.884939362756963499e-01
-3.365454572279297896e+00
-9.441441441237712340e-01
-3.947930013571551711e-01
-2.558112213041753846e-01
-1.165046442355087475e+00
1.871121513573088979e+00
-1.407432226628781424e-01
-3.640937409546333159e-01
-1.154557207459410151e+00
-5.378417865447782109e-01
2.910341333042073764e+00
-2.831515733401946400e-01
-7.033443743619270938e-01
3.228712469192386303e-01
1.264148205858954377e+00
-3.756183105756274454e-01
-6.869496536609299708e-01
-1.013598638170094102e+00
1.720964428249609934e+00
7.759330525003358403e-01
-2.100531347825587147e+00
-5.610241604903178914e-01
-1.464698580043944265e+00
1.264560736894856374e-01
3.924531797315934378e-01
2.037137533425473768e-01
-7.620926730736159449e-01
1.866822853346117306e+00
5.457389688493579083e-01
-3.293249478842898093e+00
-9.420310650960661558e-01
-2.527739043202767100e+00
1.697113607219619125e+00
-9.359069219032103426e-01
5.827600406029882496e-01
6.080514685225482108e-01
1.073634479532145747e+00
3.568105701923486306e-01
1.920957403786728523e+00
4.074980499360591341e-02
-3.254100645739816389e-01
-3.268725978744617122e-01
6.105860912526936968e-01
-3.535320472516674251e-01
1.637515624403772962e+00
5.077187247983026008e-01
6.914826627662853387e-01
4.689530668186198126e-03
3.497035151720155444e+00
-6.884692806814992627e-01
1.979935824636047448e+00
3.571976729814578255e-01
5.489929594212720199e-01
1.250998321231155730e+00
1.059359718994435484e+00
4.955776246261771045e-01
-3.071415095574216159e-03
1.150460802346600975e+00
-1.389446535645214031e-01
5.467566937980375963e-01
5.671909838959898753e-01
6.207637985249004897e-01
4.445528711992588478e-01
1.628331892115588264e+00
-8.170412461777820656e-01
-2.567415835221036780e+00
-8.357068396876966565e-01
-1.111688543071289503e+00
2.269470046296958810e+00
-7.123924585557547262e-01
-2.838625257458483819e+00
9.909739831757485851e-02
6.377021103186941708e-01
2.504175829418591182e-01
1.568622203109627522e+00
-4.201098432928328519e-01
-6.195827700307118269e-01
-8.612929067137148342e-01
-1.043930471296297124e-01
1.175350164846181267e+00
