1.400698754514000388e+00
1.088219085305312861e+00
1.440900271099437635e+00
1.115096534320972443e+00
-9.093619545009394844e-01
5.335930634907778414e-01
8.869249941829864259e-01
7.263666214777795282e-01
7.552345817972359043e-01
1.060603958106923983e+00
4.080898056123617446e-01
9.051750419961096528e-01
1.106008022686767900e+00
2.540502017890591269e-01
2.802610615485121581e-01
-3.591766276172940198e-01
-1.131427666236560770e+00
5.485580531398260434e-02
-8.846455662770321693e-01
1.199735652572995859e+00
9.300818323278597921e-01
-1.813040114900417998e-01
6.401067928786982608e-02
3.212265026000022394e-01
2.489048856580176605e-01
4.636809196918023068e-01
1.154091524315888240e+00
-4.227154431675702595e-01
-2.472293574371044536e-02
2.428686772933062454e-01
3.304863684413542613e-01
-1.709390709017576393e-01
1.363031267480320774e-01
5.732630246510087568e-01
9.160422515452572023e-01
-3.463789566804588715e-01
1.634161885876346809e-01
-6.571199244089278579e-01
6.559879905927367139e-01
-4.814211768082943266e-01
-7.235562328104662433e-02
-2.636548665300752492e-01
5.249738758574783448e-01
9.466921892052332366e-01
3.204821737185670205e-01
-3.155323730467487486e-01
4.243908799905471985e-01
9.858219996756638626e-01
-8.167142004660806753e-01
-1.422098643311088539e-01
2.103996523358390991e-01
5.381668752479095152e-01
-4.238784663520048235e-01
1.224097431119204105e+00
4.257869446455749829e-01
-9.957569660063412265e-01
-2.524935678790887206e-01
1.762292567769482565e-01
9.793957214410586865e-01
7.580051572408855742e-01
-1.256288528487758516e+00
-1.081924322379839820e+00
-1.461508770813563785e-01
2.658590642249168967e-01
1.338045863291583926e+00
1.037330031281715526e+00
2.068618334457195118e+00
-9.894861561641158376e-01
3.244600281144595089e-01
-9.253212342762776599e-01
1.278669886710557924e+00
5.171171799389912005e-01
8.113450224394437305e-01
4.108897774410953385e-01
-6.723785790870979717e-01
-5.959665144741981280e-01
-3.247067220497466544e-01
-2.090290358059286202e+00
1.443086098403838058e+00
3.162347372452979921e-01
2.637143734086497826e-01
-8.018457217989554131e-01
-5.462727329946165389e-01
-8.041209012245152665e-02
1.379846208038622846e-01
2.931971526416793927e-01
-6.466047159247673148e-01
1.078179480040385441e+00
-8.718295434686693657e-01
2.589521485550321245e-01
-3.565543688249166454e-01
5.344637274809711514e-01
-1.138830418032479030e-01
-3.057736978734283857e-03
2.586579958010159497e-01
9.561041064758363239e-01
1.100446184686259876e+00
-5.208675523110940508e-01
6.898192374219356271e-01
6.226134962836730319e-02
6.745489544249243519e-01
-4.848303688069844353e-01
-6.713837237784555656e-01
2.464995519240730515e-01
-1.009957636951230198e+00
1.244804994693776978e-01
3.611999520536563358e-03
1.965028684612619148e-01
-4.782298133064791235e-02
3.291851138630114693e-01
1.385071630919904213e-02
-3.614676413214797934e-01
-5.432921410679997232e-01
2.543962422259817835e-01
-1.572865956176868751e+00
5.195131280692665277e-01
-5.640884358338318361e-01
6.546555976187551362e-01
-1.931314580212419307e-01
3.410616937097478707e-01
-6.425387588892603752e-01
-1.094505659680336196e+00
-8.054971915754306488e-01
2.153506426999353962e-01
6.924263794013419959e-01
-2.269400279707144141e-01
-2.389241451527840954e-01
-1.526585046050761729e+00
4.856649114997109717e-01
-2.288138594485890076e-01
7.574072382277032001e-02
-1.758882365672746403e-02
-4.964775338593875875e-01
-6.636111501612244057e-01
1.137616280407224956e+00
-9.207122863792777112e-01
-3.040954252508704658e-01
4.072231015942220367e-01
2.366459713442137236e-01
7.327775734971279098e-01
-9.219524759400673508e-01
-8.630195808454984574e-01
4.328194798701510693e-01
1.343697330270237744e+00
-1.754517975434704558e-01
-1.057608670533871198e+00
1.520544876722911054e+00
8.669660501400544561e-01
9.574753930300414773e-01
1.000525765643534903e+00
2.924589137579080012e-01
2.526915625972840918e-01
-8.667966229090604546e-01
4.660580212097470421e-01
5.251934234973589799e-01
1.390463317019171807e+00
-1.114014915895068292e+00
8.123112687734613813e-01
6.071507509330249797e-02
7.412797349390803925e-01
1.232220606934963936e-01
-1.936616519892809252e-01
-2.233531942070788312e-01
5.996563921273756481e-01
-1.242551816541901388e-01
-7.568137133388064264e-01
4.885663098789711500e-01
-6.815573322387899480e-02
7.519873179330340829e-01
2.745673863317241517e-02
1.347223339081173421e+00
6.193724833376239580e-01
4.810326954951710809e-01
6.527413022262834597e-01
1.911335168792169137e+00
-5.093977048499686022e-01
9.862124681679422800e-01
4.416236456023002188e-01
-7.282601146020131200e-01
1.427613976079880498e+00
8.150638729311070474e-01
5.321413898898118555e-01
-7.905447267650326237e-01
1.931039812145965429e-01
-1.538644657454771580e-01
-1.491329447528489505e+00
-2.361772438379200478e-01
1.293009322814330009e+00
1.226858286534887460e-01
-3.233046293682558248e-01
-5.090461261540563109e-01
-7.141909535520987173e-01
5.191699057425163133e-01
9.439817073031587791e-01
8.072351020706239888e-01
9.779619840126120289e-01
7.703518251393410843e-01
1.268316257420202042e+00
-6.721225976542195141e-03
1.593313957672200520e-01
-5.009776819905450429e-01
1.683253452829339691e+00
9.295959140587956027e-01
1.136752809226544647e+00
9.390161094337477754e-02
-7.061997126871922825e-01
-1.035657026579537732e+00
-1.247736271251203150e-01
5.097884504551014259e-03
-7.646462648016496555e-01
1.110566460729514038e+00
-2.546394947446845580e-01
1.527698916785271255e+00
-5.884930019926576383e-01
1.218435197209233739e-01
-1.561004716909502599e-01
1.357443410460097644e+00
1.690325654765120866e+00
-1.100229862669005909e+00
9.635771525081353317e-02
2.451262990879594372e-01
6.551293139068683491e-01
7.707088784219057187e-01
7.221775750616259426e-01
-1.936390049879761932e+00
-4.299577617852401445e-01
8.253401055419340437e-01
-1.845053437892432702e-02
1.427163700889479525e+00
8.537205582678333293e-01
-9.130546218757551458e-01
-1.096030827742126901e+00
3.111188325651415010e-01
3.328754443702041099e-01
4.630125518576490018e-01
-3.522028330252452988e-01
3.460781444795808515e-01
-8.491300173970158793e-01
1.625439369687543545e+00
8.103755543667899575e-03
6.214131816518162627e-02
8.787458305750056597e-01
-7.880505957576259268e-01
5.046243431945398594e-01
-3.548350000719658892e-01
-1.034313202918462293e+00
-2.636146596066386016e-01
-7.463602536174378521e-01
6.564636758078374879e-01
9.212849622401478866e-01
-6.701686726973012931e-01
-1.465851109723540047e+00
7.814949108074852324e-01
1.151502566718663356e+00
-7.477944306780553996e-01
7.628929436710712997e-01
9.016956113857422794e-01
1.385275157235571486e+00
1.435291920120052023e-01
-8.153485704273631673e-02
8.820055083013599306e-01
-9.521063752677859648e-01
7.055369077010949230e-02
4.552846872758461449e-01
-3.818089230395811384e-01
