1.410553290920262937e+00
1.091650879981538314e+00
1.453253622418246627e+00
1.115003180972025776e+00
-8.941144981163143823e-01
5.325114903546546152e-01
8.668383737089722096e-01
7.231016601776922847e-01
7.480594609266952855e-01
1.060802090368609507e+00
4.079777170125222230e-01
9.170151988590864445e-01
1.108021798471371611e+00
2.538210267414626742e-01
2.820833344215742389e-01
-3.585475220589771084e-01
-1.118292185404231365e+00
4.715845226187605904e-02
-8.856671871642143312e-01
1.200403726908009672e+00
9.344149469758764592e-01
-1.818224415129564286e-01
6.374039966530548051e-02
3.200887933564117716e-01
2.473188129892682496e-01
4.626860362997176068e-01
1.179342959600460317e+00
-4.230613262023055210e-01
-2.469173839214506422e-02
1.723146218925634410e-01
3.306658592652358952e-01
-1.651523360798759221e-01
1.365848824572948594e-01
5.741757519257134623e-01
9.194375541991633982e-01
-3.466773126433820851e-01
1.623874316476676127e-01
-6.612854463956339135e-01
6.337634912152229072e-01
-4.818197456808348544e-01
-7.303429244081932614e-02
-2.649617018519065947e-01
6.720135912376659082e-01
9.779661243548126714e-01
3.201581539421339828e-01
-3.150341879888243768e-01
4.250315853222991769e-01
9.863475824088109301e-01
-8.192839192930961856e-01
-1.421451470583952881e-01
2.151090910255532840e-01
5.369008558896432026e-01
-4.244140617880474142e-01
1.220028024440168668e+00
4.261297852954546439e-01
-9.966893221787064272e-01
-2.522861477527982288e-01
1.711108698841256326e-01
9.787167982420676982e-01
7.578742511463576470e-01
-1.256754099870464714e+00
-1.083676727212628865e+00
-1.416178788556457790e-01
2.627552922091866416e-01
1.337823073896831527e+00
1.036132794403737512e+00
2.068205381933993170e+00
-9.899617882781038825e-01
3.243006291700686328e-01
-9.551964444933183085e-01
1.275864612810712284e+00
5.279574563936376697e-01
8.099143183908223964e-01
4.110021168690106697e-01
-6.727832888384975840e-01
-5.965901956768130399e-01
-3.252559585134265907e-01
-2.089413402968286260e+00
1.445996198415208767e+00
3.157323545736474557e-01
2.554840228527941459e-01
-8.017209853948186193e-01
-5.493745321595817632e-01
-7.556706868178787728e-02
1.383979766232171782e-01
2.875152591886924180e-01
-6.530585251483362885e-01
1.074894775843123318e+00
-8.685337840962992217e-01
2.619152204677140938e-01
-3.576110976637006389e-01
5.428337349095889719e-01
-1.257478742269707295e-01
-3.761529082451907282e-03
2.532951111436025360e-01
9.340946544758852443e-01
1.100468687083732133e+00
-4.981154348203715720e-01
6.898426726520057173e-01
6.599712921048377090e-02
6.762199403737212400e-01
-4.846400159557545662e-01
-6.805625319500756554e-01
2.457043032966501062e-01
-1.013362302811321003e+00
1.257326769555413837e-01
-1.042890783163281931e-03
2.050026521115502209e-01
-4.650261383762262224e-02
3.208958976279133180e-01
1.431999036266828895e-02
-3.614763869775026728e-01
-5.425061125646790661e-01
2.545950852626800986e-01
-1.572178493519684972e+00
5.225521198067060169e-01
-5.369864961327123210e-01
6.558306753430722669e-01
-1.941309331452017173e-01
3.712414036285152652e-01
-6.430891885810865460e-01
-1.093237357618089156e+00
-8.058286119160610328e-01
2.176440222382199641e-01
6.950871094965460628e-01
-1.942549939463232844e-01
-2.195593503680993708e-01
-1.526076734829611148e+00
4.859700126890695859e-01
-2.303782926311504775e-01
7.435063315651285754e-02
-3.244671751538998755e-02
-4.990292555704194388e-01
-6.644507500603018535e-01
1.138563249285163614e+00
-9.206244420438859377e-01
-3.010313761762435369e-01
4.066174586641814193e-01
2.170415877976523411e-01
7.321946171396460645e-01
-9.218639353002756609e-01
-8.646935754066773505e-01
4.329841609679768166e-01
1.343251518705234737e+00
-1.747273292448383863e-01
-1.048643877149713077e+00
1.519651933087298845e+00
8.585427692659637344e-01
9.548830228573621515e-01
1.000362960291234060e+00
2.960985863484775771e-01
2.466111281083091800e-01
-8.669643875794843524e-01
4.663979253504922928e-01
5.246626337329574064e-01
1.356012374029150758e+00
-1.114025749747617144e+00
8.120862732124203287e-01
6.489552636928443141e-02
7.352259971223334967e-01
1.193922480911007306e-01
-1.932036422024340505e-01
-1.991458172361184609e-01
6.026472105001019486e-01
-1.259309183766544882e-01
-7.741831410025860061e-01
4.887477458761841365e-01
-6.823163598181009037e-02
7.555567287858553360e-01
-1.520577239201834074e-03
1.347018731160479987e+00
6.152814476745243066e-01
4.687207471138060133e-01
6.552712427574963749e-01
1.898780876893897185e+00
-5.097043647753505269e-01
9.972143918403396645e-01
4.440238991850300465e-01
-7.279014699566748181e-01
1.403111804426197651e+00
8.144792698561889033e-01
5.288048801933598053e-01
-7.926287516925537568e-01
2.191609260151586303e-01
-1.598498595478206608e-01
-1.462681381512056067e+00
-2.356629291322805964e-01
1.294453505137171501e+00
1.220319152726817014e-01
-3.193961070444840122e-01
-5.065962426545786990e-01
-7.138008090992616905e-01
5.190362421906363766e-01
9.440709530974293884e-01
7.948252308578037661e-01
9.777184489362921171e-01
7.811862685241338644e-01
1.268339996818853344e+00
-4.892305547946451671e-03
1.574305448297699528e-01
-5.039964865120056814e-01
1.683324221212255889e+00
9.294808506318593677e-01
1.139931444294692398e+00
9.755705715903252584e-02
-7.077992985411759586e-01
-1.039182947239184029e+00
-1.246929684355149309e-01
1.281703450097180803e-03
-7.650113493554482336e-01
1.108238853718103156e+00
-2.547432570089646076e-01
1.527191798437864234e+00
-5.886576829588776594e-01
1.222536598841789252e-01
-1.534868680343566827e-01
1.357950719350122348e+00
1.693824518750119079e+00
-1.099591186806285981e+00
7.014657469675085466e-02
2.534329395101901361e-01
6.564693152022422762e-01
7.689549186659289104e-01
7.234953554750899185e-01
-1.942091127648585713e+00
-3.612540995947807754e-01
8.190958883163357296e-01
-1.661714821568324729e-02
1.432695842502105243e+00
8.547471281226608486e-01
-9.106282177108707687e-01
-1.097491557376708560e+00
4.504024717515473508e-01
3.325115991363644663e-01
4.662888568161827618e-01
-3.535166369341307124e-01
3.425276799235836833e-01
-8.480613614750069917e-01
1.620709343042094464e+00
-1.484062473011855780e-03
5.050016618791096368e-02
8.701849370730808664e-01
-7.871621794851445530e-01
5.180062522322380625e-01
-3.546221608200181841e-01
-1.032997610286950030e+00
-2.620458050014603524e-01
-7.469605238018657278e-01
6.550373738940801216e-01
9.213677351618214661e-01
-6.705641934728333586e-01
-1.464772793789264504e+00
7.707289918132642637e-01
1.153040750095700284e+00
-7.477798985264535458e-01
7.624633146174000231e-01
9.137587377829031743e-01
1.365735061199277345e+00
1.424732426324915868e-01
-8.184526627917783348e-02
8.805289803743969745e-01
-9.526986225579560097e-01
7.247893620099712941e-02
4.535632202127470869e-01
-3.826248010249360121e-01
