-4.706912702665584369e-01
-1.114172574212522054e-01
7.434907605424337929e-01
3.413599205972431272e-02
1.226594091053058611e+00
-1.241312940407289123e+00
1.614879240873515753e+00
-1.878065554431052719e+00
-1.468386971066279578e+00
9.483910620635083166e-01
-4.085207316239569120e-01
7.123300725126977540e-01
2.902391490076541292e-01
6.387426249880441276e-01
3.004045651038329545e-01
-6.859860053253139522e-01
2.184539120919921640e+00
3.889905466401176459e-02
-2.246762934711627580e+00
2.743564284641895501e+00
-2.261944576682792807e+00
1.504685433678938145e+00
-2.923588769664933640e+00
-1.505265240144406658e+00
6.122913073356550662e-01
-7.111192581411792668e-01
-2.110542467199339800e+00
-9.963373942880039413e-01
6.066432069995281173e-01
1.499927776259104562e+00
-2.143021255989181917e+00
-2.845335257977728016e-01
-1.453664098981450437e+00
3.134906739383187979e+00
1.785175741453802131e-02
-9.080987362211967451e-01
5.295379292643338509e-01
1.565310458529676874e+00
-2.384277820383611246e+00
2.467813262579904077e+00
-1.328203423776513015e+00
6.590214564962388888e-01
-1.253582743256387300e+00
-3.702658129887547167e-01
-1.832686705143419026e+00
-7.313247160525977453e-01
-2.215243869900093809e+00
5.862193760089532413e-01
6.265441792781279995e-01
8.677842353444178980e-02
-1.209203249703258320e+00
-2.059066762298582987e+00
-1.694608538512797802e+00
-1.585658183140611133e+00
6.872015021270251600e-02
-2.545245554912907715e-01
-1.724514745811847938e+00
1.913511921468824192e-02
-2.566941554605675524e+00
-8.525069096607884589e-03
-9.854969777543286513e-01
2.956424129000032597e+00
1.161878938966798502e+00
-3.317037363647610260e+00
8.467061811246516800e-01
-6.678539834793900676e-01
2.735534102053668537e+00
-8.405110332741524970e-02
-1.357409189711878961e+00
1.803630695430749054e+00
3.034864313686075565e+00
-1.424229769191529327e+00
-6.539231504280496043e-01
-1.734649649191444487e+00
5.373670623871872332e-01
-6.454884064217334405e-01
-4.242218936919450734e-01
-1.416508612708344161e+00
2.175994805507138530e+00
-6.901097407755010238e-01
-2.072524337625380131e+00
-4.917686688181804877e-01
-1.061562973943288801e+00
1.924976490519906269e+00
-2.377413918231333856e+00
4.622946996560960420e-01
6.372917804015701959e-01
8.058357268952262009e-01
9.820251702978380903e-01
6.686974652523055562e-01
-9.349214417563959101e-01
2.992421482355183127e-01
2.440738916886416199e+00
-7.377983313431248913e-01
5.851284797729942033e-01
1.576736904239367520e+00
-1.487127036881016551e+00
-1.449252486671060103e+00
4.303220275459339050e-01
8.784507971309303276e-01
1.207540245686423042e+00
8.728920393569513658e-01
2.520128283961637017e+00
1.176350669728151388e+00
-8.803443977899667594e-01
-1.722319955695963412e+00
-1.526976044070354144e+00
-1.009845627813709124e+00
-1.743779552298447388e+00
6.186495147245518744e-01
1.169241059404702854e-01
-5.814668010972577905e-01
7.346331055198312976e-01
-5.025864104277978361e-01
1.241246903866338513e+00
5.705889897545759482e-01
3.690371593202861344e-01
-1.815123723071224937e+00
-1.530293407083114010e+00
-6.424672215060395208e-01
1.475681556304822228e+00
2.739783804867264916e+00
-1.051602790756228922e-01
2.433154738251559923e+00
6.426187527185642789e-01
-2.631803255253192475e+00
2.358520945342577946e+00
-1.197809657120552984e+00
2.223034033225293804e+00
-1.148890274015138990e+00
1.313558711790274947e+00
-1.951912234944169988e+00
3.858419942523715757e-02
-3.645699250936734748e-01
2.961196365074997949e+00
-2.113410593139607663e+00
4.350283784608844906e-01
4.703263880055832957e-01
-1.507655316638218501e+00
-1.999496762950455420e+00
-4.169624261022846223e-01
-3.289027177354734155e-01
-2.795351499599045830e-01
-4.600785106296850779e-01
-8.927192040019049646e-01
-1.616721199701281753e-01
-1.764709263948811779e+00
-1.781341809051927960e+00
-2.077799872080875465e-01
-2.044749862188956602e+00
6.596056181643297212e-01
-2.923661959614253791e-01
1.349258690972424901e+00
-1.320763917907606944e+00
-2.022269634473815803e+00
6.531760272357149955e-01
2.878057740948280596e+00
1.053268874392819798e+00
-5.448986519116184868e-02
-1.202281551160835488e-01
3.094796145776710916e-01
-2.436319346195506608e+00
-1.445302653403312654e+00
-1.048997116692341525e+00
-1.655016414473682529e+00
4.017432116091224081e-01
-1.484040152102879651e+00
1.975288232483539907e+00
-2.386196608632414229e+00
2.322320226959521339e+00
2.340425968024613113e+00
-1.548169812997742145e+00
-2.166399482495285689e+00
2.103832838122098536e+00
8.106395320406930560e-01
-5.675459929347597132e-01
-3.158602832970811569e+00
-1.743433709043755941e+00
3.223037528312582833e-01
9.141908140825092399e-01
6.341247484156088410e-01
-2.136303384284690132e+00
4.630032575455882426e-01
-1.667154858533729689e+00
-1.203257656328421188e+00
-2.204309512748733546e+00
1.173967643581566467e+00
-6.687017494000530027e-01
-2.546456174757058655e+00
-1.695405993822584056e+00
1.117231054886780095e+00
-2.341524495539553108e+00
-8.827972127647993883e-01
9.037560932978828676e-01
2.831938927875363166e-01
8.335799073812506510e-01
1.314433518132276157e+00
-2.606654766061567430e-01
-1.088325996424489350e+00
-3.233258134865149014e+00
-5.303601980157502949e-01
-1.328937248962913098e-01
-5.107249040641864690e-01
-4.883381986078383918e-01
2.421768128063404912e+00
-1.740290072910362973e+00
-1.402662027684902502e-01
2.278523001304816553e+00
3.842690268587553581e-01
9.491860998560806839e-02
-1.413783107296567643e+00
-9.012799603218719646e-01
-6.287815331904608174e-01
2.908464934958661097e+00
-7.696674228878140900e-01
-1.826294138561865843e-01
-4.656877730223880907e-02
4.965987051349070591e-01
2.795782089437566786e-01
3.391299106085637227e+00
-1.439941080357956649e+00
-3.332212607904566637e-01
-5.674868116820220854e-01
1.063228332305741208e+00
-2.024863524262648262e+00
-2.204367018840809767e+00
-1.935915310220822860e+00
1.230428667311399771e+00
4.009753235583801145e-01
-7.382830589710760449e-01
1.158539402499922932e+00
1.068884367177580508e+00
-1.553522981280583748e+00
1.427748474917922117e+00
8.456836648033777548e-01
-7.067187229394499004e-03
-2.950574046978694742e+00
2.458168692731305782e+00
5.570078041930416335e-01
3.336070668658271288e+00
-2.236539403089813138e+00
1.150253479440759286e+00
3.883640372314634548e-01
1.966338759119302892e+00
1.698620581284217446e+00
1.883549342120238501e+00
2.278396119172076961e+00
1.185990625499189211e+00
2.335313335789268141e+00
-2.615602100770145544e+00
-2.189642834154666318e+00
1.055791619652286961e+00
1.577506417288315754e+00
-2.650084393543072347e-01
1.144366862717942857e+00
1.697293939003239049e-01
-8.114409239946964725e-01
3.631801846691805058e-01
-1.458857227066381768e+00
-1.664726851089315618e+00
-2.597696537974731879e+00
1.047583239101583352e+00
6.182985626691125391e-01
4.299118241193057854e-01
-2.049265433634161471e-01
