5.056935569257308138e-01
3.017386894016341969e+00
-7.658875979928970734e-01
1.096153924992389728e+00
-1.210060096589070211e+00
3.588060897589096410e+00
1.903322366523692466e+00
1.597842549392275713e-01
-5.511941596764584617e+00
6.575173529172326781e-01
-6.358482552943888200e-01
-1.403773970913666069e+00
-1.565114746340207752e+00
-1.562279288912668818e-01
-2.145889138399197371e+00
2.129865435638972349e-01
3.161776382414876352e+00
-2.783695497057368795e-02
1.829269503392605190e+00
1.985016302178661096e+00
2.568461820082546421e+00
-6.266522213607855107e+00
3.387180483354006455e+00
2.245819297005410942e+00
2.683561708961011760e+00
-2.650517916236832416e+00
-2.271119707990431724e+00
5.481381370057771818e-01
-2.835448748269282504e+00
1.153431531338125371e+00
-3.101844597205845488e+00
-2.772471730933863121e-01
3.566623805887350507e+00
2.962965795683127457e+00
-3.175069570564193366e+00
7.199970855554630456e-01
9.804345695118126258e-01
1.426939518947052177e+00
3.345236409506473496e+00
4.877371779302052346e+00
-1.812871136980266362e+00
-2.541401804786612928e+00
-2.818278154983508088e+00
5.827993764264657317e-01
3.003072811822404820e+00
2.855826805664560819e+00
4.170119249108107162e+00
-2.122183410567145767e+00
3.448059778590678803e+00
-1.765586740137695010e+00
-1.143007011269818962e+00
-3.243148281252131060e+00
1.170891431673124039e+00
-1.024569542818621670e+00
-9.372830226083180838e-01
-1.285591488644894254e+00
-4.333793074648376598e-01
2.020202477154338094e+00
7.082476665229472390e-01
2.828108633309988740e+00
6.881138742283539500e+00
1.631713250255616865e+00
-8.561431404112910259e-01
8.570808421956553902e-01
-2.840013348250314706e+00
-2.892131961015800723e+00
1.380744404806937498e+00
-1.385850071769134217e+00
4.757433952720276693e+00
3.730060932768347381e+00
-7.138151726012136322e-01
-5.345442557187332078e-01
-2.341509463544666936e+00
2.887212205554954281e+00
-3.881466113326515810e+00
-3.790177255882368090e+00
-2.497425565436939277e+00
-9.026417135530446778e-01
8.664731954489004462e-01
-2.850263679565516739e+00
3.539589106891507075e+00
5.406424524984174695e+00
-6.899709336313656349e-01
5.171081302348886410e+00
-2.852568845230613270e+00
1.767278512426846193e+00
4.977019548086423772e-01
-6.388305907036063713e-01
-3.170254673971384829e+00
1.118247925506774543e+00
-1.091015486114983224e+00
-1.618476688804775687e+00
-1.745788966356034200e+00
1.265485995624709113e-02
-3.525508439753782586e+00
3.243088842580222342e-01
-6.688986400723874404e+00
1.730212656201737809e-01
-7.621961878574351479e-01
-3.469672622333237921e+00
-3.559208357783306464e+00
-4.401534312722049869e+00
-3.951884277486492181e+00
2.879105095058724029e+00
3.412118173785076980e-01
3.764234608682081262e+00
5.864757350570569905e+00
-2.090494539747037805e+00
-6.070402322882151314e-01
-1.904440659571837058e+00
4.844997193469949281e-01
7.772320580451949068e-01
3.068316863341570944e+00
-2.714315892177206813e+00
4.604617119391299696e+00
4.119679544781263303e+00
1.938532175909377875e+00
-1.273662342264393565e+00
2.539461387393753711e+00
-4.119276633381932506e-01
-2.452417392637550542e+00
-4.300884727242041627e+00
2.121539792922789935e+00
2.300792754850116417e-01
2.709379995123034068e-01
3.980351560324804527e+00
4.235007635190407349e+00
-1.788598208652457000e+00
2.152056582253682127e+00
-5.107426894982301846e+00
-7.928137023441499398e-01
1.774593860202934026e-01
5.004775758766265348e+00
3.287305456656303360e+00
-1.150657083557580229e+00
2.307732761853896530e+00
-9.316879331803070707e-01
6.325203853372762808e-01
4.131904798682811908e+00
-2.235133317834809397e+00
2.799664285379364514e+00
6.925163300081457196e-01
-1.590189824922880302e+00
-8.427913268700856220e-01
1.477443814047752380e+00
9.238299584071870685e-01
4.603164180676709627e+00
-3.120796322249519417e+00
1.286069017317287955e+00
2.354218288504388856e-01
-3.253499112213507516e+00
3.075203612073067472e+00
-6.382444255040343739e-01
2.086772223474017973e-01
-5.147954547492457067e+00
-1.686705684181491360e+00
4.224319456689110908e+00
-4.487089979894605563e+00
2.623753759884549286e+00
-2.066045763890224762e+00
-1.418205741906774398e+00
-4.952712649406628920e+00
5.958452854472805482e-01
7.499043199358389478e-01
3.244634493582416734e+00
8.449572255195721970e-01
4.599467758714925303e+00
-6.841377017073663191e-02
-2.867036376631527883e+00
2.066190274693773254e-01
2.693230419305552847e-01
-3.887992274149328242e+00
2.820379802939864788e+00
-1.173347655685792912e+00
3.626947448617712233e+00
1.112564611473584097e+00
3.400441809456443476e+00
2.417965499212386238e+00
-2.180862631097677085e+00
3.800319207544182287e+00
1.226554997463833230e+00
-6.631895491658065245e-01
3.132676095231978319e+00
-2.879705899514414469e+00
-4.620266858517092956e+00
5.377564955575588890e+00
-2.250510225402197473e-01
-9.957410969926208111e-01
7.871171595749358874e-01
-1.104824823546607826e+00
3.337191076584892890e+00
-4.465910904173041596e-01
-2.306574163656995857e+00
3.607706737242273753e+00
-3.796592723642509881e+00
-4.173155539153014182e+00
-3.214461948215511455e+00
-1.548781503429396134e+00
-2.715285854964517576e+00
-1.485698550591978417e+00
7.263159459283420327e-01
-3.854985754715682944e+00
-4.022156916205120725e-01
-1.966681846868378436e+00
2.056404399078768652e-01
9.134547594386336344e-01
-1.100524695558812383e+00
1.500516684993807859e+00
1.851253343116076033e+00
1.152946597071215384e+00
-1.446857447595369384e-01
-2.868601762110160269e+00
-1.084954808851589375e-01
6.123094997054076005e-01
2.518780271408857629e+00
-1.551654607680054143e+00
-1.611964533057219207e+00
-5.115752271488526404e+00
4.136497458228275970e-01
1.093377744494142823e+00
1.531129622958727898e-01
5.313296908523094109e-01
5.855047330500412484e-01
-9.641800216917190136e-01
3.224613808756330968e+00
-1.496855516364677507e+00
2.393626392630538113e+00
2.337076458547547197e+00
-7.802378528108905309e-02
-3.764202488823930715e+00
-3.114887483536861623e+00
-3.821595258903922154e+00
4.470673184845574966e+00
-3.220317289847343667e-02
1.289941292844128673e-01
-2.686677044990451346e+00
5.235695393502566297e+00
-2.436693923712641485e+00
4.613062460274852228e+00
9.514647495232857466e-01
3.331217136825117553e-01
3.793968690299799107e+00
3.889318532309594900e+00
1.391473346225363450e+00
2.146420995817152733e+00
-1.266575449049270219e+00
-4.338675080435186460e-02
-8.058644925297833161e-01
-5.042807070473221964e-01
-1.746767820068000576e+00
3.892619926443943168e+00
1.970747983972173545e+00
-1.738022673370260033e-03
7.876446806329816530e-01
1.419611873417290004e+00
-2.237269113254074959e+00
5.794713294897697597e-01
2.942755124849712356e+00
-1.431771536704202319e+00
-1.019994087567505509e-01
4.749932588364321973e+00
1.198800754403100299e+00
2.360732258089803803e+00
-1.398782453956806393e-01
-1.485366211369180123e-01
