-3.969813060156007212e-01
-1.086120139565086851e-01
7.461642454242664035e-01
5.025951900421015556e-02
1.228205107266400864e+00
-1.235626643642467881e+00
1.589401948971308043e+00
-1.895062513710127794e+00
-1.453126349745027746e+00
9.384577765388059101e-01
-3.854712666342914318e-01
7.580942167827317002e-01
2.977497904420831065e-01
6.437611902966665633e-01
2.909227973126120026e-01
-6.912944762659364306e-01
2.196245372963556708e+00
-1.885535314705699683e-03
-2.256936109238077748e+00
2.745162285343544895e+00
-2.257978300593006082e+00
1.489175705973578623e+00
-2.910721984238915816e+00
-1.546819841634122117e+00
6.191727462397464965e-01
-7.135406257198347868e-01
-2.116503166880776554e+00
-9.971935396449091993e-01
6.252742348625636160e-01
1.540911784552927211e+00
-2.138010975029597915e+00
-2.887075981175530326e-01
-1.463317949109928184e+00
3.149179142235755791e+00
1.444182290263775273e-02
-9.249579264132646861e-01
5.272151615609211861e-01
1.575490485667635943e+00
-2.424225571534235346e+00
2.461740421481386054e+00
-1.284493095349336977e+00
6.288475838010081365e-01
-1.248462934097851251e+00
-3.797188665881859326e-01
-1.817914039416736793e+00
-7.305840745072250675e-01
-2.222228710204434243e+00
5.547799795728404204e-01
6.073004176716154667e-01
6.592803268806005090e-02
-1.208461717670840097e+00
-2.059841025635367640e+00
-1.679783861745931528e+00
-1.589314745763372061e+00
6.204344341528052892e-02
-2.446810128770788850e-01
-1.723943656263256186e+00
3.351370097357055794e-02
-2.567309750604080953e+00
1.056471843122581966e-03
-1.001296402970055732e+00
2.950296351551982443e+00
1.164776758444046489e+00
-3.344405698576532249e+00
8.878147795857391777e-01
-6.769674052873331238e-01
2.747336634867463712e+00
-1.058597397499935339e-01
-1.398135341580975188e+00
1.796868167436149077e+00
3.081811714753516895e+00
-1.426814873220582980e+00
-6.669186463157479317e-01
-1.732264346415758549e+00
5.317448386877438038e-01
-6.541922959222756795e-01
-4.193870944693725566e-01
-1.414475498884575133e+00
2.146102392383282265e+00
-6.871739667332252832e-01
-2.072060021825857135e+00
-3.964786065444289020e-01
-1.087871382772940931e+00
1.931449270690063669e+00
-2.380781520505716120e+00
4.755141676224725056e-01
6.386250924699955478e-01
8.086420981898327920e-01
9.737771584905203781e-01
6.367307453973485298e-01
-9.317572921134918973e-01
2.986983942753384524e-01
2.435676296553569653e+00
-6.972952472318649786e-01
5.695589087740575707e-01
1.571867470406434375e+00
-1.503928843804093862e+00
-1.435622511053389339e+00
4.043490131620848804e-01
8.706529376970777445e-01
1.176195103913746376e+00
8.630351299676536359e-01
2.519153914586548026e+00
1.188768270477801758e+00
-9.684333033440567506e-01
-1.697138796873874256e+00
-1.513146691832768953e+00
-1.003003000376474274e+00
-1.733244190416838970e+00
6.221896888073100707e-01
1.067946019079627218e-01
-5.820081811420340090e-01
7.245521749343650786e-01
-5.040225675113577664e-01
1.248881707375112393e+00
5.703943167416632987e-01
3.656010685894540702e-01
-1.817570909531616818e+00
-1.563005682148159714e+00
-5.901058355903194830e-01
1.479579391580609693e+00
2.731313912163265467e+00
-1.110890339420353423e-01
2.489028995076317585e+00
6.424400889087731326e-01
-2.630909039562820961e+00
2.354230967236748739e+00
-1.217327350945898612e+00
2.200265755612805130e+00
-1.113299573790053953e+00
1.306552737744549164e+00
-1.952764710333262155e+00
5.559636347912788601e-03
-3.536527672475687778e-01
2.977189761912013566e+00
-2.151312159594934936e+00
4.361516502979524423e-01
4.667669875616575759e-01
-1.509017773497981718e+00
-1.931127260963797498e+00
-4.070552936007785227e-01
-3.158664680763082488e-01
-2.902184711340446976e-01
-5.070486159438488682e-01
-8.892288214357850773e-01
-1.320927799119786528e-01
-1.766129490525976564e+00
-1.594785853975516865e+00
-2.097570253708749277e-01
-2.045262343573458264e+00
5.756854938427499180e-01
-3.000889334382525475e-01
1.349156451864017781e+00
-1.316188068087460472e+00
-2.020923721990888655e+00
6.528155503993970932e-01
2.872989849940236873e+00
1.066027429416166017e+00
-5.288043759115482190e-02
-1.268211763819229732e-01
3.098314953226460888e-01
-2.439792672863193790e+00
-1.437669148458643020e+00
-1.055503495265725622e+00
-1.682163662052939657e+00
4.058603186626029147e-01
-1.490284874313864139e+00
1.972229477722299951e+00
-2.408180782900958938e+00
2.327557734026666658e+00
2.323140857824107730e+00
-1.495337932839733153e+00
-2.175949161444389546e+00
2.106944869058982039e+00
8.110091599036223231e-01
-5.657899344597685509e-01
-3.151032895999399397e+00
-1.776597031948960792e+00
3.259122492344928013e-01
9.114945480598708460e-01
6.410234495634273832e-01
-2.142261303653449467e+00
5.392817060055511424e-01
-1.644118148871700269e+00
-1.197643788736764581e+00
-2.211328852115912014e+00
1.173355063018125533e+00
-6.684149993924116684e-01
-2.551460406305386286e+00
-1.729332547461247982e+00
1.119817062988907486e+00
-2.337587005451883027e+00
-8.830518493395327351e-01
8.987204092754643714e-01
2.762285318849222460e-01
8.410954832536429171e-01
1.320143762787816311e+00
-2.603132964519127568e-01
-1.048233442705439611e+00
-3.397328967263049559e+00
-5.286544138865755249e-01
-1.426357459438991337e-01
-5.145169626569443544e-01
-4.664891501744405367e-01
2.447979090551390957e+00
-1.743351378680377151e+00
-1.249478368167081660e-01
2.304821702848020681e+00
3.820034809136286236e-01
1.047169089904002037e-01
-1.394999422403241152e+00
-9.000713082619394845e-01
-6.507349649272899939e-01
2.936110113480233874e+00
-7.920581680396856505e-01
-1.816901293480713553e-01
-4.763092111635561232e-02
4.953236159047203491e-01
2.962608305005176024e-01
3.393332278847918992e+00
-1.438177541020396966e+00
-3.233019876044349039e-01
-5.731189437526411634e-01
1.033718763834320598e+00
-2.017004728324491403e+00
-2.208610746034222139e+00
-1.940219551987906854e+00
1.320532775080688559e+00
4.050829173621086077e-01
-7.413803348316915232e-01
1.167138758392959996e+00
1.063345301336347193e+00
-1.531728164412731852e+00
1.438659168985962022e+00
8.414687133582773315e-01
8.279708549328537726e-03
-2.954517961876794718e+00
2.423022494761629009e+00
5.861201370962526580e-01
3.314347256774462736e+00
-2.235851155528171041e+00
1.150489891459393510e+00
3.736827257007683256e-01
2.001100862832944305e+00
1.704701220381209081e+00
1.885853701355504786e+00
2.228626785251715425e+00
1.187331610020452288e+00
2.339951229972419444e+00
-2.673510766848013365e+00
-2.186257571297443025e+00
1.057805899934452176e+00
1.614415560007009587e+00
-3.069076401920736163e-01
1.137908787544109179e+00
1.591578763119235185e-01
-8.155093211682111765e-01
3.617239049206484314e-01
-1.460149471235905549e+00
-1.654865432791060798e+00
-2.604195524544317575e+00
1.027269501820479825e+00
6.238272323251365936e-01
4.640209835752520662e-01
-2.039343580934434297e-01
