-3.405478063002438383e-01
-2.286051841153105557e-01
1.988284666427673208e-01
2.582837533101732808e-01
2.262236948504736944e-01
-7.491431422219394509e-01
1.616732480706829733e+00
7.660659442702234534e-01
-6.268403567051722414e-01
-1.081208166813300009e+00
6.723823007146492170e-01
1.376986567493350355e+00
9.889875252144653128e-01
-1.041784187793124872e+00
1.137699505137380052e-01
-1.967207384654499958e+00
-5.125468038103841995e-01
-2.053808751016561462e+00
-2.235982553610680323e-01
3.832900371598345068e-01
2.892943805532160462e-01
5.844727719037217106e-01
-1.104737890367770925e+00
-4.845605261621830917e-01
5.075312415250275710e-02
-1.037213132705463003e+00
9.249267029113533711e-01
1.062281579681938704e+00
-7.576050311683221183e-01
2.226075229507331610e+00
-8.167502885877787611e-01
-1.371138285155661940e+00
7.224136661012207083e-01
-8.366571076410898034e-01
4.568105930573782003e-01
7.602759344082838933e-01
-2.860842195277663036e-01
-1.108120266889354166e+00
1.638244969725332345e-01
-1.268711839956020659e+00
6.558479914282563383e-01
-5.579071428014460363e-03
1.324592767964137552e-01
7.231481841217484163e-01
6.016148485274724900e-01
1.575364878977589367e+00
4.482021486478843242e-01
-7.901289745232772388e-01
5.483887113552937675e-01
5.488573772348580571e-01
-3.340983833266903402e-01
-1.366412158553426348e+00
3.611559840055680315e-01
-2.224008190113063943e+00
-2.055804298215109238e-01
-8.419871049708125277e-01
2.531197588619307770e-01
-6.711683908510064460e-03
4.662528567336568508e-01
1.780540255337752786e-01
-1.867852244315848509e+00
-2.227990798759671431e-01
-1.553270034135815880e+00
-1.332063575105543629e+00
5.721360358730135376e-01
-4.987753693217751305e-01
1.137276021823644845e+00
-5.795272583741317707e-01
-1.260604223494786735e+00
-4.715753630405012387e-01
9.473035074588558313e-01
3.721508240465973838e-01
-1.292399211471911169e+00
1.464051819564973766e-01
4.933322953394093102e-01
4.483355465524476169e-01
-1.961069549337572382e-01
-9.642353956398145298e-01
7.354973310911765150e-02
-2.528374004609744707e-01
2.621291872308526352e-02
-9.976743727059739220e-01
-5.811633752089874830e-03
9.592923950655869725e-02
1.692334864879262435e-01
-1.018418215821731199e+00
1.018062247939519605e+00
1.123966109968856708e+00
1.044583095870533773e+00
1.387291065304927240e-01
2.143002922632945145e-02
-4.396650907584274126e-01
2.743555387067747042e-01
8.488431642089444562e-01
-1.242971798642324766e+00
-8.720707406759696523e-02
-1.111236010934212870e-01
2.789066590057081088e-02
1.086832109925229606e+00
-8.302378309809005374e-01
1.380448402360571480e-01
6.703113233190897136e-01
6.323542133876083327e-01
1.239909198312875382e+00
2.062836849460747690e-01
-8.191769953390476422e-01
-1.408531165470893853e+00
1.401753044165898743e+00
-9.614477856313153881e-01
-1.206260841235792913e+00
-1.581342017854865389e-01
-6.597216728103262318e-01
-1.605993612487814914e+00
4.495259474712480219e-01
2.627696540831890304e-01
-1.556819816340526685e-01
-2.405831738549918386e-01
-1.423100922282744207e+00
1.002251768514975883e+00
-1.338243169421776457e+00
-2.624354166216528728e-01
4.339628090665460514e-01
-1.089101701190427374e+00
-4.384216449133759297e-01
-5.272574769130943251e-01
4.340334282413932376e-02
-1.192663703958895205e+00
1.164190936241004115e-01
4.363143990002661399e-01
-6.423419502837788286e-01
-1.004035863494118080e-01
-7.379284273949935358e-01
6.710384049048533361e-01
9.163994626297836676e-01
-5.930502000810088381e-01
-6.935973659127341318e-01
9.917063108837868013e-01
6.390591091706782079e-01
-8.208568442260056885e-01
-6.180739782024391449e-01
6.399424255299153153e-01
5.822667095154514527e-01
-1.903591097380468930e-02
-4.254767596248795192e-01
7.011294394505950267e-01
-7.354709384433278929e-01
-4.140491496277286521e-01
8.210747579344725988e-01
-5.050787203826553329e-01
-8.265938608870404547e-01
-2.628026207888785500e-03
-6.319971409733495804e-01
-4.674294694850351095e-01
6.671133735671906928e-01
-3.069761732766794135e-02
-1.662164062369869466e+00
-1.341025366135919272e+00
1.991838456005963487e-01
-1.682541874102746249e+00
1.723003058338529458e-01
3.656743123029516096e-01
-1.399207345913049849e+00
4.368694098042052998e-01
3.471746932408993347e-01
1.179196736354981345e+00
-5.030691817069768978e-01
-2.338689175789181451e-01
-3.676206945498770029e-01
-7.584398993753563301e-02
1.177064443698201845e+00
-6.735301897212213618e-01
-8.452295799006706023e-01
-1.371439956797657178e+00
-8.813390362089353058e-02
5.918609647834767173e-01
1.271046243311532153e+00
1.906052994280097723e-01
9.715647530792465014e-01
-8.469933295404742379e-01
-5.931359257262549534e-01
1.592612609965119580e-02
7.221853627625319794e-01
-3.155216632583979774e-01
-1.811667924894562631e+00
-1.305971725141088946e+00
-4.086200640223012770e-01
-1.536289333278450631e+00
-1.448592750177887627e-02
-9.365587850537849812e-01
2.487120233499428290e-01
9.227920997788725543e-01
1.013034918467071499e+00
-3.434156053932435615e-01
-5.564385021886341098e-01
1.274426263674275805e+00
-8.786505062658271914e-01
1.240890162077814551e+00
8.892915519784195810e-01
1.158128241745244535e+00
-1.415806429075469275e+00
-8.646837738598956991e-01
1.492944768008068968e+00
-2.640331488434469742e-01
-1.476660862231451432e-01
1.010384549694698819e+00
3.006979460206412047e-01
7.630189155211348773e-01
9.276870370981144670e-03
4.168134803233959351e-01
-8.112759232153995415e-01
-3.448487489876573275e-01
3.076568065081747294e-01
-4.036700252666382549e-01
-4.185177056228491788e-01
-5.163665225989677587e-01
-1.933431383575891838e+00
-9.257681806196142726e-02
1.552304701091723915e+00
1.244286517015308569e+00
-9.997115867144883428e-01
-9.137446508065492079e-01
1.173242388254387425e+00
-4.923894121133205459e-01
1.276555858869090343e-01
5.506779128323703310e-01
-2.492107937822310160e-01
-5.785891728828900238e-01
1.198509693134284237e+00
1.258368167913094249e-01
-2.769474082268626458e-01
2.897419404335089821e-01
3.362016639533200318e-02
9.186795496503429304e-01
7.774845013726752185e-01
5.246678282508874247e-01
1.199385175136061132e+00
-8.765285765765150339e-02
1.489878132560128243e+00
1.164723578159270745e-01
-1.938129664636107849e-02
-7.574214285223943577e-01
1.767291958781677663e-01
8.867962340271553501e-01
1.217385964770973494e+00
2.538171039677931118e-01
-8.480871388983671766e-01
-1.091612590617515588e+00
5.411579646151644107e-01
-5.183481982223175216e-02
-4.327933765230531638e-01
-1.172423852307167280e+00
-1.692465592041241251e+00
9.393377699158108607e-01
1.381828748717873756e+00
1.105665275505419265e+00
-1.023940528591390509e+00
1.240571450495414840e+00
-5.146786229466635554e-01
-1.851669560664901681e-01
-2.308111398667692105e-02
-8.482935632392519798e-01
-9.216189918420338856e-01
8.140223678647010574e-01
7.329786100861397369e-01
6.255848979596163595e-01
