-4.403643205572912445e-01
-1.099077696852580194e-01
7.627647217745814334e-01
3.742695079277391645e-02
1.227227129446679221e+00
-1.269997594837006138e+00
1.702871918650249450e+00
-1.706635561348035290e+00
-1.435706968515452653e+00
8.769162280029098033e-01
-3.520500447929764132e-01
7.926848514305219195e-01
3.125767055018331964e-01
6.797351334360716146e-01
3.538643399457250815e-01
-7.572885773175174196e-01
2.218757047698777018e+00
1.055751534153399895e-01
-2.244354027907122795e+00
2.710333544168570086e+00
-2.250196426644576420e+00
1.279863188531140006e+00
-2.911794748452469328e+00
-1.420202020716689217e+00
5.419208194168496640e-01
-6.295083837011969941e-01
-2.048886018725573965e+00
-9.636818371376201231e-01
5.879968126944989937e-01
1.468535994882694373e+00
-2.072030140139050847e+00
-2.878739719947213116e-01
-1.405841859517688475e+00
3.147925107584518933e+00
1.343429939069824830e-02
-5.794517089563194778e-01
5.277459194329480185e-01
1.987647468662034678e+00
-2.366803160266806927e+00
2.649517079551882315e+00
-1.497190127285457750e+00
5.077275446521631874e-01
-1.300778135261900559e+00
-2.225042222037421913e-01
-1.789390082259670889e+00
-9.086769310856875892e-01
-2.249795865486545754e+00
6.290806299727896844e-01
5.546771492549222859e-01
-1.949218112023817784e-02
-1.148044302956959140e+00
-2.087037060679179934e+00
-1.766870029898805372e+00
-1.560370224208272427e+00
1.453231229392095702e-01
-2.513102173518785842e-01
-1.747285631320133481e+00
-8.938534706604116253e-02
-2.454311173485973274e+00
-3.400322969194326250e-02
-1.186821628367288106e+00
2.943197951844973570e+00
1.061672290430710541e+00
-3.147578926797189869e+00
7.314371773142747113e-01
-6.179845718142860100e-01
2.736279241008955143e+00
4.090532682532302400e-02
-9.547637320401379801e-01
1.784690429115663113e+00
2.909341020430596725e+00
-1.549501678234268764e+00
-5.252031672821222408e-01
-1.601441080030243658e+00
4.813064548904557038e-01
-6.456937868123280300e-01
-6.856285944627826812e-01
-1.225091181630987291e+00
3.068974520938186679e+00
-6.808532667617058776e-01
-2.101819276412074444e+00
-7.215525592440662495e-01
-9.536838035744361619e-01
1.992843969965140571e+00
-2.368143451582924719e+00
4.208259545029021109e-01
7.453842352368923452e-01
6.771737769036345611e-01
1.020896978448247561e+00
7.293650250886518638e-01
-9.520559532034689187e-01
3.034088959970706600e-01
2.452589318216865433e+00
-5.851869174006901764e-01
5.664954394218179035e-01
1.543166793652021473e+00
-1.417416401716518060e+00
-1.665234153388393645e+00
3.637105634470442217e-01
9.691307334405182550e-01
1.201023296672010465e+00
8.910781876525688538e-01
2.470586929629474238e+00
1.416627830639143992e+00
-7.041751188180778165e-01
-1.840946475089665579e+00
-1.595323400341330355e+00
-9.089355737707666139e-01
-1.791209321040012181e+00
6.235845394259582619e-01
6.117105688688457416e-02
-6.376747733287289055e-01
8.059648253396181072e-01
-4.930315876543173159e-01
1.205687886159112931e+00
6.344777737049611677e-01
3.516531229987933105e-01
-1.831615874682104073e+00
-1.379716871558176461e+00
-6.836927289356838910e-01
1.468393742256802970e+00
2.465158620034889392e+00
1.108926284675010310e-02
2.972299719842395938e+00
6.405357684128141216e-01
-2.676487918775037667e+00
2.431325370086974580e+00
-1.228592093622977943e+00
2.417769818894918821e+00
-1.153058118460239978e+00
1.149953835429922355e+00
-1.919799958523878525e+00
2.187150657561096889e-01
-3.619038799745072366e-01
3.085965443097225425e+00
-2.245316229154493470e+00
4.380600250288231301e-01
5.386929750098666814e-01
-1.480961679836735545e+00
-1.845429952921039396e+00
-4.381937369775247282e-01
-2.457949939944673867e-01
-4.321568793591067936e-01
-4.888257559831218901e-01
-8.427065140507563612e-01
-3.119945757896318561e-01
-1.795521556195339263e+00
-2.177967496102263478e+00
-1.718158967483076616e-01
-2.028186415506099571e+00
7.412711282072581565e-01
-3.388650489145333955e-01
1.440542287861607873e+00
-1.334691148364504532e+00
-1.944932521155567473e+00
6.607872894222562854e-01
2.826739442181608108e+00
8.056696386980316538e-01
-2.396798579114283734e-01
-1.124881153978446319e-01
3.108432253224431840e-01
-2.481985309985832444e+00
-1.578625124409916092e+00
-9.784504591946449059e-01
-1.767685538731771810e+00
3.907464220832502222e-01
-1.455317254693962337e+00
2.017337422345419906e+00
-2.447981184754092432e+00
2.270348926885973118e+00
2.366356692849407306e+00
-1.760011462312238040e+00
-2.177022993972980824e+00
2.003202225159773864e+00
7.854035123664013796e-01
-7.078505347072827636e-01
-3.205808467963672026e+00
-1.517259816784023885e+00
3.254062997729804674e-01
9.229542202645418802e-01
4.395429470591966092e-01
-2.133419170935823228e+00
2.280024593345059414e-01
-1.930684454060851429e+00
-1.278926603412454455e+00
-2.192290726669639866e+00
1.198985910249694475e+00
-6.931501377032575073e-01
-2.510026073591680174e+00
-1.646689618650914788e+00
1.114905627322519521e+00
-2.312260102851408927e+00
-9.016104322257143533e-01
8.443590445733571981e-01
3.354452017556246446e-01
8.462192860211036338e-01
1.365091586423040626e+00
-2.980033924883669361e-01
-1.254063981039851283e+00
-2.959073146711101998e+00
-4.965364305214381990e-01
-1.727894971576057204e-01
-5.856167360891584295e-01
-4.182508898875333392e-01
2.439424241277717176e+00
-1.678837124300715855e+00
-2.982122124148650633e-01
2.279464459319588965e+00
4.071725843921539245e-01
-8.470132845976750813e-02
-1.317165409875112658e+00
-9.309781544201646275e-01
-7.313648612376375535e-01
2.804868321340697079e+00
-8.427346605506556010e-01
-1.408669525992879146e-01
-2.158958513206394106e-02
5.891377644672992631e-01
4.852202878681227682e-01
3.426509691766673971e+00
-1.476104495002019679e+00
-3.414637903013661990e-01
-5.413883808109983820e-01
1.117610982575704348e+00
-1.980421942346179742e+00
-2.173042772423903646e+00
-1.936002051337902374e+00
8.391645194866463875e-01
4.256077516010635664e-01
-8.047072035131196399e-01
1.108138630029899430e+00
1.077651654314253138e+00
-1.585293581607873925e+00
1.504127274508300083e+00
6.905758785105403641e-01
-1.435710258960512520e-02
-3.094571207653487033e+00
2.541680135455982370e+00
4.479215154067598403e-01
3.190126224995211590e+00
-2.107489427677936344e+00
1.154206615947900083e+00
4.042285511138131171e-01
1.967953151436121262e+00
1.681273984691111556e+00
1.847781411869406032e+00
2.451080870395837330e+00
1.190204840973112521e+00
2.246952527551154599e+00
-2.476429526765355327e+00
-2.054758396703039836e+00
1.108676931752008432e+00
1.606188453975188501e+00
-1.771035701997150658e-01
1.196067754374843917e+00
1.051489812470157992e-01
-8.410754163867485422e-01
1.019850926818660630e-01
-1.504274883734966206e+00
-1.650595411568423376e+00
-2.701512336136236314e+00
1.014776565388232132e+00
7.001910224284076945e-01
2.518136226151484469e-01
-2.535049554440251818e-01
