-1.032997984110842538e+00
2.708873525372707328e-02
-3.920446013355198822e-01
8.853423669251292427e-01
-1.576532239318113815e+00
2.517034783402885556e-01
1.109517457688810951e-02
1.042309532237500225e+00
-7.644889512311197066e-01
-9.881697407483409634e-01
-3.282449934844332340e+00
8.055564637666511041e-02
1.464853327750984757e+00
-1.509100964679148893e+00
-7.350823229566059158e-01
7.609527772856622407e-01
-2.229956869704100342e+00
1.845702326903117862e+00
-2.640168690842235044e+00
1.075052486431173904e+00
-8.798183760278669441e-01
5.375725314800094967e-01
-6.439797251383529986e-01
7.058825885992306981e-01
1.010239386243042103e+00
1.327189564098026464e+00
-2.453322113043988395e+00
-2.057518557596773601e+00
-1.567777357257688298e+00
2.537827016725428653e+00
-1.354639112805063661e+00
1.310795146902797415e+00
3.694693517446624997e-01
2.185101670530260165e+00
1.025232843020732698e+00
8.600682091401078422e-01
-4.710923191369071339e-01
7.647463325734245032e-01
2.306058626880266083e+00
8.775517789908733324e-01
6.435716047640906157e-02
-4.516242715176016498e-01
2.569577835430378321e-01
6.796409657031230456e-01
-1.829117790113114816e+00
-1.654510552443023252e+00
3.931500129322186288e-01
8.752480970005802052e-02
4.736448334487055600e-01
-1.922507219401302425e+00
-5.886034420718719851e-01
-7.605881232696281025e-01
-1.950863608576495212e-01
4.216466753890786845e-01
-2.741582181167698251e-02
3.370161517039329396e-02
5.328858746383853262e-01
4.362223187550037795e-01
2.034275185421046572e+00
1.723769079553027161e+00
1.945513831692249562e+00
1.076459364122356988e+00
2.842208197429907379e+00
1.885234153006930313e+00
3.028699246237569198e-02
-2.582291795061147366e-01
2.602634627408475509e-01
5.431716572377277563e-01
6.847464943456041953e-01
1.325029526953653836e+00
2.537262296062201994e+00
9.043300837616670140e-01
-1.658491410039628411e+00
2.292739145852336069e+00
-9.584955756674575778e-01
9.960384932173416139e-01
2.116836863449357509e+00
-5.845360037718284607e-01
1.774168969387100336e+00
-3.073120453005884212e-01
1.185328414483053816e+00
3.476357484017263133e-03
2.483852125272968170e+00
-4.554836408453369900e-01
1.134854894145030935e-01
-1.122576030194716301e+00
-3.136220371243398919e+00
1.361519399297637378e-01
-6.784469325375553916e-01
2.231131801005391768e+00
1.039057341121606859e+00
5.717398638740628369e-01
8.150859196269034657e-01
-1.537986938835300466e+00
2.506873580477853580e-01
-5.744402616264786543e-01
1.894399408074240121e+00
-2.641285942257763697e+00
1.109654215383648834e+00
-1.211570889682684449e+00
1.303248708664141109e+00
1.689707698294380389e+00
3.121742405810803422e-01
2.297042109323167214e+00
-1.331474897292498571e+00
-6.781154358244443348e-01
1.557213500723324540e-01
4.693077436454047291e-01
1.283432655534348932e+00
-3.003358012742383676e-01
9.068861077494669298e-02
-1.139479822608439052e+00
2.602600354034257268e+00
1.341412128660964598e+00
2.332219779265095383e+00
-2.277777028481169808e+00
5.189142609366951264e-01
1.973891730198113481e-01
-5.483143130507757146e-01
-1.264888609112588824e+00
-7.865716641928728325e-01
1.122961016336118334e+00
3.806541109302122305e-01
7.744305336541941198e-01
-7.325928796425680289e-01
1.448480486172363024e+00
-2.714397750006386723e+00
5.364643024122147663e-01
-4.178721212386446449e-01
1.388383109972498586e+00
2.503520102755363852e-01
1.162776176782241544e+00
1.544999897307661962e+00
-2.159710153209468242e+00
-3.180436494704644623e+00
1.626986673542906603e+00
1.990524800173175457e+00
2.767144419642108222e+00
-1.346565054982680421e+00
-2.404007015419369342e+00
1.610560177656985559e+00
1.579222668332617818e+00
-1.502138268244900043e+00
2.026740561642009109e+00
-1.138136843177357971e+00
-8.175910387032917503e-01
4.512402223713841698e-01
1.887657132451394937e-01
1.110191678911016111e-01
-2.333345771826162984e+00
1.222516057482529117e+00
-8.636489209859299354e-01
-5.419705515610432345e-01
-5.049274379690255055e-01
-6.100664420263737231e-01
6.331255617994413498e-01
1.302316279703427560e+00
2.613303951112681822e-02
5.652485299233831473e-01
7.536548403395147977e-01
-2.213726127851510239e-01
8.389184717788005230e-01
-2.151940760860912016e-01
-4.163722834806524858e-02
-1.064475753115258438e+00
1.613109866925985236e-01
1.148256223548970167e+00
3.391507235864159031e-01
6.611740262107368427e-01
5.137560807828465137e-01
-2.716380704025701309e+00
6.590955759815001480e-01
2.518275951221644604e+00
2.962831474148042155e-01
1.114496742541750240e+00
1.655268740360805957e+00
-2.215335029497633168e-01
-1.600337233355510813e+00
1.963330298221121151e+00
2.086607384055622738e+00
-9.428693211873298008e-01
-8.074725443729359187e-01
-2.383548313100577687e+00
2.879779917761518870e+00
-6.213537869423809701e-01
-3.275087707886948252e+00
-1.013310089527813762e+00
-5.928008238730545498e-01
-1.557887866471454885e-01
-1.246350242937320552e+00
1.850153681969747277e+00
-1.583321412241877335e-01
-3.201169353106865234e-01
-1.356415078945741204e+00
-6.455227586238602155e-01
2.837185725001530212e+00
-8.282064871790484339e-01
-7.180403511101870473e-01
4.333333416936565041e-01
1.575741660250874698e+00
-3.296185931237545774e-01
-6.507314320549751896e-01
-8.245632424482417511e-01
1.667376081268110211e+00
7.076211551474541617e-01
-2.183476790469560669e+00
-5.930797779628879107e-01
-1.472269956477593844e+00
1.199140036017069394e-01
5.049396058610887694e-01
1.748124913146187620e-01
-8.342349529424646359e-01
1.976182119934360548e+00
6.796835779589911475e-01
-3.295931454281876061e+00
-7.956322194361018507e-01
-2.700461125340367641e+00
1.555328778659708755e+00
-1.228938346485098698e+00
5.089447511585222239e-01
6.094903230276108586e-01
1.142234372130425335e+00
2.227024918317041247e-01
1.780920471870803379e+00
-4.382547471847765552e-02
-2.796868746214795642e-01
-3.159470937680146085e-01
4.015196115732054261e-01
-3.680872747159667502e-01
1.627492614903033763e+00
6.136948542039043497e-01
6.083351199407054377e-01
8.289773440227273318e-03
3.470812639109464470e+00
-7.011803401991147933e-01
1.957382222756361534e+00
2.300283742608615067e-01
3.768402220819203619e-01
1.414827594103825525e+00
1.089441018851838194e+00
4.080362382553892608e-01
-3.901281737745193601e-02
1.137354559347304894e+00
-9.532545199306291517e-02
3.465761777422293743e-01
-8.841980921546122030e-02
7.281672334614612829e-01
5.586451284951504670e-01
1.652801124302438307e+00
-8.853580506012120876e-01
-2.525215276008588638e+00
-7.735809752291749053e-01
-1.062214481654640608e+00
2.172243460177762930e+00
-6.495015833047489417e-01
-2.833154154659708546e+00
7.423553716147901493e-02
7.475482610416679385e-01
1.063980832964583068e-01
1.586030848855686903e+00
-2.323793542535736723e-01
-6.891093762344708828e-01
-9.836182485424677102e-01
1.133340291687315454e-01
1.199049149381679946e+00
