-4.159839003823593284e-01
1.929765730282962721e+00
-1.169401454949446473e+00
-1.442367972605619331e+00
-3.846160650802777914e-01
-2.652791859938345986e-01
-8.071536154700332810e-01
-1.713702918143152898e-01
-5.707457928524104496e-01
2.631860512734129909e+00
-1.532468765709674163e-01
1.055190029808367180e+00
-2.435766102525470878e+00
1.013692571190837749e-01
3.722660062242807988e-01
-1.189560425226759088e+00
4.672433292786891679e-01
-1.184926693449819934e+00
1.853718346432283171e-01
-3.302643531351870387e-01
2.053941702055466667e+00
1.875935349192809021e+00
4.608344379097529808e-01
1.005246127100804188e+00
-5.049620294612588989e-01
-3.126209198487148733e-01
1.733579400566982676e+00
6.734097143716531730e-02
1.383598104625639813e+00
2.467844743666888441e+00
-3.548682381027790655e-01
-2.226762589147160742e+00
-5.991274240566871745e-01
-2.153786349928608068e+00
-1.897091915983450949e+00
-8.591263314395675144e-01
5.314577394128824350e-01
-1.922547052886630414e+00
1.165654094239193306e+00
1.948467625347950483e+00
1.664926299510993690e+00
3.610287733967566526e-01
2.780711376871994212e+00
-1.803511489826023828e+00
-9.134206126367585554e-01
-1.038849051763563791e+00
5.133361898668105106e-01
1.105059517109339140e+00
-8.651229904628111866e-02
-4.688269858086848707e-01
6.639911541201695133e-01
4.540627975063589727e-01
1.358297465341798294e+00
-1.304197578134518754e+00
9.566837959643563760e-01
1.392452068861065984e+00
-1.370036662344914946e+00
1.211308763315515485e-01
1.716385923569505867e-01
-1.691727620738099569e+00
7.973658818330572329e-01
-1.034521074730828438e+00
-1.239430296673544651e+00
5.414324198043315439e-01
-7.676431254868379406e-02
-1.420141621497144069e+00
9.640677844018651355e-01
-1.273324955470404696e+00
5.217597843252250733e-01
-4.349240692555748633e-01
4.929852289189828873e-01
-1.594995385025386625e+00
-1.244535777481146077e+00
1.524700729985259073e+00
1.251502618267045452e+00
1.345758835832502109e+00
-1.041556688547469189e+00
-1.413890517215782960e+00
9.518868506422530906e-01
-1.396800271952962413e+00
2.371150115062782504e+00
4.646646482093303998e-01
2.120414388761533153e-01
4.952486505550666163e-01
-1.657730504987369624e+00
-9.548965380978881035e-01
-9.680692201301535071e-01
7.396267826960450931e-01
-8.170435756187816034e-01
5.899624051271238345e-01
-5.115324861052819028e-01
1.742461529381790220e-01
-1.118595243056203392e+00
-2.665283309886252727e+00
-2.811543641891860873e-02
-2.577793595286579365e-01
1.239538277671690336e+00
2.953745568256810561e+00
-1.527275515381431303e-01
3.307358860897926522e-01
1.770272169388103167e+00
-1.366070030063862850e-01
-4.476540548436678812e-01
1.561257906411945839e+00
1.360437362730428035e+00
-3.399676549841113560e-01
-1.238281500155104853e+00
5.281019655098080356e-01
-1.810679707821584827e+00
-4.853618390288425011e-01
-2.003507488110583434e+00
1.285014344707578360e+00
1.379728875899797425e+00
-1.443223570329438821e-01
-1.485140305744361733e+00
6.271104704029623056e-01
1.220665948426939096e+00
-2.098958221756805353e-01
1.182366003586698744e+00
1.037309736098047441e+00
4.367978061161175707e-01
-5.364649788464387337e-01
5.922327020926924090e-01
1.042085136772336051e+00
-1.446310230628278237e-01
-2.305992898225234899e+00
2.095826153408320291e-01
-1.779213488608215599e+00
-1.067857554571936651e+00
-1.582057082987367858e-01
1.353364803775363168e+00
-8.213811604480187878e-01
-1.052366823559704123e+00
-1.582541822054624570e+00
-3.215285536681939393e-01
-4.174190719203735855e-01
-5.237830031180285006e-01
2.118868793298010367e+00
-1.694040546174051975e+00
7.493585563089399937e-02
6.480286188755819687e-02
-1.796345895966721340e+00
8.031558042734795455e-01
-1.828385767644084003e-01
1.197074373052798180e+00
2.976794688905688435e-01
8.915590435663801605e-01
-4.187618014256611620e-01
-1.413364823214747990e+00
-1.144170902777393861e+00
6.537569693203801879e-01
-1.867784450343034974e+00
-8.827356606829633856e-01
-2.654801402868252058e+00
-8.008690070752290113e-01
3.509797600520143945e-02
-9.615424800191091359e-01
-8.374287906579979124e-01
-2.729488327432113337e+00
-1.794344414221060502e+00
1.724444886333752480e+00
-1.456985950899318372e+00
-2.256512166004839282e-01
-5.141702627722084112e-02
3.076723158745231945e+00
-4.307451104984423296e-01
7.418331693051556375e-01
5.954636110213425981e-01
-7.650923009129358965e-01
2.461620403214948849e-01
-6.573434532260961083e-01
-1.684759327420540576e+00
2.805656246023450873e+00
-1.197691176244635169e+00
-1.937204402515498858e+00
-2.033671951315256354e+00
-1.113138587836992599e+00
-2.374761228357744169e+00
1.805292054034272620e-01
-8.547069262146829161e-01
-8.411944115311292824e-01
-6.421592900631082346e-01
6.534935591957187206e-01
-6.557107266633862563e-01
8.226706195072316929e-02
-1.542356778815676455e+00
-6.680739680453920970e-01
-5.039106489641589359e-01
1.841453851008371112e+00
-1.156840248368664170e+00
-4.132100549363689757e-01
-2.284397323285079384e+00
-5.226082788867817408e-01
-1.208390237885850205e+00
-2.092411374197872043e+00
-1.907806623545615921e+00
5.776224313386159048e-01
-1.056817887711797299e+00
7.766558369644221971e-01
-1.753571554159410573e+00
-2.669461773040594288e+00
3.125934597821521943e-01
-1.443222561356467093e+00
1.958446536960007922e+00
1.375455601267348449e+00
-7.792594866824628097e-01
1.094592195812346569e+00
-1.344945398871002729e+00
1.515730807866737972e+00
7.160518603287956418e-01
2.764574393156654875e+00
-9.086470831820989691e-01
-8.972625449294958921e-02
-2.540321728394177025e-01
9.751489595876268179e-01
-2.248719642371473704e+00
-1.995564959982643716e+00
1.599105358880867689e+00
-6.666678242043923286e-02
-1.182157110503337494e+00
7.830498107422183551e-01
5.460117060764961838e-01
1.469717826257453064e+00
-7.457350442512330480e-01
1.970073822894371496e+00
-8.523019293097169324e-01
1.229289680617838387e+00
5.207540774869533484e-01
2.872623552919816858e-01
-9.090390570673776427e-01
-7.848995662368449810e-01
2.087759292002270950e+00
-1.136694263290739082e+00
1.913376381256486625e-01
-5.742023461398895190e-01
-1.285799781275414500e+00
8.657433588137470881e-01
-5.454451619167242568e-03
6.530255227908196014e-01
2.396139121270211891e+00
7.765315296962508329e-01
1.869936302006115270e+00
-1.806117734800332386e-01
4.331435159809278734e-01
-9.694364349558642902e-01
-1.690055175253490694e+00
2.858539663561411537e+00
1.560697135446095674e+00
2.733434077764286263e-01
1.320286211116688868e+00
-1.269506974511757091e-01
4.213081545288533541e-02
-8.643056969691119418e-02
-2.654462285326852911e-01
-2.029833365205221174e+00
-3.423604777858328951e-01
1.762470605678831514e+00
-2.761003770681561331e+00
8.156880514074631161e-02
1.212679584989317272e+00
-4.238661966297901373e-01
-2.223340342516838319e+00
-2.821331278144140371e-03
1.296455601013315029e+00
-4.651481844856308889e-01
