-1.062114321501116621e+00
2.808540463007996521e-02
-3.931744891827800847e-01
9.472751390964683216e-01
-1.544679982782817707e+00
2.648607749121723032e-01
-7.784118962529180952e-02
1.035705572808695685e+00
-7.403668924026305387e-01
-9.861198062040513745e-01
-3.271200422844888323e+00
8.071721913101288781e-02
1.444309124175676251e+00
-1.512027698057887282e+00
-7.333876094952822555e-01
7.613944636658696030e-01
-2.228804130031085240e+00
1.843970203113429518e+00
-2.654300569324335779e+00
9.811185871418989235e-01
-9.060175246214231537e-01
6.000007401898287407e-01
-6.423670584399344685e-01
6.919736120373052302e-01
9.875955696609766132e-01
1.322371595461925065e+00
-2.450339522687699834e+00
-2.039024718975549710e+00
-1.568846954342429489e+00
2.528307744678622182e+00
-1.350653567390860843e+00
1.311800470071913693e+00
3.748644042560187462e-01
2.182987123205330615e+00
1.011431809468270604e+00
8.619242401612741133e-01
-4.720078911241997188e-01
7.320872302920748975e-01
2.284078402778313865e+00
8.708258673563803454e-01
5.716414677801699706e-02
-4.506612531080436690e-01
2.316971371974860250e-01
6.645691808886196039e-01
-1.827577083439567929e+00
-1.644969209921973263e+00
3.929678572965352168e-01
1.089505969462040424e-01
4.746585659464490070e-01
-1.865827945906727958e+00
-5.875301417249413349e-01
-7.662439239855630690e-01
-1.569864468357812792e-01
4.065592066011542993e-01
-2.089796984404358043e-02
1.762521893630086822e-02
5.341078167606356786e-01
4.573090092641375337e-01
2.027466488593857363e+00
1.736952627101645108e+00
1.947794935666530280e+00
1.035452655550886059e+00
2.709405110757225010e+00
1.890131582737566207e+00
2.338958096919608459e-02
-2.563108140182067674e-01
2.768254386986123139e-01
4.925962239280196608e-01
6.853516785043721748e-01
1.318843515910249398e+00
2.529568516349228524e+00
9.241868864420068608e-01
-1.662207869140289729e+00
2.281081965340692630e+00
-9.897998364483467926e-01
1.044408011072050391e+00
2.105838744011330199e+00
-5.597314273948579277e-01
1.775880694824152117e+00
-2.577705949282831366e-01
1.190893736615727061e+00
1.192397592564390860e-02
2.493462146494259013e+00
-4.534277404623680563e-01
1.115226662978651834e-01
-1.123914273692582455e+00
-3.201232041148748486e+00
1.367523473553067248e-01
-6.572114342558621480e-01
2.103192340314872233e+00
1.034177613326497491e+00
5.716496570426194967e-01
8.153649688674846630e-01
-1.577108979973402603e+00
2.390905988160006435e-01
-6.084197073001051947e-01
1.896174604109287731e+00
-2.640024539409364657e+00
1.116807612089687929e+00
-1.209833051783168578e+00
1.305036142350544326e+00
1.703848974018137730e+00
2.904669818391462099e-01
2.295364957402672434e+00
-1.336475461210959503e+00
-6.905286162381871762e-01
1.631736912095270164e-01
4.484671102294011669e-01
1.281014993439701710e+00
-2.996467269952601264e-01
7.438153178206181881e-02
-1.087775476631353655e+00
2.601090523453452263e+00
1.298104241259202318e+00
2.324694501871909846e+00
-2.247420292908739459e+00
4.905277303662013977e-01
1.968264795043405124e-01
-5.460212765975350768e-01
-1.247379567278757984e+00
-7.895974630360853563e-01
1.127071855873052586e+00
3.949617781034776010e-01
7.750898889760463595e-01
-7.210556866075812366e-01
1.515087365246480022e+00
-2.715040645661877416e+00
5.407708664928302378e-01
-4.552821638478380950e-01
1.345418691495299024e+00
2.243148820207157002e-01
1.163062808045594476e+00
1.537870502620024116e+00
-2.061291287085318835e+00
-3.110772137015396233e+00
1.719660530017219857e+00
2.163623239312746804e+00
2.762792488271914593e+00
-1.319411501075272053e+00
-2.402761057241749931e+00
1.613709617193376245e+00
1.583028151330849509e+00
-1.497176535324766355e+00
1.936627281451754445e+00
-1.138328632722568567e+00
-8.171029214218469283e-01
4.992751993157771295e-01
1.876136662371817032e-01
1.154271532716376475e-01
-2.323964481926533931e+00
1.222643362211235152e+00
-7.731618409011646875e-01
-5.409279176346337703e-01
-5.050641919490743703e-01
-6.105936734340282612e-01
6.119341292155493495e-01
1.300697890317705996e+00
2.945995334258049228e-02
5.674762339184459270e-01
7.524574367396019703e-01
-2.003743292197780745e-02
8.511819615149636142e-01
-2.113120662043803943e-01
-4.166762467270995751e-02
-1.080966720930892189e+00
1.623474320999463705e-01
1.150887040629125613e+00
3.374526292593866827e-01
6.281623129780473658e-01
5.099947611489246135e-01
-2.714755700700052898e+00
7.198305694553273071e-01
2.645454013899000589e+00
2.973882629559603252e-01
1.177031978689542235e+00
1.653082092823044968e+00
-3.150091032618455023e-01
-1.628367268457036277e+00
1.954172353427524822e+00
2.080810048320849592e+00
-9.763460046528282810e-01
-7.911803108899422288e-01
-2.386756985240935158e+00
2.888100163670356046e+00
-6.445943801428202224e-01
-3.275896704548693972e+00
-9.773385289669558329e-01
-6.071335838134720442e-01
-1.541175690308858037e-01
-1.246131750626131574e+00
1.848241133034192352e+00
-1.534598351929825077e-01
-2.941327592049031714e-01
-1.240110625186721327e+00
-6.412198677009676162e-01
2.836219468177239911e+00
-8.491503658138226385e-01
-6.913917571473522372e-01
2.482831594995680846e-01
1.579164701457228759e+00
-3.555835718917134125e-01
-6.529891634172125814e-01
-8.238668246581748456e-01
1.662563367030452488e+00
6.504054365582464525e-01
-2.083919842249666310e+00
-5.928647014522505643e-01
-1.483222527163515769e+00
1.196814812572084413e-01
5.149221330232317539e-01
1.739027166716619610e-01
-8.336089842815246342e-01
1.975279592286703911e+00
7.078723542823543990e-01
-3.303839618535042710e+00
-7.280229050274229508e-01
-2.682469484295851192e+00
1.566435505317960830e+00
-1.226334834759376324e+00
5.092602210540054797e-01
6.079903303967058026e-01
1.139085913544469308e+00
2.518139961374836755e-01
1.796961618334684152e+00
-2.705450097351927083e-02
-2.749892553769145431e-01
-3.129965799281756444e-01
3.307784349678624669e-01
-3.682153502273439183e-01
1.627228955238407826e+00
6.144326173701429861e-01
6.076374461438689423e-01
8.948978381335657289e-03
3.493626335358982704e+00
-7.003982549013421099e-01
1.964658183830479521e+00
2.121455930043905924e-01
3.985335841327972140e-01
1.352021829156131449e+00
1.087860033478333710e+00
4.008116457797148979e-01
-3.407121165190626216e-02
1.131923283212982190e+00
-2.242322525902361030e-01
3.282392913852780203e-01
2.075022164157427906e-02
7.491565343782353725e-01
5.484295380331102310e-01
1.633946563087460335e+00
-8.734236825784092995e-01
-2.525443561773850210e+00
-7.858778988148883426e-01
-1.062405666126966297e+00
2.269070054963338468e+00
-6.488879092746621113e-01
-2.832914780295547885e+00
6.963520545795895411e-02
7.647253605759642969e-01
1.022035977008638324e-01
1.590229985191603745e+00
-2.568179582968475594e-01
-6.962890304603593927e-01
-8.925871180088572610e-01
1.188778712652126535e-01
1.207653186782371879e+00
