-4.063357628905422403e-01
-2.732611296667951661e-01
4.516610162671509943e-01
-1.524107765915169166e-01
1.369769028345719786e+00
-8.160611439260059274e-01
1.575020927032811935e+00
-1.065765978012810811e+00
-2.076288266906114011e+00
1.274397275193890344e+00
3.234556959351826411e-01
7.159473847532260571e-01
9.163418239424880873e-01
9.667837895994770836e-01
-6.328066195802840577e-01
-1.269914552803028229e+00
8.878264781278220052e-01
2.134158182825103278e-01
-1.368404605134157404e+00
2.690338953156197643e+00
-1.982805146269058572e+00
1.566401498821689664e+00
-2.378678873710278197e+00
-9.766973248188670631e-01
3.181579269531563670e-01
-4.887278970041628590e-01
-2.121085608174377413e+00
-8.472233151796204620e-01
7.917325689099146135e-01
1.566251528472288879e+00
-1.354462276019728240e+00
-3.503739935469217248e-01
-1.355502857529509608e+00
2.672026260639697171e+00
-6.731863456036939475e-01
-8.668039164512408856e-01
1.879242322997242698e-01
5.249106077418863592e-01
-2.637795457156842271e+00
2.290240701190767059e+00
-2.310589713687648761e+00
9.436545355957568493e-01
-1.037464705378696728e+00
1.018982430268989825e-01
-1.947326520397340222e+00
-9.686769489951294609e-01
-1.806898975754382075e+00
1.689495400563856276e-01
4.099264876205808150e-01
8.876776643942128064e-01
-1.185608949993126160e+00
-1.221495351763201231e+00
-1.252427316625136067e+00
-1.353406203582746992e+00
-5.277706201548455489e-01
-1.558638522322091102e-01
-1.594765636174737988e+00
-9.773667979251903226e-01
-1.558245519702228465e+00
-1.379464815048749848e-01
-1.053895641680932194e+00
3.095371945469996167e+00
1.649427781402482696e+00
-3.186858824953180402e+00
1.468661136437801717e+00
-6.924683983053965264e-01
2.373271457853809885e+00
1.122960951127313090e-01
-1.117680120257987353e+00
1.516958877401623162e+00
2.179206330512594825e+00
-1.045014513010778190e+00
9.972486711477851484e-02
-2.036855396156209252e+00
-4.395487013312791014e-01
-4.645832934434319661e-01
-3.168888999563651554e-01
-2.135446939418402579e+00
2.587466042117861686e+00
-1.734983089302167825e-01
-2.469562602942936724e+00
-1.644134791812202900e-01
3.538035884296064637e-02
1.720229528361521654e+00
-1.921913250262403894e+00
-3.405889902114169754e-01
7.864565439740236474e-01
1.058648513008948910e+00
1.259083295945380598e+00
7.885656237252036682e-02
-1.145277569117965522e+00
-3.344029099519216786e-01
2.805567827953132198e+00
-6.558382458285770822e-01
-1.253548418156593680e-01
7.947680796015114124e-01
-1.035057539612217026e+00
-1.846929996339429447e+00
4.832193541177387530e-01
9.914558810885755191e-01
1.232043484247281162e+00
1.235201025304337286e+00
2.008632367323375245e+00
1.593303479816184920e+00
-3.568224274360640713e-01
-1.701928499619155710e+00
-2.355104914494908108e+00
-3.495692123849362676e-01
-8.183427978337440845e-01
1.503050544285444490e+00
-2.593482656967704969e-02
5.480879748808312746e-01
7.758608171873421222e-01
-5.147040327494005751e-01
1.637326224055473345e+00
4.359679945396052192e-01
4.510028654977044638e-01
-2.115113993535154613e+00
-1.598389308208222115e+00
-4.911980024492787478e-01
1.757426190341057293e+00
1.390793208648404722e+00
4.865528551100599675e-01
2.498268553042966911e+00
3.731415565213072050e-01
-3.096033408055401281e+00
2.258301692312466802e+00
-5.434236417424794796e-01
2.468064571146935116e+00
-8.662928919029628805e-01
5.788575094001846555e-01
-1.678293805438030750e+00
8.264005488309131842e-01
-4.788962960396376811e-01
2.600167193007874467e+00
-2.179212587784135735e+00
6.307287561544721033e-01
-3.236061962136387860e-01
-1.306645421388354489e+00
-2.127652566979267856e+00
-2.943893159417930727e-01
-3.734464379367521403e-01
-8.452077901196369814e-03
-2.193494219491023411e-01
-6.351677451877553171e-01
-1.726923018271584453e-01
-1.291324457695828709e+00
-1.839131683429662045e+00
-4.745156866997903289e-01
-1.698328488467980346e+00
-2.291850771645029261e-01
1.537107624944283879e-02
1.593425863845510104e+00
-1.327791749468248295e+00
-1.861235974519983127e+00
9.143807221880343450e-01
2.570677041242668714e+00
3.470577162906486879e-01
-4.052769623115065056e-01
1.014606423323778372e-01
2.145355543925221986e-01
-2.644231017918144744e+00
-1.190878701749125357e+00
-1.106321756558266145e+00
-2.146251384860312417e+00
-2.770088426654513936e-01
-1.856788365506413907e+00
2.047643019215630300e+00
-1.653177512472423949e+00
2.149774718345364821e+00
1.597358434906105629e+00
-1.399571251001697547e+00
-2.446271625608002598e+00
2.074676366709384823e+00
4.324654531926820367e-01
4.643634867807502897e-01
-2.075712073583793948e+00
-1.046683681158437906e+00
3.989269956099123493e-01
6.766682483507088230e-01
1.409259259382089624e-01
-2.022954909179782046e+00
1.472516108979298188e-01
-1.783164056373782280e+00
-1.305768321052443337e+00
-2.514235291967160002e+00
1.098630178646419653e+00
-7.688781303594591221e-02
-2.616728019517667203e+00
-1.982448102013781632e+00
7.611910115729387805e-01
-2.883775212078946382e+00
-1.002926289967012385e+00
3.528905601138484505e-01
-8.556723480123881731e-02
1.051153709933742242e+00
1.699380334412541327e+00
-7.812741242586834778e-01
-7.289576099079280169e-01
-1.667114585498022938e+00
-7.912695081521121665e-01
-2.230461213415422805e-01
-3.107642174442123983e-02
-1.769841223064354541e-01
1.971502279673069680e+00
-1.552984455916062156e+00
-9.609703854055415273e-02
2.749240798921918749e+00
3.874787865497667516e-01
2.811065763623178393e-01
-8.122616942942999518e-01
-9.555252691213095284e-01
-1.510619732423858497e-01
2.782969488042832840e+00
7.138394247331223408e-01
-9.207152602867363367e-01
-3.336610496035168349e-01
-9.943894230982439075e-02
-2.235778892959738584e-01
3.063575284072537208e+00
-1.472159218399895053e+00
-1.938270451865411470e-01
-1.038906005453760439e+00
1.361336504556691862e+00
-1.939974857765405236e+00
-2.471196452465339810e+00
-1.929160843777695478e+00
1.196639661947214162e-01
-5.571716930074820384e-01
1.179382353428304775e+00
1.078178793839589922e+00
1.162310537516299647e+00
-9.571839146399333531e-01
2.049905258375012806e+00
7.521875691909166717e-01
4.505348851078277983e-02
-2.993781707928937053e+00
1.603773702884261798e+00
-5.616417120301555599e-01
2.841621595074281359e+00
-1.729845579955457069e+00
8.861424264669378603e-01
-2.367748049653967124e-02
1.976037740712873081e+00
1.745591284987509040e+00
1.548285216725376445e+00
2.562564820661182630e+00
8.713046446469656647e-01
2.507033246882659494e+00
-1.361955630567450726e+00
-1.816336250144374720e+00
1.155705851770476578e+00
1.288612155295577377e+00
3.361330841260395941e-01
9.324730019740075093e-01
-2.513986309182211221e-01
-7.466005848751948726e-01
1.273402678666970100e+00
-1.385403523790098346e+00
-1.602390106851213414e+00
-2.068297167432243899e+00
7.218842059482679652e-01
7.622478363963152148e-01
-3.112583101439762023e-01
-7.678784359865306608e-02
