-4.758096840391387028e-01
-1.131284580060201994e-01
7.469966796796303488e-01
2.489321084939672551e-02
1.223076465002219448e+00
-1.245314126079285488e+00
1.647331146752422759e+00
-1.876236508683532866e+00
-1.470062301700644447e+00
9.353429231788277232e-01
-3.971921432772053118e-01
6.948191868672080052e-01
2.880890807793362596e-01
6.470736657437898831e-01
3.488100361236457503e-01
-6.974788729623800920e-01
2.199319995900697933e+00
8.278655741559765024e-02
-2.235686298028728203e+00
2.727210040833313531e+00
-2.264030572551638087e+00
1.631967693573376676e+00
-2.934691949720679816e+00
-1.484814130835775625e+00
6.194298368364991036e-01
-6.983368922924025890e-01
-2.058536855974170798e+00
-9.954587423531694457e-01
5.570382763727181885e-01
1.468346154114887669e+00
-2.138532048494927285e+00
-2.771481341588784564e-01
-1.441171206013273309e+00
3.113114960985590152e+00
2.216342029197550592e-02
-8.717532577914087755e-01
5.154688866214776066e-01
1.719116655891038237e+00
-2.354969855451817029e+00
2.516360224468634055e+00
-1.348626011626743226e+00
6.544940102866240172e-01
-1.253741238062232144e+00
-3.600076027734441242e-01
-1.806872776697507232e+00
-7.661726112660515176e-01
-2.213256011748133911e+00
6.096574124294423802e-01
6.382068295158437321e-01
7.680934791036631015e-02
-1.218271072104216479e+00
-2.114427549095241332e+00
-1.730025324848355472e+00
-1.571812894106998648e+00
8.143328580121365901e-02
-2.535637838766330310e-01
-1.726653654111760972e+00
-2.117445364872605484e-02
-2.535721388208143523e+00
-1.337887499023589916e-02
-1.037050847529958242e+00
2.955935404310692238e+00
1.157622435034224573e+00
-3.245540753599568173e+00
8.021520134543318470e-01
-6.520573466544159480e-01
2.732464090539278523e+00
-1.515142972887044241e-02
-1.302000689874311945e+00
1.800459434665502512e+00
2.983422599611230464e+00
-1.422863481738817937e+00
-6.350064064943963249e-01
-1.704585586847611189e+00
5.416255085254633173e-01
-6.270125057278519431e-01
-4.033955640856013991e-01
-1.401648948545261009e+00
2.539059111269909241e+00
-6.882662997735488064e-01
-2.080590169785260457e+00
-6.476378486923031197e-01
-1.055039613199552972e+00
1.918171507708442025e+00
-2.365423325308722902e+00
4.376165844258631532e-01
6.487593320801355867e-01
7.943848090093581504e-01
9.745639886953845199e-01
6.861120522048346215e-01
-9.382756014852184911e-01
2.881757436192265431e-01
2.443630113170355056e+00
-7.283265488012828914e-01
5.813758357584833947e-01
1.575277953601962988e+00
-1.456642923001472356e+00
-1.507865506551499424e+00
4.298279067905412809e-01
8.999650863119118549e-01
1.216730202197499278e+00
8.896282590621463759e-01
2.504005559557012983e+00
1.245117170631938386e+00
-7.753720049221654032e-01
-1.722727036628953989e+00
-1.546585118682999305e+00
-9.411156776236863086e-01
-1.738742766948469187e+00
6.040360016005090760e-01
1.133352083804656102e-01
-5.813850742284474293e-01
7.433171814191426030e-01
-5.053321273224956611e-01
1.219668267818201368e+00
5.809502499703029788e-01
3.687043352511851779e-01
-1.822353171471479349e+00
-1.495618908576311856e+00
-6.350672291150992743e-01
1.480081839093017715e+00
2.729578994580074802e+00
-9.959457693198608963e-02
2.473737141012056995e+00
6.265904927785372891e-01
-2.637656496900142145e+00
2.364132469385171298e+00
-1.264043787963926802e+00
2.252874021495370638e+00
-1.209884255484753979e+00
1.309498396811441756e+00
-1.967798330726518108e+00
6.046053855945436595e-02
-3.799411509305746781e-01
2.970046494808275206e+00
-2.118607395036065988e+00
4.342416595821757541e-01
4.854044025730969714e-01
-1.501193928695126356e+00
-1.997198920445873105e+00
-4.156859876730881753e-01
-2.722921970395096314e-01
-3.067503083326735269e-01
-4.577794575460205628e-01
-8.936720102617237149e-01
-1.644548532426644005e-01
-1.766276461257459296e+00
-2.037644906656136623e+00
-2.031853521106819771e-01
-2.020165633179600295e+00
8.365803315658471018e-01
-2.788919851990494525e-01
1.359213247173767902e+00
-1.318982724875424006e+00
-2.011143820718124697e+00
6.540481828258480901e-01
2.874293198257301896e+00
1.016085024499593592e+00
-3.537302890981855463e-02
-1.311217919183949032e-01
3.104911960415167593e-01
-2.437225145820504313e+00
-1.442714784402500117e+00
-1.011794694574198461e+00
-1.652538126603555924e+00
4.095028466035504633e-01
-1.476383084088229269e+00
1.981703851252604842e+00
-2.376688864601242290e+00
2.315716541730137745e+00
2.342708894099739592e+00
-1.667330638737768433e+00
-2.167038036107880039e+00
2.094943319050633690e+00
7.996039286683384040e-01
-5.254610995471817869e-01
-3.161865355321391569e+00
-1.697591797539357961e+00
3.268268483934781421e-01
9.161329484275073654e-01
6.054732188991220898e-01
-2.135754328470553354e+00
4.895289303111117762e-01
-1.683090220818354021e+00
-1.221110702832909789e+00
-2.193195994720085640e+00
1.201918860926183052e+00
-6.753848674902338534e-01
-2.541032513793969994e+00
-1.906478938284960289e+00
1.111747768676818682e+00
-2.347927180835849281e+00
-8.822425423682952461e-01
9.078697297782274411e-01
3.041606284063248511e-01
8.063210010077552781e-01
1.312755579994278055e+00
-2.748169549245497723e-01
-1.040100427460192600e+00
-3.251388653814859531e+00
-5.298914218206687288e-01
-1.314134511578444742e-01
-5.117890856085510753e-01
-4.740017285552655668e-01
2.381494933557993132e+00
-1.714001466168636911e+00
-1.701256958507918748e-01
2.283682922887575018e+00
3.883895000735482772e-01
4.524744951502620433e-02
-1.399808338058441626e+00
-9.018037022131025759e-01
-6.484268106896329265e-01
2.895789246252898241e+00
-7.692249780296531725e-01
-1.945424153778489984e-01
-4.924018882122451618e-02
5.036914962509946303e-01
2.736430864155326992e-01
3.388350538919962851e+00
-1.437246831929710922e+00
-3.250935689067089851e-01
-5.643710928780472091e-01
1.063554434584188524e+00
-1.995684435898137599e+00
-2.195847273844954373e+00
-1.936943296122424885e+00
1.290445098849116068e+00
3.720015083354950569e-01
-7.088042749480757410e-01
1.145079137148913073e+00
1.071867126680187132e+00
-1.563486633158312156e+00
1.433608862039418730e+00
8.050079070978822804e-01
-2.154301572461739950e-02
-2.941599384853531340e+00
2.429762763582301588e+00
5.129249358716977403e-01
3.304482855883683623e+00
-2.216694975139806179e+00
1.141695778920081672e+00
3.869727048836567596e-01
1.955042069038754438e+00
1.699743080171629117e+00
1.865650808850309872e+00
2.291260714916058205e+00
1.182131437684593056e+00
2.328569967494729998e+00
-2.505401638433001121e+00
-2.171736558341143208e+00
1.057760086489757390e+00
1.562383777225412773e+00
-2.136762715820690883e-01
1.180503560875974189e+00
1.766168642701603786e-01
-8.136722722331792834e-01
3.805464516119356766e-01
-1.460686644166046877e+00
-1.697801774851164902e+00
-2.584948921571640579e+00
1.039228138489152853e+00
6.257288483595345729e-01
3.971748616372857144e-01
-2.109350204598330336e-01
