-1.085132035704546416e+00
2.543917609212060713e-02
-3.803235447427120164e-01
9.459398785208386062e-01
-1.567989129723336594e+00
2.806593374182651535e-01
-1.315253312112715789e-01
1.030066322172632276e+00
-7.422527804397639484e-01
-9.849160653329501747e-01
-3.164436301886297542e+00
7.616046822117458759e-02
1.483151531186724270e+00
-1.524551367618158793e+00
-7.227497475769171231e-01
7.359125418731919943e-01
-2.235266106309941936e+00
1.828680927637639231e+00
-2.633100351569942266e+00
8.731105032422701306e-01
-9.263177653208094497e-01
7.531244033996746801e-01
-6.554224607598668761e-01
7.037061966692587101e-01
1.009922792508622713e+00
1.484504604517776327e+00
-2.450504365677079299e+00
-2.080166204882307746e+00
-1.546470844851456139e+00
2.528638916803603642e+00
-1.372110847098982900e+00
1.248519997905262358e+00
3.711593522063624251e-01
2.154103904463407826e+00
1.006522043910406783e+00
8.534132571428372227e-01
-4.785295685688186196e-01
7.107580395817864050e-01
2.321701717517037356e+00
8.610236414400410654e-01
4.762148860624373925e-02
-4.368982191827754935e-01
1.000006134018979753e-01
6.759446763731005170e-01
-1.715330532578343448e+00
-1.590298830732523871e+00
4.130472632642884778e-01
4.253173314608215544e-02
4.840588298022577285e-01
-1.775158058007153983e+00
-5.692312456456524172e-01
-7.622427421311209761e-01
-1.023805659141003577e-01
4.112116819162263126e-01
-9.053499821240238582e-03
3.110020332047713776e-03
5.315496262425156715e-01
4.901074175025558199e-01
2.040413633505095969e+00
1.795395089671806721e+00
1.933324647295517673e+00
1.064180296284776839e+00
2.768867051233642407e+00
1.884845704835846458e+00
1.312284024271445915e-01
-2.785651315888211799e-01
2.280246770580013349e-01
5.062279767563618860e-01
6.879991480502153367e-01
1.289045429889814631e+00
2.505590365775423489e+00
9.936359939352076287e-01
-1.562745605497233514e+00
2.297269126021013630e+00
-8.693424689681701345e-01
1.009848836837424324e+00
2.156292577469569594e+00
-5.972628398690150719e-01
1.794292837966508625e+00
-2.941890297263856646e-01
1.222705128816985232e+00
6.187455625608630910e-02
2.500109593614392001e+00
-4.560026075928406142e-01
1.012637608477141710e-01
-1.126103286392154956e+00
-3.197130489542222787e+00
1.347571453786461926e-01
-6.425182942830733879e-01
1.868619345439537449e+00
1.134959929523984279e+00
5.744873783904250741e-01
8.096464937645813098e-01
-1.586120601027585453e+00
2.975288110619265791e-01
-5.702525863090739389e-01
2.000429935719889585e+00
-2.628416721774529119e+00
1.156088094426293456e+00
-1.217524829118612928e+00
1.313820440096368447e+00
1.736559527446325246e+00
2.881280417687867024e-01
2.292954506297296913e+00
-1.307260887406001881e+00
-5.162793048383490513e-01
1.495696028589343918e-01
3.834998884400864783e-01
1.293757902671494708e+00
-3.411246473948177371e-01
3.281713514541708676e-01
-1.132512467554383173e+00
2.610059143750558697e+00
1.363702712291836594e+00
2.343609532440708687e+00
-2.261240300862257691e+00
4.833926591436328302e-01
2.175949044137552579e-01
-5.481079664083381431e-01
-1.170360453407696566e+00
-7.801399111221090088e-01
1.140203903994122747e+00
5.063655659882699833e-01
7.558924925119178129e-01
-7.218972199638087339e-01
1.468965436792603052e+00
-2.683544857182901477e+00
5.530097557714843681e-01
-5.742156812623218087e-01
1.247515577961978206e+00
2.215965570632974779e-01
1.174987728323928504e+00
1.468193173251984174e+00
-2.151886883181595600e+00
-3.273795256795180908e+00
1.733661600360294708e+00
2.242176989277674171e+00
2.752652576184119404e+00
-1.338825955251389033e+00
-2.411278126788774845e+00
1.702086404358275074e+00
1.576608852141114792e+00
-1.509941543125734364e+00
2.055643501050639532e+00
-1.007353536673049055e+00
-8.254356869006601594e-01
4.558001010784060170e-01
1.623405487097652755e-01
1.521238819655233998e-01
-2.270746978699595964e+00
1.224912787291838390e+00
-9.903586130480921401e-01
-5.295517749402223195e-01
-5.194559188700290653e-01
-6.149861604426338779e-01
4.760173974412001408e-01
1.303912297261084152e+00
1.178676028026481165e-02
5.660045098053375634e-01
8.373401979616156288e-01
-3.346314385327217589e-01
8.140282406760123157e-01
-1.996257127966016565e-01
-1.941761761403567807e-02
-1.158745616289603930e+00
3.578889421935284310e-02
1.158753887879853339e+00
3.463991734701092895e-01
5.394648596536176788e-01
5.182079408697328748e-01
-2.709014928612258011e+00
6.418255099774727856e-01
2.514381542902326405e+00
2.835741703227950272e-01
8.597774020001834883e-01
1.643992489693930192e+00
-3.578485070556892134e-01
-1.419936851548777135e+00
1.982312917437515587e+00
2.085102458305140960e+00
-8.668554011457141328e-01
-8.104421113446635960e-01
-2.377181912556408427e+00
3.103188373067449657e+00
-5.851286047210509933e-01
-3.289831848827743599e+00
-9.538811608660764385e-01
-4.778903107926507077e-01
-1.558235491784020765e-01
-1.222224105416589435e+00
1.864312418130800175e+00
-1.635151733067645441e-01
-2.831705241920464133e-01
-1.213654425859058916e+00
-6.351629920825395681e-01
2.822370085220198277e+00
-2.157422439034120676e-01
-7.139932491078910815e-01
2.544968587518059433e-01
1.518023758158712599e+00
-4.299574388719867857e-01
-6.504882996602926459e-01
-8.054076846516531329e-01
1.633442507562928192e+00
6.228042112683784826e-01
-2.021164004660536584e+00
-5.727964876044449039e-01
-1.588831619676307705e+00
1.124952802617278924e-01
5.442451818124023344e-01
1.785318612490978396e-01
-8.131687163329478496e-01
1.970034021192020424e+00
7.172249971840588545e-01
-3.311260017385958321e+00
-7.051871705840118132e-01
-2.695855638255575393e+00
1.553293611188838907e+00
-1.229011280111338866e+00
5.184514007136936664e-01
5.948601070999061102e-01
1.134868919166356349e+00
3.010263578290196529e-01
1.812997922595561917e+00
1.646617942533884840e-02
-2.812526457887897791e-01
-3.292813092902033834e-01
4.285331898152089924e-01
-3.695268217701214719e-01
1.667850592100719620e+00
6.123369699672673860e-01
6.066570692323547398e-01
-2.146440989193132247e-03
3.501071050103453430e+00
-7.083324290159600523e-01
1.972617251456377785e+00
2.452617874352379657e-01
4.651966606606958154e-01
1.369770475041200308e+00
1.091312741327389091e+00
4.003648439385774638e-01
-2.961432323598042413e-02
1.133618601402750947e+00
-2.525755362798097203e-01
4.285478198236921665e-01
2.567059818801578630e-02
6.460248338300675908e-01
5.511822773218978400e-01
1.621318734555420971e+00
-8.593532062243421921e-01
-2.509175267402010689e+00
-7.831436424165162391e-01
-1.069376835193649233e+00
2.241939740266718051e+00
-6.699618240814673165e-01
-2.832898923721774764e+00
9.480945880900783218e-02
7.635342509464857486e-01
1.191162230036101194e-01
1.604412489531194863e+00
-3.625023341436417468e-01
-6.949539206811929937e-01
-9.185335134927173906e-01
3.417274145179323430e-02
1.191523152452306444e+00
