-1.142198995588253885e+00
-5.792727741564316357e-01
-3.441595380036719942e-01
-1.384554173693160584e+00
-9.222305237564455416e-01
5.476059771187460345e-01
1.336829999299888216e+00
-4.758569821210650308e-01
-5.721717593740077712e-01
1.115946182315697754e+00
1.757890281145946920e+00
1.228845802824112932e+00
-1.075555966308619160e+00
-1.298754849448193749e+00
-2.477390098090985315e+00
2.201866562389142690e+00
2.123421479583748717e+00
1.681795650484613214e+00
-1.253345964912806476e+00
-3.222713642386040162e-02
-2.750251259814292748e+00
-6.857139290347524785e-01
4.819727031655422489e-01
1.195956786689843732e+00
-5.375242589190551978e-01
1.067301490862810898e+00
-2.014149441572126165e+00
-9.859874287914562885e-01
8.884685926662690969e-01
-1.972208238096512245e+00
-7.807276630419597574e-02
5.992011969593331600e-01
-4.202766468732689331e-01
1.300156673754314207e+00
-5.611204550083943865e-02
1.605234415518468127e+00
5.202393600476916402e-02
4.697505226230004327e-01
4.863285757687575012e-02
-1.850411746777769428e+00
-2.432896881620943752e+00
7.184247650708195376e-01
-1.239293577904167165e+00
-1.365955799100235124e+00
-3.382285178344633381e-01
-3.002986006875962288e-01
1.670886690158711607e+00
1.291656888774631584e+00
9.478703035499229657e-01
1.288111186556723187e+00
1.588583077214072103e+00
-2.019339800956832409e+00
2.160122022944451547e+00
-1.205129046488766065e+00
-4.698536094240700067e-01
-6.583803735317060590e-02
1.151973193784358696e+00
-1.646983601246577500e+00
-3.663367965959054423e-02
-2.562319870925852783e+00
1.650099411688064344e-01
-1.365804953874695804e-01
-1.450851463094664284e+00
1.189063082274395944e+00
2.957880420924574594e-01
8.428791162652223834e-01
2.782360018905712939e-01
-1.488256084425944481e+00
-1.151631223035260332e+00
-9.444164637190015643e-01
2.308788224808842049e+00
-9.037494754733070845e-01
-1.829441638155028027e+00
1.156736550527841301e+00
1.001309534295120318e-01
1.188025618139585404e+00
1.736925741449796057e+00
-1.533653442506082598e+00
1.112023680443144702e+00
-2.989263344413863877e-01
2.242149402173052142e+00
2.493931571474401032e+00
-2.688619789587878284e-01
-3.203706009630749918e+00
2.463042193783501421e+00
3.733719500549660619e+00
1.673648440295099071e+00
4.848540770417926193e-01
-5.190392394354818029e-01
2.382072240978298616e+00
4.624968930117476229e-01
-2.141017952027675086e-01
1.120997007588735883e+00
9.357339870183661867e-01
-1.518923733718817726e+00
-8.571512881025922237e-01
-7.960305871715157577e-01
-2.149677239251197136e+00
-6.158770729209643857e-01
-1.221542697000942423e+00
4.348858368457008128e-01
-2.459451480461917472e-01
2.636754622507622603e+00
2.068455520562575867e+00
8.840056936732427761e-01
9.151127758021246894e-01
1.363643600439973680e+00
-2.124618447353013639e+00
1.217061986632739679e+00
8.729057255511661895e-01
3.330319601662925955e+00
-1.386905483804652395e+00
1.808279429190366161e-01
-1.910880078483028433e+00
2.088716638351465260e+00
1.367896859034457346e+00
3.048383090544332763e+00
2.190730029296566794e+00
-3.877558941231777911e-01
-1.876066436502837886e+00
9.805621942498419230e-01
2.020653609077788460e+00
-2.641977489791824674e-01
-2.000203702878781353e+00
-9.725711983371423952e-02
-9.250887319579015333e-01
-1.709570064843755510e+00
2.381123051363476240e+00
-1.292665424320873946e+00
2.235007576105682237e+00
8.444337079430822568e-01
1.322262499156901638e+00
1.092991433840214466e+00
8.928474660464361667e-01
-1.836605035285602705e+00
8.724234811483740915e-01
-8.757376282462031591e-01
-2.972359582080625451e+00
6.778660525015773874e-01
-2.535547404589251763e-01
-4.886011497724249697e-01
-1.243018892660253116e-01
-6.798815327004151809e-01
-2.608983185193741061e+00
1.107242816147608666e+00
6.684633426831083636e-01
-8.642022903668725720e-01
3.831832483847935622e-01
1.278774595195244723e+00
2.065326310727192638e+00
2.726377458115932240e-01
-2.344404110631301386e+00
-8.544859387609888834e-01
-1.018885343436669366e+00
7.602974280803520557e-01
8.889417097105711818e-01
1.202063372683452869e+00
1.199057738245461885e-01
-1.153841925005038016e+00
2.453156362260943413e-01
3.057741459536299500e-01
-8.536928339936881160e-01
4.328450348138290771e-01
1.062680686037188016e+00
-2.909194745534937177e+00
3.046392435687735045e-02
1.979097974468608356e+00
1.746742437165112571e+00
-3.489602932353893516e-01
5.032684993216366420e-01
5.966264854908360782e-01
1.376059698679004406e-01
7.992128830714376742e-01
-1.480230404727306270e+00
2.635485021739625289e-01
-1.903677086209655478e+00
-9.467968523995697883e-01
-1.702317470160281676e-01
-8.759797799835077059e-02
-5.871286120926207941e-01
1.106694941126171061e+00
-6.000825198543311423e-01
3.664967381157576698e-01
3.567665321996297934e+00
-3.078694765503636077e+00
-1.278644622327593128e+00
-3.607299773413664479e+00
-5.601823239043002972e-02
1.312247019211964183e+00
2.084420681637382700e+00
-4.090381974257855102e-01
-3.924424805262339833e-01
8.827048210748219548e-01
2.176068246608227952e+00
-2.173587503394995846e+00
1.725734831064247299e+00
2.282397785149902436e+00
-3.318121564655472922e-01
-1.170667795404731981e+00
1.105218257444501972e+00
2.306719540209778430e+00
4.998622279752434894e-01
1.636672658600786479e+00
-7.137482911757637716e-01
-3.996221016068061682e-01
-1.253784925863223210e+00
1.753634430832647029e+00
1.758613321470093194e+00
-1.491737933429697183e+00
-9.200451558686824072e-01
-3.536375129886668717e-03
-6.734787980854457512e-01
2.177388834886422320e+00
-2.287599729785417257e-01
3.138371761066889309e+00
-2.087404769163790696e+00
-1.328498529127385419e+00
2.684867017590310212e+00
-1.636846074153565089e+00
-1.460026567318855717e+00
2.346132643359610803e-02
7.527284156139723015e-01
9.826017274235389065e-01
2.175510078721313079e+00
3.441460064146276143e-01
-6.910908552751876543e-01
1.112949063436214026e+00
-1.073255762050465689e+00
5.149313097366080560e-01
-1.769767041316737677e-01
-1.785654499055747135e-01
8.358238808739339998e-01
2.032241832989505337e+00
1.445755269259877185e+00
-2.293556245931254733e-01
-1.389116555760661731e+00
3.516446737072018158e-01
2.671962932573871630e+00
1.068342028763530793e+00
5.878626780956484055e-01
-1.054165289993696186e+00
3.953482589882513221e-01
2.146116153194065568e+00
2.814854253505234549e-01
-1.725271203978993917e+00
-8.803777659093323660e-01
-1.711571442542931143e+00
-1.462250930777378999e+00
1.572257611873530525e+00
8.271160490994802772e-02
2.406722459616751131e+00
1.496731945226317473e+00
1.222823922394159490e+00
-1.629178378012449135e-01
2.790726616318036424e+00
-2.682093641479995627e-01
-1.404375117308426013e+00
-9.119617977343642823e-02
2.214508347447342818e+00
-6.215173437523426048e-02
-1.489099045224860030e+00
1.447126306986886934e+00
-1.178077869115255139e+00
1.279655311793998385e+00
1.192733534728962930e+00
