-4.198016952953566583e-01
1.933786843743694916e+00
-1.166838212482990800e+00
-1.440285680057748152e+00
-3.830773706566605874e-01
-2.676652204530163282e-01
-8.073729653118988381e-01
-1.678222196725035753e-01
-5.733385089163288706e-01
2.632317487502132014e+00
-1.524763816212879597e-01
1.057600483374147249e+00
-2.435735911784540075e+00
1.017878520683203336e-01
3.719131131662532508e-01
-1.189342497944327004e+00
4.661821406078204832e-01
-1.186307998238200101e+00
1.842689047852832107e-01
-3.318106604566597451e-01
2.051658406251395839e+00
1.881429720987137122e+00
4.653630989357492309e-01
1.005856788245411471e+00
-5.064311714940257225e-01
-3.087510829409019775e-01
1.732420705512849324e+00
6.280611820757608932e-02
1.384803162372407082e+00
2.473837605291206110e+00
-3.546555954122217469e-01
-2.231795972073340018e+00
-5.988252654167294242e-01
-2.154503009934689572e+00
-1.896138151911837655e+00
-8.524771454055621867e-01
5.301104971035001112e-01
-1.922286638180179974e+00
1.164840917740604498e+00
1.947627612181312529e+00
1.665856568045819275e+00
3.629751665211118361e-01
2.778830531030461959e+00
-1.804004463497678401e+00
-9.144109468087230352e-01
-1.039000081129249686e+00
5.117492708030995097e-01
1.104924148607400625e+00
-8.899372225180517126e-02
-4.722040652270734218e-01
6.616843630631473738e-01
4.540659372747172240e-01
1.359624756809546309e+00
-1.302963724948233759e+00
9.577170662468116324e-01
1.393470033615284098e+00
-1.370156780860944501e+00
1.197894245497753696e-01
1.721385887696588735e-01
-1.695919043628363099e+00
7.963454645646242946e-01
-1.033481817247051460e+00
-1.248444162144294545e+00
5.444879603134463730e-01
-7.713033664041611670e-02
-1.421221903637513106e+00
9.580067315706958242e-01
-1.276123324594969688e+00
5.215625622512870541e-01
-4.349978420691882897e-01
4.975814968800317817e-01
-1.594743350146284877e+00
-1.243984222857234423e+00
1.524968248158979467e+00
1.238731758420667406e+00
1.360241224079519862e+00
-1.043982762208117032e+00
-1.422788209848948382e+00
9.519870013277480503e-01
-1.397318602492719330e+00
2.371291373681406078e+00
4.643755385869333674e-01
2.148042042261984752e-01
4.936618847277133848e-01
-1.667275666090690001e+00
-9.569769548642769186e-01
-9.639919779359452656e-01
7.393317795099332290e-01
-8.160765876799751517e-01
5.908925913866699409e-01
-5.120087446824066468e-01
1.741414200386032507e-01
-1.119030217088538004e+00
-2.663691106293690325e+00
-1.403396282578191212e-03
-2.564225342088203852e-01
1.240265295088883279e+00
2.954356035461671581e+00
-1.533447872090297759e-01
3.305833406808134645e-01
1.768983875240848880e+00
-1.343092556317692920e-01
-4.496479639914130466e-01
1.562361992078193929e+00
1.370275743375103827e+00
-3.405642516485050120e-01
-1.238385688365901460e+00
5.300668644318884404e-01
-1.810925311522584735e+00
-4.875475530906117072e-01
-2.004317606303887001e+00
1.284831301669741244e+00
1.379615116512136641e+00
-1.414690694126508885e-01
-1.486021800178049412e+00
6.355299347558645007e-01
1.217596062128440071e+00
-2.096448426871712067e-01
1.177741159372195590e+00
1.035515331358232149e+00
4.377646688755511550e-01
-5.466191056965031825e-01
5.904649464086532129e-01
1.042159622605800529e+00
-1.461941060590033203e-01
-2.329353406738154497e+00
2.114351061516997476e-01
-1.779414365468299009e+00
-1.065918427284544334e+00
-1.606223198461875779e-01
1.350671602395327797e+00
-8.211683995094630761e-01
-1.049674157926569817e+00
-1.582586082746193501e+00
-3.214709246939727594e-01
-4.172354196890837863e-01
-5.204612814073067417e-01
2.119737889634230488e+00
-1.693063620848745732e+00
7.425969982955715754e-02
6.946136948833456226e-02
-1.803910988094441503e+00
8.003006962027049420e-01
-1.840266016625848322e-01
1.197208981112798165e+00
2.993454909406069731e-01
8.913864913654059308e-01
-4.622442168607525659e-01
-1.411796020498129689e+00
-1.138188301293338922e+00
6.538528320779319891e-01
-1.868133375121904916e+00
-8.814400866229578080e-01
-2.656371679891018633e+00
-8.086417851454948957e-01
3.844142403731763691e-02
-9.621685985442912648e-01
-8.289615115467733331e-01
-2.728605310730701561e+00
-1.794589590228684362e+00
1.718227521951247505e+00
-1.457274360110107692e+00
-2.259928494154262169e-01
-5.126353870049710909e-02
3.080022928664995163e+00
-4.307635594439135351e-01
7.363247679324090855e-01
6.182717875022336607e-01
-7.705098889302786080e-01
2.441193806444102166e-01
-6.635263993704983987e-01
-1.682448770925568882e+00
2.806308186731211851e+00
-1.197935526035469156e+00
-1.940532567946130937e+00
-2.034110738379327987e+00
-1.111878770411579564e+00
-2.385915936629397383e+00
1.867095350242400087e-01
-8.538257005764718910e-01
-8.413704677242549446e-01
-6.625006535805770813e-01
6.550305016301867234e-01
-6.540284060598908766e-01
1.440355984033361014e-01
-1.543125834345882019e+00
-6.699154182656203993e-01
-5.009596115151652151e-01
1.841706212914324237e+00
-1.157649783578279079e+00
-4.127333198594451136e-01
-2.284491920090943040e+00
-5.220107260289288398e-01
-1.205809514133860949e+00
-2.079240566523972600e+00
-1.908572386534969523e+00
5.762976118678978521e-01
-1.057934736420679034e+00
7.766148383672000222e-01
-1.755249074584542601e+00
-2.670601125496986139e+00
3.148167875082184541e-01
-1.444274903535432975e+00
1.964978388283143751e+00
1.378793477610833484e+00
-7.782882189333837353e-01
1.108648618741765013e+00
-1.349436807152849971e+00
1.516263718510545866e+00
7.152869151242007284e-01
2.762907964287182772e+00
-9.104391433636229713e-01
-8.965602133281855290e-02
-2.538527479047043567e-01
9.775775418859382615e-01
-2.248177405807004980e+00
-1.998804869244254823e+00
1.617758537583396050e+00
-9.711441444466278883e-02
-1.183416883726526869e+00
7.823740171289568224e-01
5.461785288494538371e-01
1.471526459902457340e+00
-7.428979089420542081e-01
1.965153019752472918e+00
-8.531050053543065559e-01
1.227433765402482058e+00
5.221289822291484972e-01
2.868264340596116124e-01
-9.108735046220995946e-01
-7.849090694100260279e-01
2.089059426633449235e+00
-1.136701329935736693e+00
1.893605592845939434e-01
-5.644697685455134506e-01
-1.285041820880228780e+00
8.663759400350311557e-01
-5.233053334182665578e-03
6.689888613316591348e-01
2.396053221800250377e+00
7.767258762750880452e-01
1.870783851578474488e+00
-1.719909690324615548e-01
4.284604500593854892e-01
-9.738091717768128097e-01
-1.686548537957047067e+00
2.858287734472646946e+00
1.562677915953874397e+00
2.682995468192750366e-01
1.319361395900540579e+00
-1.268582230406910261e-01
4.178592558289725978e-02
-7.473309061394996233e-02
-2.662526221647533164e-01
-2.029020873773567768e+00
-3.324103240805446613e-01
1.769406203302990921e+00
-2.759756555898661201e+00
8.307103473636125168e-02
1.212096928755814318e+00
-4.219596913352393619e-01
-2.226266013083296080e+00
-1.448621643280380983e-02
1.287029414618723111e+00
-4.687390820020418403e-01
