-5.108822958579010143e-01
-8.723297362742038485e-01
-1.487735318609860302e+00
5.678973488870756592e-01
-1.318576946807378913e+00
-6.383367973352216396e-01
5.524831808681109901e-01
-2.238994399875471775e+00
1.322423845874327375e+00
-1.477165278748533705e-02
-3.883013664536231202e-01
-1.457913825855707168e+00
9.716671586104117520e-01
7.607402957858421244e-01
9.901383934180046920e-02
6.989845347908608675e-01
-1.635863050016905351e+00
6.223274737504870258e-01
3.633462168201411768e-01
1.235317577009625509e-02
4.624398209139021221e-01
-5.968199092152048912e-02
-8.912406020679386476e-02
4.236651919809308886e-01
1.199842524264833399e+00
-1.037837836905991740e+00
-1.108535665758263677e+00
1.902497351157028671e-01
-1.253149594116851562e+00
-1.704935286427060603e+00
-1.825610415279634302e-01
-5.700757518849963734e-01
-8.190982324091079514e-01
-5.890209882817190046e-01
-5.697085927727042476e-01
-1.632238565141500009e-01
-1.408266093301782540e+00
4.757476747007636231e-01
3.691585033804406502e-01
-6.275135914392260261e-01
5.688935305409041909e-01
2.729063379522531085e-01
-3.157789561110155296e-02
6.123639552808816111e-01
-8.018526841321366172e-02
9.745140372951073271e-01
9.924837384590625700e-01
7.766974610391408351e-02
6.760049546295526790e-01
1.228048739651565802e+00
6.947900532694368803e-01
6.826172615271788313e-01
-2.530424079573231344e-01
-1.049530304037910589e-01
-2.005135767868771457e-01
4.352682333362626332e-01
-2.315210897598293904e+00
-1.459262325144530248e+00
-9.349259791468017555e-02
1.287916160713956648e-01
6.332351906416713305e-01
2.079386906311014860e-02
-3.399370899974138993e-01
2.155693470394257627e-01
-3.054216488753662140e-01
-7.503955924178061787e-01
-4.363605658180015334e-01
-1.388061227512090934e+00
-9.235710248713122628e-01
-6.761842274190812407e-01
-1.100991982682014703e+00
6.269121071745393792e-01
8.827103960784876691e-01
-1.876113936869935883e-01
-1.338670430450914939e+00
-1.515976650892682853e+00
-5.465294556283499805e-01
-2.752340268790440247e-01
5.110153995283337469e-01
-9.137074867147976232e-02
-5.422207021582077513e-02
-9.765942454680742735e-01
-8.424808306831664817e-01
5.449401001421164681e-01
4.043081227072516937e-01
-3.053561407164448460e-01
9.135606362514425705e-02
6.727962983268412911e-01
1.097687016738555288e+00
6.290547794548477789e-01
1.592485185848679485e+00
1.194954733851966600e+00
-7.225665445124173081e-01
3.978350839418466345e-01
-5.507304239723220807e-02
3.426593731162480561e-02
-1.300870740456651298e+00
-6.561876590141905163e-01
-7.436981789758290162e-02
7.956222987320344942e-01
2.810906939158375750e-01
8.405684749058069949e-01
-1.340367309508538884e-01
-4.274665673468566185e-01
-2.053833790342418641e-02
-1.435389572484529336e-02
-3.278897335883169672e-01
5.233282652651004563e-01
2.482596801002160958e-01
-1.187804723157555253e+00
-4.849876472798955174e-01
7.143570948452383496e-01
2.124130426187840759e-01
4.334616874483557813e-01
-5.450500705730745299e-01
-1.332408249527031519e+00
-4.680711926506047615e-01
1.817944643334666877e+00
2.914657958616887479e-01
-3.648211540909929163e-01
-6.838342215868109530e-01
4.928917067886223746e-01
-5.302169586575703475e-01
-4.097520896628732423e-01
-2.179733322168464216e-01
2.729510991685453192e-01
1.124007727083758290e+00
-1.735988062312875113e-01
4.275669586252532628e-02
2.357370095152110934e-01
-5.288797819025743419e-01
1.266076223814388557e-01
-6.120665674079662777e-01
1.535665166874763621e+00
-4.250669886150926780e-01
3.516150105212892951e-01
-8.950950681968770084e-01
1.209281430825070558e+00
-1.067835404725092197e+00
6.488791975152203850e-01
1.021319213262079501e-01
-4.462571457812962161e-01
6.405994104266955480e-01
-7.571329521122760475e-01
1.549912081360603544e+00
-2.161050708956532285e-01
1.263997808680944468e-01
1.264358517010709226e+00
9.655139026964651983e-01
1.221967077462677576e-01
-6.237278470562942490e-01
-7.318541724930303083e-01
-5.313962945123884563e-01
-1.297091767095036374e+00
1.119899368146339391e+00
-2.920737058664946845e-02
1.150210891120850148e-01
1.979428455891700800e-01
1.004877888211972436e+00
-4.065654775545082811e-01
3.952646503649751009e-01
-1.107693025681489196e+00
-2.587509001524107566e-01
1.126980784152864512e+00
-2.639868876628470584e-02
-6.152547308794031888e-01
-7.438626630777448456e-01
5.013732868101918871e-01
7.823231950893503317e-01
-7.183952407894500514e-01
-5.070062729081896702e-01
-7.561892295786286633e-01
-1.405418586357047417e+00
4.362597853265665071e-01
8.670853092856769528e-01
-4.238821109279128363e-01
8.318527598074002549e-01
-1.440076140037999775e+00
2.904150944211503216e-02
-1.071382162718498732e+00
-4.610106976754068109e-01
-1.258514303877878437e-01
-6.214594337136551960e-01
1.091087229560389948e+00
-2.188709856886911220e-01
3.104791751980970349e-01
1.144260107353932687e+00
1.044873287606876144e-01
1.145966549898802533e-02
1.400858086148242254e+00
-1.337845338905591541e+00
-5.907787600614954338e-01
-1.765168258198632323e+00
-9.883572986215370948e-01
-1.037707306969017473e+00
-1.657660131815277715e+00
1.283733287735707579e-02
6.438216482996103052e-01
-6.044941106110154894e-02
4.829157821549692198e-01
3.762925707462780323e-01
-1.074113686416995339e+00
3.157077370707190855e-01
-6.107821490343164905e-01
-5.783076752935514264e-01
2.276936114408281697e-01
1.394841621738485804e+00
-2.008930340885991539e-01
1.558899888610990048e-01
-3.284534760074565574e-01
-3.175255819474182561e-01
-5.257468694624134464e-01
6.657489261011468873e-01
-5.523163075109377429e-02
4.998112258116268469e-01
-8.088251363252252357e-01
1.237269029007833643e-01
8.512523086512513437e-03
-7.666848582038193749e-02
-1.348060887421176357e+00
4.797944750739768782e-01
-5.358769609978428772e-01
-7.124112724849981371e-01
3.601443538771915698e-01
6.503746175329581103e-01
2.171374413683730409e-01
7.424908813829402821e-01
-3.951208656505021954e-01
3.690033583017781615e-01
4.960356462653858767e-01
-8.883614819911814786e-01
3.369934572983621091e-01
-3.853938990033806133e-01
7.822414812086098124e-01
-9.172072676115189394e-02
-6.784305559452634693e-01
-5.239461964622633694e-01
4.675783519408387989e-01
-2.702219997583778510e-01
-7.451359656874415593e-01
5.353529960159042478e-01
-1.906465724515263860e-01
-5.192781980953666832e-01
1.755611176261389350e-01
9.639662625809599650e-01
-6.072286164249692808e-01
1.956824227041989439e-01
-7.543765654971624768e-01
2.333097071296457714e-01
3.973276821114160584e-01
-5.445973039029834428e-01
1.337393794278870285e+00
4.750436125619272865e-02
5.845355641636250654e-01
5.823167999671992057e-01
-2.420159280708678029e-01
-1.347349039904252588e-01
3.146482635389730165e-01
5.236991402790671657e-01
-4.126496796396658118e-01
7.116100339573439015e-01
-8.821102667908524708e-01
1.413639774733924437e+00
-6.037550870178992612e-01
2.382243609735498202e-01
