-2.186886805439534065e-01
-2.827849250308174245e-01
6.031900572482852274e-01
-2.643973771295343722e-02
1.417032091721228682e+00
-1.333526517355844820e+00
1.825223845436750425e+00
-1.239082998885765230e+00
-2.100696559414756415e+00
8.862601634467783818e-01
9.855303694644634849e-02
6.804133986616140994e-01
7.369661575182979707e-01
7.846145145136792509e-01
-3.586046579076648810e-01
-9.062375545728460491e-01
1.056175920897957532e+00
2.889924110095792864e-01
-1.995328972464218253e+00
3.003653233499972153e+00
-2.248133857676654745e+00
1.495015820732469303e+00
-2.505294000773381047e+00
-1.015226033890707757e+00
-1.344120346814247080e-01
-7.870509097054636527e-01
-1.783185013324418922e+00
-1.058690664096961553e+00
5.711173532456605972e-01
1.271839851558690615e+00
-1.243300307417973816e+00
-1.701166386685992737e-01
-1.448800349122102205e+00
2.977940504483902018e+00
-3.483748008521803108e-01
-6.817311485341448485e-01
1.819477390956626695e-01
1.202197013284016069e+00
-2.427943681107227469e+00
2.334429634139626231e+00
-2.567079336911104903e+00
5.370627275646148169e-01
-1.232280365430530322e+00
-3.880718434951786477e-01
-1.626204944547222642e+00
-6.671817569377477275e-01
-1.924445157387004945e+00
5.835409580992134693e-02
5.573577502290751884e-01
9.598555333912456300e-01
-1.222114408586666867e+00
-1.769453446551934039e+00
-1.319309801583993247e+00
-1.598626128644288658e+00
-7.683238033683832402e-01
-6.212654238894166348e-01
-1.680073044849343056e+00
-3.896835559670204230e-01
-2.317701473165269643e+00
-9.561294728325575587e-02
-1.276351146940756243e+00
3.076167005543572586e+00
1.698086985085661693e+00
-3.158497998948800678e+00
1.019118498891539382e+00
-6.974005149704705087e-01
2.744459560512753526e+00
3.004531053399859264e-01
-7.909973573729091045e-01
1.690162862928942467e+00
2.521116823212782521e+00
-1.387790475729149708e+00
-1.940801365321664362e-01
-1.670749699677634759e+00
-1.981743171668914894e-01
-4.954432645922071110e-01
-1.000677399212518415e+00
-1.768457547832494869e+00
2.802729354979102361e+00
-5.584247272392963701e-01
-2.468681766065710992e+00
-2.413303907032650630e-01
-4.036935645137962880e-01
1.695798435406427496e+00
-2.313755879881732369e+00
5.275599684475817952e-02
3.396758277660214542e-01
8.409492514130303409e-01
1.165487562400178145e+00
2.423835465932722977e-01
-9.646873036644828536e-01
1.244102956170780039e-01
2.641067434212230669e+00
-1.150546595171926256e+00
3.512286654720919166e-01
1.301746475421996063e+00
-1.413146618735644289e+00
-2.093317713242875744e+00
5.912536626817421759e-01
9.671556258029758713e-01
1.023557356045370348e+00
9.411601976151683369e-01
1.936744288872474407e+00
1.924006505817283497e+00
-6.871884966168007036e-01
-2.184273479504369675e+00
-2.098121292719667963e+00
-5.937081439168159225e-01
-1.252668528936464964e+00
1.095025996051413042e+00
2.673138094072599613e-02
-2.322372587023570079e-01
7.817033766660790306e-01
-5.438593115759129404e-01
1.483270718436697333e+00
3.683888143228788992e-01
3.449368376548599402e-01
-2.130169425599079958e+00
-1.389107902611889545e+00
-8.877311546387762764e-01
1.946986892681510151e+00
1.760718275668655686e+00
-1.577181803044391817e-03
2.748292281352605393e+00
7.888002355104648533e-01
-2.812817108337241301e+00
2.473764337709636774e+00
-1.288898604437398898e+00
2.722116030645615137e+00
-7.796686864121866734e-01
6.962571217979565130e-01
-1.640452838478208886e+00
1.827878045989252964e-01
-5.066348726261402646e-01
2.817354633712796819e+00
-2.134091876316836167e+00
5.674229501819902932e-01
7.736084396705178445e-02
-1.601102740942272007e+00
-1.807729846444791066e+00
-5.998261560654257751e-01
-3.988253516906519747e-01
3.714345116209528674e-01
-2.097566736967436674e-01
-7.134081788633213073e-01
-2.648333646385443441e-01
-1.610732085846260375e+00
-1.575918864554969989e+00
-1.316964627056316783e-01
-2.249775616645021348e+00
6.181453270916492659e-02
-4.266528867875203912e-01
1.296642162318051072e+00
-1.188368817944389644e+00
-1.633079440948232985e+00
6.700138012481103855e-01
2.520876970242317938e+00
5.253042187862845269e-01
-7.597745939120599257e-01
-2.090238256085356072e-01
2.998924929016927310e-01
-2.473223448989133821e+00
-1.436934661527762946e+00
-1.019396386535087906e+00
-1.702134912605671513e+00
-3.657748502438860072e-01
-1.613982612847608467e+00
2.107113757659948128e+00
-1.769507665217589398e+00
2.269180478916952737e+00
2.018130523101246521e+00
-1.678503830869386704e+00
-2.085344704151348871e+00
2.081449866433752849e+00
8.037617751309609204e-01
3.575207399341128189e-01
-2.614384275086178988e+00
-1.063215171899950517e+00
4.895727011461494804e-01
6.392870386500704161e-01
-7.379075869011203492e-02
-2.498059320345356937e+00
-1.535332106016815135e-01
-2.059005840836662049e+00
-1.666288509602956491e+00
-2.023140899058009978e+00
1.013414373221592335e+00
-8.149554899528824725e-01
-2.409526032946893270e+00
-2.344277579221877073e+00
1.262471462106856901e+00
-2.768253122411680867e+00
-8.696754891263743792e-01
1.004704895013270871e+00
1.030462657297001039e-01
1.071517244596948748e+00
1.823896203534068450e+00
-7.716575600859685302e-01
-1.127601110732016298e+00
-2.337009277108151650e+00
-8.300385455739700546e-01
-5.235037543549384553e-01
-3.442147516417427000e-01
-2.991496743881539855e-01
1.919263630048279046e+00
-1.915407676832552308e+00
-4.906520963675578551e-02
2.470722504073579628e+00
1.847446613650708391e-01
1.353544236816318636e-01
-1.309096004001048641e+00
-9.266554417878810623e-01
-4.636963644773972604e-02
2.921939533756328089e+00
6.047389452609792659e-01
-1.607329080668029042e-01
-2.282741898939458225e-01
-2.711640033696096075e-01
-3.773560738995000441e-01
3.063513221356457539e+00
-1.039128201728759526e+00
-4.753319397356957077e-01
-1.073741848671415422e+00
1.268047839724043779e+00
-2.151842251536699280e+00
-2.366128713594720434e+00
-1.950054718453483327e+00
1.100409642491888551e-01
1.186236562785583648e-02
5.565345555607184025e-01
9.964066408661828023e-01
1.234827862790899733e+00
-1.707195466269799233e+00
2.000186411645184847e+00
2.379911485397893101e-01
-6.310145139290512795e-02
-2.764345924737289462e+00
1.846969786533756430e+00
-1.058713999768323699e-01
2.925466216426656718e+00
-2.009701771894634170e+00
1.142746251806057600e+00
7.569537602044651425e-03
2.349383716847675441e+00
1.749210079512489857e+00
1.754672437555317988e+00
2.441518493496377840e+00
1.260728885139733135e+00
2.065648520750940964e+00
-1.668817279350111260e+00
-1.969988064210513867e+00
7.481040843334672008e-01
1.478104321909067043e+00
6.990321972307895759e-01
7.193402558317802953e-01
-8.203178203224958942e-02
-7.908004748718626686e-01
8.838470673442657688e-01
-1.323935552164152707e+00
-1.574919315391242858e+00
-2.215530952986804802e+00
6.486002104721487749e-01
7.569113794626189939e-01
3.259147934180761652e-02
-2.673886455406745410e-01
