-4.941171947497710049e-01
4.243390810326757578e-01
-3.375839086267279909e-01
-4.300374490993003063e-01
-8.529512884713561505e-01
1.687399130765702804e+00
1.355950340850196612e-01
-2.079160624588393680e-01
2.880292073791309582e-01
-1.232166456732000759e+00
1.646512069180533222e-01
-8.405616887024782713e-01
-1.428719660283046089e+00
9.698902824323767380e-01
1.560904383496816816e+00
-1.321894032729370450e+00
-8.060626284633296557e-01
1.057180677553119619e+00
-6.164527549449333454e-01
7.790805127328295221e-01
1.337255127593738546e+00
1.594733999731794971e-01
-3.351204841873063889e-01
-8.270483051049488665e-01
-6.600376992205281290e-02
4.623899161057918872e-01
6.847407630986634963e-01
-7.963614218410327572e-01
1.159957989271071188e+00
-5.397983745654898469e-01
-2.582591072197393256e-01
-5.444817837501578772e-01
4.018669053239710132e-01
-2.333705209851512086e-01
-1.618211626548389515e-01
6.573943297770192817e-01
-5.922648212303530668e-01
1.253212432255195186e+00
7.313266308144765748e-01
5.364168679195476797e-01
-3.362561459005808939e-01
-5.374421720313297124e-01
-2.564201814047553096e-01
-6.196347409237211723e-01
-1.282117262461233809e+00
-1.164895235998001100e-01
-6.614464406816694675e-01
9.087401111644589635e-01
1.693470053655833141e+00
3.236299109705085275e-01
-3.935795816626253552e-01
1.219454269168161797e+00
8.962633429526024598e-01
-1.383881263409785456e+00
-4.790660730993018257e-01
3.716057606801375646e-01
1.827571783099492808e-01
-4.227371583209574846e-01
1.732677845399772099e-01
-5.682057936098025008e-01
-1.272881285028352460e-01
-1.537140378023678644e-01
3.353557323293808179e-01
1.445442007885943125e+00
-2.460791153052156677e+00
-3.780384878102331925e-01
7.405679008743498715e-02
5.382450119908164243e-01
9.478070762780800296e-01
6.520069822170189155e-01
-1.068008950177209426e+00
3.391275210040592958e-01
1.048226295174765843e+00
1.467786316327605034e+00
-2.520485975236991472e+00
-2.023204293124410136e-01
6.907515891839385302e-01
-5.196962594306815397e-01
-4.024190270245165957e-01
7.093193621915885316e-01
-1.014211019803628711e+00
6.725880750201588265e-01
-4.866488346902645978e-01
-1.329771715403184951e+00
2.180312141748039778e-01
2.125201794844824299e+00
-1.694441229551205463e+00
-2.640934211646844276e-01
-6.336886157509606932e-01
1.002401606886471896e-01
6.235977360258895263e-01
3.405022388650522647e-01
3.960798606524505994e-01
-3.567330516911835225e-01
-9.830225208571818918e-01
-1.421795058841954784e-01
-3.449961180589986021e-02
4.524750090018231363e-02
-1.513230756790765463e-01
-4.609560668388309468e-01
6.261847658798723737e-01
4.684843443783833217e-01
9.491121882458617431e-01
1.644948496555094453e+00
1.090205612188737128e-01
6.457221125529093442e-01
-4.673641387075733178e-01
1.317727813592497466e+00
-2.924824638560632462e-01
1.864895309071522345e+00
7.606346852469192399e-03
1.494833814501760560e+00
4.374755341743971071e-01
-3.142500819868475348e-02
6.252025821509672454e-01
2.931135411193042106e-02
7.661282209585381642e-01
-6.581339861233140853e-01
-4.488348821926573806e-01
-9.774759522364836473e-01
3.167348635404501067e-01
1.470297585476488367e+00
1.085656343045008354e+00
1.812949107136970994e+00
9.596936729634765184e-01
8.546271300178767127e-01
1.049713062089324023e+00
-3.320886328551805322e-01
-3.267671069220598468e-02
4.721668324100765646e-01
-8.147743515184759922e-01
2.015324356149685858e-01
2.433425712781149275e-01
5.596040141447731348e-02
-1.358299170573909365e+00
-3.589916883345767307e-01
-3.495779550890130705e-01
-1.198641328708990539e+00
5.406305455021741535e-01
-7.849233184525696849e-01
9.522427734249294673e-01
-5.793395426717853347e-01
-1.779824587835645566e+00
1.186903856527526280e+00
1.487839908354643415e-01
-1.064955677161409042e+00
1.205987871146792234e-01
3.379829950125423088e-01
1.571206543152322554e+00
-1.941714282481401543e-01
-1.238248791885875999e+00
1.397977112178212522e+00
1.406383786592331209e+00
1.473578435399247599e-01
6.810916612883998189e-01
-1.118890580573540294e+00
-2.416024446305005124e-01
-3.817814943656381299e-01
1.265904637683387346e+00
-5.496799576530406739e-01
-7.376190531687591978e-01
6.599532903635039194e-01
-4.342577198488833945e-01
1.054896901701290329e-01
1.258879091928021721e+00
-1.250360302064798201e+00
5.832426976041727995e-01
3.427400340903536402e-01
9.030693532285030134e-01
-2.257815034715822122e-01
4.498033607875877027e-01
-1.141505310332641798e+00
-6.449249796888943953e-01
-6.664917810287384059e-01
3.143963450813508365e-01
-2.260464234253932725e-01
-1.180994735386340810e+00
-1.110810817733280054e+00
-1.371540361115730078e-01
9.872793090909995906e-01
-2.008829018954783885e-01
-9.700346461436155643e-01
1.195270087466601128e+00
7.994259255599922565e-02
-6.920450951553977492e-02
2.552369832203371658e-01
1.687865891423393272e+00
2.161679949474776263e-01
1.054765050982594987e+00
-3.849499323547641572e-01
-1.128571031007567615e+00
9.740072591441566452e-01
-1.338182064612886135e+00
-1.348200679213327757e-01
-7.198654332378235932e-01
3.045425012062470405e-01
1.955162748935334871e-01
8.261699120826258014e-01
1.035192251602776281e+00
4.720539192117447214e-01
-9.701509111726418499e-01
-1.203805445256375783e+00
8.417038550812088182e-01
1.220649346193086737e+00
-8.378493205096751995e-01
-6.416566064763200572e-01
-3.587986618923000859e-01
6.302289525780701007e-01
-8.062120136444183016e-01
2.794236805774841237e-02
3.617181258949153655e-01
-2.818360744967871034e-01
9.845141034101982935e-01
1.501580350425256949e+00
-3.045715770643209197e-02
1.058909124241223521e-01
-3.625799408063931084e-01
-2.819538509958499084e-01
7.339703531611945220e-01
-7.709302609837536124e-01
1.993799799729761846e-02
9.383953441287004593e-02
2.675886251041619257e-01
5.228589379306742835e-01
-4.967598773646061255e-02
-1.012611410298086545e+00
4.534793036716722181e-01
-3.157028514907522787e-01
-2.055447608526329573e-01
-5.942430416017377426e-02
1.089346643447818841e-01
-5.189737603921293907e-01
8.692377766350816160e-01
2.947868756123813161e-01
1.133986911932960417e-01
2.023534749292021040e+00
4.419031563957370179e-01
-9.103146153308492305e-01
-6.706953763594075690e-02
2.749243763073033198e-01
-5.970039628196489589e-01
-1.728942346334385372e+00
-1.165054233449031251e+00
1.670296356941128879e+00
1.401945342283564544e-01
-3.313574421782263801e-01
1.912389420630929981e+00
-1.586749377903172165e-01
3.210494420878551303e-01
-1.799787985483402020e+00
-3.943157981416586799e-01
2.679406765206846508e-01
6.470297837599361390e-01
-3.752515974902503187e-02
1.090149656361797392e+00
4.301795184207507505e-03
-5.781838317771864633e-01
5.606365124517378451e-01
-1.288268557853341933e+00
-1.932241280047878873e-01
-8.982934361958273550e-01
3.730691550405640378e-01
-6.885875794357325663e-01
-5.768884453053745309e-01
1.098562735126879186e+00
