-6.309481112699499850e-01
-1.824913132795941362e+00
1.568225712446167375e+00
1.689636991493238261e-01
4.257088736911532889e-01
1.135912983412071670e-01
5.172826056543843309e-01
-1.055641100570476221e+00
-2.144476626392964325e-01
-2.889699711116605618e-01
-9.583875815410100030e-01
3.338262911890321205e-01
1.563226735258044509e-01
2.281467178308081767e+00
1.248064408682226123e+00
1.115127330621291213e+00
-9.134605414970995430e-01
7.801608543692482856e-02
1.580527471176940812e+00
-1.670881517544131389e+00
1.392182490092948588e-01
1.032803243245657532e+00
3.680810939908538693e-01
-1.218253587140022853e+00
-1.110190323668615031e-01
-1.873840169695220881e-01
-1.756110443254033759e+00
-5.366255966174705572e-01
-7.310220725650319329e-01
-7.705705335408022938e-01
8.202178462629372557e-01
-8.892441651743103748e-01
-9.252818591249772906e-01
1.171499045293500574e+00
1.273643772911150496e+00
4.137611841434349347e-01
2.485010090519300663e-01
-2.053996256804762499e+00
3.027125932091197513e-01
-6.525535414600308615e-01
4.385989468525259838e-01
2.401340951592766948e-01
-1.168320763465780926e-01
-2.395674510189325979e+00
-1.812987005566390586e+00
-8.325388736547109092e-01
-3.458042134485690700e-02
5.762261516589742838e-01
1.151012183186914450e+00
4.520005334012584530e-01
-1.765510344705835566e+00
-9.035129535689589986e-01
1.377973452779501506e-01
-3.392491135205599195e-01
-1.591165694216464255e-01
1.034335599120897786e+00
1.645885821119094983e+00
-5.303244386417715894e-01
-3.156388557150339724e-01
1.633055246168583663e+00
-9.370908805960957988e-01
-6.546702532758473803e-01
1.460843518883588876e+00
-9.028796944289985138e-01
-9.836568394680854643e-01
1.932397613902738787e-01
1.004550767531539490e+00
-1.024527847723462060e+00
-4.021862776014401564e-01
2.323682660317787085e-01
-2.027105062988650896e+00
-4.678570704209211173e-01
1.603831680547810112e+00
7.573870856134201635e-01
4.322926555682770067e-01
-4.693863744331865928e-01
5.807372866477886753e-01
-1.160854422564811417e+00
1.838086536060747456e+00
-1.169655339195368571e+00
-4.283657548977534701e-01
2.474302284061055957e-01
-1.085692527959279952e+00
1.235111124142007910e-01
-2.687134451811774571e-01
-2.813522231262415296e-01
3.463913781326928287e-01
8.407898390167786173e-01
-9.890057120827595166e-03
-7.131668511846960268e-01
-6.127820877692381485e-01
-1.260054436002669087e+00
-1.858711117114552946e+00
-9.404655886753844618e-02
-1.083986866843216879e+00
8.778397521989607100e-01
1.059188010658366430e+00
-6.154969934577633195e-01
-1.348336529423757479e+00
1.075834354917276414e+00
6.150167200632212783e-01
-1.563525374911260757e+00
1.699682275977760559e+00
8.108958951422950978e-01
1.015290706573402091e-01
-1.477588138407339158e-01
-4.027282230364997995e-01
-5.952266834185407918e-01
8.510972403151789711e-01
8.457145791968788684e-01
7.434093165935052872e-01
1.080009012174102168e+00
-1.183994278886623785e+00
-7.434637093718695633e-01
1.622135490576858130e+00
7.206107568830155685e-01
-8.533183226223726159e-01
4.845101466040747651e-01
1.390824996157362936e-01
1.191824199378189952e+00
5.994876798552098984e-01
5.004532580875609149e-01
-1.895585553215795249e+00
-3.472291128207399824e-01
2.829757341271325721e+00
1.339894577622527727e+00
7.776572425299037583e-01
-2.345069002162102123e+00
-4.813612097716421512e-01
5.585039681835750336e-02
-5.137768649835899870e-01
-7.526302934930223509e-01
4.310676904201575232e-01
9.879331110585738707e-02
-4.961826208243494407e-01
-1.167001822944404354e+00
-9.072829223522553832e-01
-8.931816443092190916e-01
-2.348293039110106672e+00
-2.009017320700917875e+00
7.544726817915258232e-01
7.754345513803952983e-01
3.935796061591398387e-01
8.019920088449165041e-01
3.212625644535386793e-01
1.237237756753799545e+00
6.690249331796561671e-01
-4.442841328072506119e-02
1.151006514635521061e+00
-8.184176723570957268e-01
1.082183061405699531e+00
-2.507323032975818794e-02
-1.261825730890897779e+00
5.591124462278614926e-01
3.039507109424594011e-01
-1.308316656546663959e+00
-1.427324958647920194e+00
-8.028547517617381502e-01
9.042438064173832224e-01
1.313234276493978392e+00
-1.446054836463054327e+00
-2.901606708649919764e-01
-3.979410854766298744e-01
-2.040240848447280597e-01
2.197462553872539526e-01
8.608204835258681520e-01
-6.523423749017229767e-01
-1.107788551232851360e+00
2.423265845809699504e-01
-1.220979108211156655e-01
-5.940577616288672536e-01
-1.662182942101794403e+00
-7.914507493517256576e-01
-1.431690482291874345e+00
1.470930101573867610e+00
8.689704239645394956e-01
-2.157837055889691713e-01
2.292163005877982662e-02
1.087336816234028669e+00
6.125301640379292589e-01
6.790349486079606534e-01
-4.967916324910924275e-01
-2.437936191391234797e-01
5.023721440128213755e-01
-2.037562863312405714e-01
-2.440572762901760118e-01
-2.294256146007304320e+00
1.522801890652168977e-01
2.358906070317421666e-01
5.450446667704825915e-02
9.189335418942465861e-01
1.810952087496451535e+00
2.181701210694606818e-01
7.009683378328046555e-01
-1.218213501492368511e+00
1.047231214767872620e+00
1.325063689912168385e+00
-2.904224183306113871e-01
1.154125615212743927e+00
-3.912580039557011502e-01
1.863802236714903193e+00
9.740361027406981842e-01
-1.264257318598629221e+00
3.961337539443687827e-01
1.466172477281187492e+00
4.282938139605682593e-01
5.105536559945470995e-03
1.566154384436356795e+00
1.050969109028404791e+00
1.748923521852368657e+00
-6.453316491746107220e-01
-1.573776627009148443e+00
1.290307078646838912e+00
5.586920119876090940e-01
1.045293654602486022e+00
1.177370997123938112e+00
-1.746066637321912196e-01
-1.245622398917916263e+00
-8.785639201847263990e-01
-8.941729848054761343e-01
-2.702969016676581848e+00
-1.416663279291535682e-01
6.580965357870669497e-01
1.161695148037360958e+00
1.143034085336383399e+00
-6.116429323289104270e-01
-1.291988503221450646e+00
-5.108783324843558793e-01
5.539247212786968522e-01
-1.761753253784832385e+00
5.265256926946320082e-01
-1.726430280188150368e+00
2.600576785894322951e-01
7.648003249430659900e-02
2.159634002075475401e+00
-1.298283287807985964e+00
1.518052203365963138e+00
9.282656423183343053e-01
-6.913052450104697488e-01
2.896301056942742203e-01
-9.875141103253057273e-02
1.184834136224096834e+00
-2.997010635042460791e-01
-1.145312344523311820e-01
-2.928534037674849766e-01
3.442904022917036011e-01
-2.165718386781563254e+00
9.505100371446523200e-01
-3.122671311995374177e-01
-1.167127704242946651e+00
5.365288124727968233e-01
-2.527190202202343805e+00
5.525508080991177184e-01
1.518499735581144483e+00
1.401938850314916829e+00
-2.257545799231538142e-01
1.344623908214692687e+00
1.017008632753227504e+00
2.214903184013140791e+00
-8.273557522362234851e-02
-1.290573084646283508e+00
-1.123986911639435426e+00
1.784867635380969375e+00
2.578144095426270432e+00
1.130026945930560522e+00
