5.149181577908139573e-01
2.968235273588135659e+00
-7.370512585630839553e-01
1.102655134523709002e+00
-1.235425519981252052e+00
3.605612239195555624e+00
1.929535195053552643e+00
2.839444487598241640e-01
-5.671883323377640451e+00
6.386433636450105089e-01
-6.187627395567489863e-01
-1.426500025130471805e+00
-1.541790234097918377e+00
-4.497598003777970033e-01
-2.066960120264690115e+00
2.251105083607406465e-01
3.184386109609832261e+00
-7.046895515833567769e-02
1.844865689568350620e+00
2.054404270122284437e+00
2.569785694435964718e+00
-6.418679186299648620e+00
3.411313926906634375e+00
2.478339220934260734e+00
2.679540385789333623e+00
-2.549120302859243736e+00
-2.271845640356050744e+00
6.223794346260358434e-01
-2.807670444074843452e+00
1.159921291683465139e+00
-3.138757882348986783e+00
-3.308011684174965161e-01
3.626514331138165126e+00
2.843129762265219185e+00
-3.288997963252469514e+00
7.035548320268260047e-01
1.068714269516164217e+00
1.435971769313242108e+00
3.413456460124616232e+00
4.877828839432901020e+00
-1.899370231214963844e+00
-2.506084034055148901e+00
-2.596400099244164927e+00
5.668700037522620416e-01
2.963854972283050948e+00
3.070527236187468034e+00
4.187849803961171347e+00
-2.000945746017130045e+00
3.354375458400821408e+00
-1.760203366981822892e+00
-1.149796574897166579e+00
-3.215581719793539239e+00
1.143355632214862583e+00
-1.033110512197104258e+00
-9.226584422335147861e-01
-1.308221222814028195e+00
-5.722127798710492375e-01
2.061456580393012938e+00
6.941733946468033878e-01
2.830645326678243645e+00
6.883054918848503512e+00
1.664658897928978698e+00
-8.309209290540531256e-01
8.704560103167188201e-01
-2.844921689940289600e+00
-2.918970830954071172e+00
1.363326672181988775e+00
-1.439610198515030026e+00
4.746637427271100051e+00
3.675502160332583479e+00
-7.314144565610486426e-01
-5.722329102431793491e-01
-2.477267334337681870e+00
2.881763934188508625e+00
-3.766079266685379512e+00
-3.831931142366323151e+00
-2.353524501538247549e+00
-8.540628738056724734e-01
8.804973836222818040e-01
-2.877900506045730999e+00
3.511574584039591773e+00
5.380484505177453691e+00
-8.303715937031090899e-01
4.878901498003989978e+00
-2.849778771735525407e+00
1.596385880003970970e+00
4.992060553868972739e-01
-6.249928956266094238e-01
-3.114109167606111672e+00
1.144982592254856213e+00
-1.113930720928129059e+00
-1.314582004038777230e+00
-1.772913046735308917e+00
-5.589487596626181373e-03
-3.562162892171078177e+00
3.467785947413499215e-01
-6.520254410679277690e+00
1.253417994129713831e-01
-7.864146856348421810e-01
-3.435263707832279856e+00
-3.606094097202559468e+00
-4.139853605762084499e+00
-4.013092535186397747e+00
2.876908265729779313e+00
5.134063291534730622e-01
3.774252596960991912e+00
5.812427475601949389e+00
-2.087250586735341695e+00
-6.263997001914491936e-01
-2.025451851833663941e+00
4.677863963900177890e-01
8.478298133937005598e-01
3.081509511379595168e+00
-2.700059114878986755e+00
4.655734827970327672e+00
4.203883649205073958e+00
1.888452128148472742e+00
-1.275968933457382049e+00
2.500936271567939517e+00
-3.855325707226046061e-01
-2.382341405994127470e+00
-4.336306008741760643e+00
2.031198356405953032e+00
3.398910010422397932e-01
2.777861930073622365e-01
3.892137480788810056e+00
4.090107924024954045e+00
-1.850986369740789117e+00
2.157149083177385851e+00
-5.104712559461805021e+00
-7.903506987905407621e-01
1.556159786655947619e-01
4.999886989214367361e+00
3.282319192655533957e+00
-9.673584690136859399e-01
2.315123781294793570e+00
-1.151069760366677075e+00
5.237471074189482545e-01
4.108449212213022506e+00
-2.086451795991830505e+00
2.819374692056373366e+00
7.982806076210304802e-01
-1.596678838525952715e+00
-8.730747398884701749e-01
1.414279457044303356e+00
8.729788095141530757e-01
4.687023231386675093e+00
-3.102693786305518842e+00
1.264835245901202887e+00
2.011179652808437190e-01
-3.637462666813062295e+00
3.060532429498901141e+00
-8.821552124803033745e-01
5.051230210805542908e-01
-4.689600355951408339e+00
-1.711601919305519859e+00
4.223162226667389163e+00
-4.568864458281473695e+00
2.617729157053410471e+00
-1.665221389199294189e+00
-1.440771204500398417e+00
-4.918887829476511264e+00
5.733150008114709095e-01
7.611855589914900966e-01
3.229961107502639095e+00
8.357208127310912227e-01
4.607546445698932125e+00
-3.006953881247110827e-01
-2.968246328841943171e+00
2.207437890844063944e-01
2.801430189108831126e-01
-3.775123307233356762e+00
2.816283621509139135e+00
-1.205265041944676652e+00
3.838681838137469882e+00
1.002403529292466011e+00
3.495432663136980089e+00
2.529509770884165398e+00
-2.111451809609345975e+00
3.813175557044968578e+00
1.253306052254715475e+00
-6.954057776032738225e-01
3.144531114104178293e+00
-2.828554342903920826e+00
-4.589699266116477716e+00
5.385446984955138738e+00
-2.305318840738739272e-01
-9.696005998295026407e-01
7.761388307979822931e-01
-1.097979963639785561e+00
3.353670489693021395e+00
-6.419853580087363509e-01
-2.237212113064773966e+00
3.652307062611620747e+00
-3.810057333862343576e+00
-4.409974654751709799e+00
-3.349758588291492423e+00
-1.523703169741227548e+00
-2.614530341347232056e+00
-1.423546064542498879e+00
7.165620288128742299e-01
-3.835785143470765046e+00
-3.536288401290215155e-01
-1.944215247000050439e+00
1.398800405535507996e-01
9.260371053642472150e-01
-1.082351060969178436e+00
1.508176837904892764e+00
1.820076895504106451e+00
1.242301632808981759e+00
-1.575398204564187055e-01
-2.875303804286808429e+00
-3.948948845555227960e-01
6.190139054886033554e-01
2.578416084951117071e+00
-1.585647081200366904e+00
-1.418561552278531535e+00
-5.112090118414212014e+00
5.177331951003636412e-01
1.100995652534345171e+00
2.641443328713015681e-01
5.198314780400388191e-01
5.444139840059804003e-01
-9.674135734762783212e-01
3.257145151784784698e+00
-1.498483759697008422e+00
2.358778089499504294e+00
2.373858775527854625e+00
-8.674933299025382183e-02
-3.837892761669193131e+00
-3.162170159398394631e+00
-3.854300579206362265e+00
4.509673819559760766e+00
-8.301502008560602414e-03
6.944881392666316100e-02
-2.652983011265055868e+00
5.286637786808721096e+00
-2.416665160055134098e+00
4.603444314262953974e+00
9.691609139802366268e-01
2.499126988851202991e-01
3.791565700576080555e+00
3.737929274967541460e+00
1.431476407099806503e+00
2.341949005134028816e+00
-1.304589170722976421e+00
-3.813146109346239598e-02
-5.829652598427692567e-01
-5.131426019215978851e-01
-1.720711052148055309e+00
3.888413239376698805e+00
1.890577362322995780e+00
-8.816912135305650378e-02
7.954172787611295536e-01
1.431958308214801523e+00
-2.231780938370771405e+00
6.518178758576229637e-01
2.847017612655770247e+00
-1.491122989101485885e+00
-8.668695369913068105e-02
4.750860224210078364e+00
1.207950181858336247e+00
2.366234405213190506e+00
-1.270270614003792820e-01
-2.522772085709303891e-01
