1.994394023592342968e-01
-1.346821583484720530e-01
5.101525484407014588e-01
1.972946867646800939e-01
1.386805723165038584e+00
-1.191420151972817365e+00
1.783545843909320583e+00
-1.156321852521779325e+00
-2.073562067449371327e+00
9.139139099902454655e-01
1.568638591319868048e-01
8.015630266680618954e-01
5.513153701903452664e-01
8.415505669561359481e-01
-2.461245000035280350e-01
-1.091115413351866126e+00
1.414983064178708672e+00
2.518946639605452731e-01
-1.600921970736634226e+00
2.381411218603489033e+00
-2.691501798504759346e+00
1.547067820354665058e+00
-2.598765086502206056e+00
-1.013139835129040378e+00
-1.127822206215248202e-01
-8.286146301882960641e-01
-1.683176032995632898e+00
-7.331626821973566965e-01
7.838208517119511498e-01
1.452461898921885375e+00
-1.496280039331854272e+00
-2.237009877354160792e-01
-1.497103568171445964e+00
3.015458882696803844e+00
-1.853724058227284310e-01
-3.610915132835155750e-01
7.662503368292119532e-01
1.310475595437292640e+00
-2.422000773291897335e+00
2.828562928891895645e+00
-2.241817575378370897e+00
1.700059409255145759e-01
-1.131310951086367700e+00
-2.736313946735682290e-01
-1.638611252109404282e+00
-6.082477365339573616e-01
-1.999890905654743367e+00
-2.188310651229485870e-02
4.451823933684547763e-01
7.885450063028598411e-02
-1.283721068296821421e+00
-1.954012718664928316e+00
-1.355579673018054709e+00
-1.668723640003162423e+00
-8.668146200852631100e-01
-2.710739052495788615e-01
-1.584674508006165494e+00
-7.131312544198360470e-01
-2.095639388936199055e+00
-1.701927298091003848e-01
-1.518767729867460448e+00
3.007884141553899493e+00
1.397370194299783597e+00
-3.280018964795353487e+00
1.014803723174687589e+00
-5.634714051162074133e-01
2.553854504099021927e+00
1.450118262111224077e-01
-8.134163104805285371e-01
1.759722387011536382e+00
2.519470183586274281e+00
-1.253662379759703738e+00
3.174289578962008473e-01
-1.758848678470355864e+00
-3.974426551707692656e-01
-3.705169614335800388e-01
-6.139438110090519318e-01
-1.190403831661309253e+00
2.961313999856660661e+00
-5.211463541833504243e-01
-2.255466015902757526e+00
-1.779642527262041973e-01
-3.565335322305646093e-01
1.403195441032546009e+00
-2.387143399776992414e+00
5.476423351628412206e-02
6.046164036487728932e-01
7.425419541456003136e-01
1.019157999022858974e+00
4.875176262171597164e-01
-8.199225508999300471e-01
1.188923072805027070e-01
2.645160960329437927e+00
-9.133926389148373515e-01
5.121301511063641732e-01
1.271917952173327260e+00
-1.355124049501630346e+00
-1.503703919413769130e+00
3.128564020169481985e-01
8.276542777957132113e-01
1.789191688926790924e+00
9.304905205946859548e-01
2.241897032539085899e+00
1.223019575772691159e+00
-7.277454302131720620e-01
-2.119772787414520465e+00
-1.842782585207989765e+00
-6.401863608303218767e-01
-1.481339148797544469e+00
9.706333127168214059e-01
3.340156107341976099e-01
-5.638896260358376711e-02
1.158666690845922886e+00
-5.012045522876810155e-01
1.227102361131705566e+00
4.908134892114026093e-01
3.323739200453370013e-01
-2.244529113089733574e+00
-1.621650220501053008e+00
-7.578306860198373851e-01
1.608423225553588409e+00
1.949350124174088483e+00
4.690364158442757864e-03
2.722685344451696743e+00
7.252023053640610506e-01
-2.382385915806483734e+00
2.109866862063107362e+00
-1.246442409575477139e+00
2.693082218823591223e+00
-1.281162498996389232e+00
4.544810059630311483e-01
-1.625683818798999480e+00
4.674670343018152430e-01
-1.319142902419307983e-01
2.850970842435394559e+00
-2.118917349249625826e+00
6.484848032325566392e-01
1.785063916686795982e-01
-1.529544652329929422e+00
-1.968583224231169604e+00
-2.895283623958802011e-01
-2.446191715228814845e-01
-1.478425103041354216e-01
-3.847001209353893558e-01
-8.168426566321946858e-01
-1.561494413972893680e-01
-1.598488077224465842e+00
-1.501005240440203892e+00
-5.921743554434477641e-02
-2.365045245921692629e+00
-3.437752105522309254e-01
-3.666762223013025901e-01
1.293787037025979414e+00
-1.027964563382375074e+00
-1.495581343775657324e+00
6.782528729931969202e-01
2.833717309682447727e+00
5.414945493283552791e-01
-5.703403741385522085e-01
-2.657317571006332924e-01
1.718581873754901901e-01
-2.479563271516661338e+00
-1.500190087205674594e+00
-1.041781032179071476e+00
-1.612363956428694456e+00
-2.838442596111949157e-01
-1.682953817781258854e+00
2.096453104126191569e+00
-2.416871713703677482e+00
2.123355606031170240e+00
2.360901815111029034e+00
-1.701144517894104924e+00
-1.906463262505768252e+00
2.022841487172971853e+00
6.565988010664385310e-01
-1.461209428586923709e-01
-2.610713255387057341e+00
-9.215415408368524686e-01
3.262126998522275056e-01
8.158265023812248939e-01
2.076825183661989982e-01
-2.413868143801004340e+00
-1.766089391246288831e-01
-1.859886403617875272e+00
-1.174123032479002404e+00
-2.096017932525144012e+00
1.034065003613177991e+00
-8.455455137315387448e-01
-2.622452305752871027e+00
-1.996694551026627407e+00
6.901763914070369044e-01
-2.661525968327060898e+00
-9.319758778673848942e-01
5.802975079836758532e-01
1.097348532113985309e-01
1.355592267631617442e+00
1.552743868741238265e+00
-7.147876151572201131e-01
-1.034127083959857751e+00
-2.172924118878786892e+00
-2.664354940562072560e-01
-1.254539232853483233e-01
-5.455184309090624906e-01
-4.631603936289537815e-01
2.106654991661994991e+00
-1.803860033614726133e+00
-7.460793080054570203e-02
2.371141983591406266e+00
1.341189763695250226e-01
7.843787078335330565e-02
-1.285812878213111521e+00
-1.034470389483736819e+00
-5.598802234243320797e-01
2.843575092131259918e+00
6.762822433881408024e-01
-4.014032767747244268e-01
-2.342695599761506209e-01
-2.657002777017811734e-01
-1.887490186951739646e-01
3.169608496297706690e+00
-1.215365388115810408e+00
-4.174552001863235939e-01
-1.074526709108522438e+00
1.279824051267228979e+00
-2.125524313974636481e+00
-2.430020718513779432e+00
-1.978391796828526950e+00
1.671679930430364502e-01
3.812013702327293752e-01
-3.403090119228081578e-01
1.097487809846666940e+00
1.148391003252471121e+00
-1.883988978889413080e+00
2.115052902268683255e+00
3.465771150470828843e-01
-7.816420111189306685e-02
-2.918003537811832970e+00
2.191480826365935108e+00
-5.141554305076452280e-01
3.294366819857005524e+00
-1.833897372998328779e+00
1.358389711182875992e+00
5.079246135595039124e-01
1.841762019223301960e+00
1.747688989836851947e+00
1.518131453028432443e+00
2.748607651215675851e+00
9.706345847720190267e-01
1.775852422850036749e+00
-1.554108040938479540e+00
-1.965143275414020119e+00
1.019767711806920163e+00
1.993182285806711640e+00
2.804976099193501327e-02
6.742362633639719105e-01
2.759569881411476633e-01
-6.422517840287973456e-01
5.860395364631855175e-01
-1.777615306019697528e+00
-1.635081018755754512e+00
-2.474115227860541388e+00
5.399512284809938611e-01
5.310454037018181861e-01
2.534436046470348591e-01
-6.441181315530343510e-02
