1.947848739428991394e+00
9.659086831684821073e-02
-1.314451059518603859e+00
6.607384299785364901e-01
1.215240169389244729e+00
-6.196885761558554861e-01
3.912127312113323208e-01
8.438723481297584206e-01
-1.594013451808860837e-01
1.584725779247263322e+00
2.847968573850866658e+00
-7.186365041762483585e-01
9.243328029486222452e-02
1.938649836142464444e+00
-1.221514476264312921e-01
1.733475314761478536e+00
1.282907169593270336e-01
1.696784894431634827e+00
-4.951131524113510096e-01
-2.271260783491912072e+00
1.267113364461827374e-01
-1.393262105065603329e+00
-2.261759904258727527e+00
-2.279406215161511595e-01
1.152849973753150792e+00
1.562684960280868784e+00
-6.475074684325091701e-01
-2.467344612973168261e-01
1.163022568234470144e+00
1.199065355820637890e+00
7.796799604161547270e-01
-1.155862066029851309e+00
1.818846851042943413e+00
1.924133212299960594e+00
-4.427653520425079980e-01
9.641699968331450821e-01
-1.880808217190099718e+00
1.250862543484301259e+00
3.110622024286399667e-01
1.890628247698886932e+00
-1.215916619870069521e-01
-3.731032326672898969e-01
-2.690129370234840778e+00
-5.847192906736937701e-01
-4.381493854914011998e-01
1.826791204491315657e-01
-1.276592247162670946e+00
-7.828062080225550723e-01
-2.009577710100558967e+00
2.416536787832107347e+00
-5.045172556122935748e-02
-1.341689599891481288e+00
-1.981133951179050667e+00
-1.859492983183107795e-01
1.287120716809110110e+00
-2.120125506292135920e-01
2.332515404274447257e-01
1.577612578650042341e+00
5.207819470311376708e-01
1.066619068547528748e+00
3.479584355948843744e-01
-1.537150724611305641e+00
-4.897972556234552188e-01
-2.670252849725256450e-01
2.392350065209641052e-01
-1.938835511382562826e+00
-6.848288274022742428e-01
-1.524180364054990855e-01
-4.026496421690318184e-01
1.635572916402103782e+00
4.337561337148401752e-01
2.588426441491757379e-01
2.059211734752925960e-01
-5.155211054787933733e-01
-1.766636511599273041e+00
8.205945267611292060e-01
2.423566739671272896e-01
-2.371728469424166263e+00
-4.532786849351242431e-01
-8.115829105869861726e-01
2.644941546751387595e-01
1.126281389387797205e+00
7.903610797000610866e-01
1.224757145163784644e+00
-8.780689154315234057e-02
-4.550571293119746730e-01
1.135704841090143136e+00
-8.994908805307071376e-01
5.047062952549459247e-01
-1.153186508963399692e+00
-1.741271906892652099e+00
-5.784441355837808274e-01
-8.775271765018980430e-01
8.460747591419024438e-01
-6.540380550041084012e-03
-2.274545947591291029e+00
-3.884197214579873103e-01
-3.136067440701669762e-01
2.152318486227847993e-01
-7.010655525883636718e-01
-1.603966451176708219e+00
1.224470648637839137e-01
-2.126516415516257030e+00
-9.720157480609040723e-01
-1.530216345508524645e-01
-3.471060974611771544e-01
-1.229272224385106194e+00
-2.898778465523917713e+00
3.248247673202683816e-01
3.236675963238040965e-01
-1.203423488987273915e+00
8.569922413822631535e-01
-1.285114464289603742e+00
-1.159929611417792605e+00
-3.197865990787906315e-02
1.049134048785703294e-01
2.436124166784548795e+00
7.150909029014714813e-01
-2.977697754631813964e-01
-7.130708707508870425e-01
9.066731971542600910e-01
1.356386971296290156e+00
-1.051755665514027882e+00
-9.461680874241233941e-01
-1.253390771154306416e+00
-3.353583573409852914e-01
-1.208853416742152881e-01
-2.055798131528856043e+00
-5.173889356385158456e-02
8.543613144905572998e-01
1.243151023898684038e+00
2.230241959521348072e+00
2.936509892065956584e-01
1.456176491492998659e+00
1.211681572387191208e+00
-2.464359411667313093e+00
1.166624403013192951e-01
2.018551490609713284e+00
1.893990893229817507e+00
-1.962100312759525567e+00
-7.701414965762549691e-01
1.049204942306344090e+00
2.595697350270719461e+00
2.227052290043144644e+00
1.202428411902890959e+00
1.329507903264322277e-01
-1.888053863611003580e+00
-3.073262709856152686e-01
1.486633713310980376e+00
-9.144428332927181380e-01
2.953583854027339139e+00
1.969784420873822439e+00
2.555962020802027279e-01
-8.198346602070673006e-01
-1.045048041262458538e+00
-2.000689029163541743e+00
1.229838813233734118e+00
4.808275691479098057e-01
1.801817694255888780e+00
7.427912539986301077e-01
-8.825388174197479341e-01
-1.731553918161161665e-01
3.831593679965719978e+00
-1.598769913444290314e+00
1.385558915713124839e-01
1.434025489931941288e-01
-2.144472938304579746e+00
-1.536330763867257865e+00
1.964665336230996040e+00
-1.390330089707996430e+00
-4.522611534564960900e-01
1.268005197162041631e+00
-2.102926229900171640e-01
1.749433170974203477e+00
2.975830943273342744e+00
5.367787847061098461e-01
1.785468792255299864e+00
3.713219435032450999e-01
-1.015003953681889309e-01
2.312279646349450213e-01
-2.941863575952679416e-02
2.713531000584749608e-01
1.114841113744732937e+00
6.521036565311424393e-01
1.131420869017226050e+00
-1.621247790623336238e+00
1.138190744862953352e+00
6.322460708366555160e-01
-9.723020213523364541e-01
1.593084610211944696e+00
5.650359562265553359e-01
1.911390491360811961e+00
8.680148070386179970e-01
-1.191095050066832028e+00
9.886991692745687732e-02
1.418986479825332658e+00
5.786248416269336170e-01
1.258385502026123426e+00
8.036670837001302914e-01
1.017756848808993642e+00
-2.130244523379554611e+00
-1.253174115574934078e+00
2.064573463829514122e+00
-1.753011186677519984e+00
1.756186832743443338e+00
5.059999857749896551e-02
-4.710273082746087581e-01
-1.136916098325016611e+00
4.446714029879917374e-01
-4.628938662570951101e-01
8.934395752520732925e-01
-1.070288586587121449e+00
2.162733396651674370e-02
-8.622285765238929534e-01
-9.241596588144006530e-01
1.259116584324809773e-01
-5.323737700224576708e-01
2.241410651869509163e+00
1.286842114518447211e-01
-1.106558600541474036e+00
-8.097162616049247141e-01
-2.368889700448449709e+00
1.375739588573565153e-01
1.575125799312787400e+00
9.700823483794947244e-02
3.984476560486744368e-01
-8.269677496426577346e-01
6.178661276987644779e-01
-1.519004517657039921e+00
1.358977879882428796e+00
-6.817034773551540194e-01
8.454299379011621651e-01
5.147291003499753215e-01
4.987109777041973668e-01
-7.471384965323323302e-01
-1.367074023086405132e+00
-1.356409507973897477e-01
-4.138717888737086792e-01
9.900455092672664215e-01
1.225712054061147915e+00
4.280334712789207741e-01
1.365334495768184775e+00
-1.023726513882698086e+00
-2.318888624526187214e-01
1.383079126457213981e-01
-1.379177403322778828e+00
-5.426247851894487884e-01
8.570408763734029822e-01
7.589505308413875273e-01
3.705321660253227956e-01
-2.057367557114653689e+00
1.553219471527188256e-01
-9.116109186208040671e-02
1.792291302570265366e+00
-2.258068139022942067e-01
1.085459234047152277e+00
2.782639297942937073e-01
-4.694831228843199256e-01
2.774608135107024420e+00
-2.785869258293546258e-01
-8.154353557668805319e-01
2.456907852267653070e+00
4.595538882408254922e-01
6.020699290640569856e-01
5.641355456717672689e-01
