-8.732388937466668555e-01
6.563742621291022983e-02
-4.031102604223173458e-01
9.307548664073574951e-01
-1.566903077661075283e+00
2.270629576473736089e-01
-3.648737994326677336e-01
8.684978547877464372e-01
-5.758423671977309644e-01
-9.716793101764145124e-01
-3.039057682001666816e+00
8.603538223581363997e-02
1.543206178765728076e+00
-1.525319476345596170e+00
-6.572297934773877470e-01
7.219167835742913431e-01
-2.397479247943507641e+00
1.527954854063332979e+00
-2.577826477375209091e+00
1.045973284873778830e+00
-8.866295103605617012e-01
6.183671830674778436e-01
-7.603097432985645998e-01
5.099876397487567159e-01
9.271415364209155685e-01
1.572823980234866692e+00
-2.472928841037037806e+00
-2.068884151872935284e+00
-1.565670098466126259e+00
2.490151824295191219e+00
-1.344372059174805845e+00
1.337588904090095898e+00
2.922421653199785974e-01
1.875967376823421073e+00
9.519036170372644490e-01
8.846443603984728288e-01
-5.274196445557935986e-01
7.624709123798986132e-01
2.248488742840153432e+00
8.499098525071457910e-01
6.239914225993029029e-02
-4.184665216230509799e-01
7.657035532343670070e-02
6.580325185278750322e-01
-1.630650955213661657e+00
-1.475622933320638097e+00
4.655459078745171064e-01
4.356875420353996109e-01
7.090006545622088430e-01
-1.802794933127347843e+00
-7.841745252211603789e-01
-5.798791839975946383e-01
-2.722537546196519553e-01
4.150871711941067077e-01
1.566053837560547057e-01
-1.134835716213190016e-01
5.723957470891352095e-01
3.340885598769454123e-01
2.316021296119688433e+00
1.759882462031879591e+00
1.897029330397119073e+00
1.062872769545457174e+00
2.936920414792022260e+00
1.809608394517022711e+00
-5.017645660693742515e-02
-2.731238641512055976e-01
1.415959288192272236e-01
4.291399525551199967e-01
7.026432039211858438e-01
1.289843994850792264e+00
2.559603046460806830e+00
1.160915663665617714e+00
-1.671210018683027210e+00
2.157041274858379154e+00
-1.176886131005645542e+00
1.298220807240264341e+00
2.146829775488959591e+00
-5.893715712864169287e-01
1.789676354827405946e+00
-2.991143091130780696e-01
1.706363512589885723e+00
1.878994338341661297e-01
2.581401172593179805e+00
-4.731391501762787222e-01
8.508074008925958776e-02
-1.173433026379504307e+00
-3.257483240288860493e+00
1.129104997026280921e-01
-8.703921370504192900e-01
1.569441985078585899e+00
6.248062051755729485e-01
6.430153608449435954e-01
6.273156465550948635e-01
-1.527219572940879067e+00
2.295554786527269076e-01
-1.730482757663279192e-01
2.120703347441256437e+00
-2.370819054644279333e+00
1.179690426661771596e+00
-1.086425667599827394e+00
9.599424737515485084e-01
1.851600956005073684e+00
2.028336139105308966e-01
2.197118198156149838e+00
-1.714212352744730605e+00
-2.095490101250513937e-01
3.168274358850451389e-01
3.645253151481551157e-01
1.433278267215401858e+00
-4.355168335952526171e-01
2.076298978599708522e-01
-1.049167438548268771e+00
2.534853960539922291e+00
1.467271770503756345e+00
2.326035324263486803e+00
-2.463673211684203501e+00
1.846673015416879227e-01
2.367648325256727082e-01
-7.087264867743194863e-01
-1.295210904984372080e+00
-7.528855781511385459e-01
1.205865353125694650e+00
7.899408924474171645e-01
6.948155993428898336e-01
-9.983201500177028009e-01
1.489656076476682411e+00
-2.727567384272857609e+00
7.026388602730352373e-01
-5.223950134998667227e-01
9.301061730480542078e-01
4.115835086308916591e-01
1.195804423622641721e+00
1.435620065243456533e+00
-2.057122907100036979e+00
-3.185414205240375551e+00
1.942368301256101271e+00
2.299594480371600191e+00
2.569302449292194535e+00
-1.325070425838053012e+00
-2.358193954047495655e+00
1.761852666618506591e+00
1.621167201958976678e+00
-1.506669212363590082e+00
2.050848498430521083e+00
-8.458184584212367074e-01
-5.558201804945990254e-01
1.031405145460714490e+00
2.129487679467896022e-01
3.410343536848627899e-01
-2.241267336397473553e+00
1.094435139489200237e+00
-7.418954407340632162e-01
-1.815991782332141424e-01
-6.144342791059017594e-01
-7.192921485521290847e-01
5.229656184975158828e-01
1.195261185173742247e+00
7.060746803398593174e-02
5.792698933158721974e-01
1.040158964008648823e+00
-2.914129348127564856e-01
1.021483357939812375e+00
-2.383698468827935846e-01
-5.664646196989249483e-02
-1.394985154623761936e+00
-1.092546072372492516e-01
8.906470760237119588e-01
3.817725525799505748e-01
1.027324056209944492e-01
4.037609295219505290e-01
-2.809190928705517454e+00
4.220202125864855880e-01
2.443900288710187940e+00
-7.437946305029058403e-02
8.574644800116267840e-01
1.616238283113000440e+00
-8.738654331415578180e-02
-1.409683002717267764e+00
1.947400871424949553e+00
2.074564928628916505e+00
-8.038011407869484204e-01
-8.737962678465984734e-01
-2.263777380267681938e+00
2.913657233149788972e+00
-4.098707103951928499e-01
-3.353636484601856260e+00
-1.030860947898114777e+00
-1.209449629993177844e-01
-2.641338772113837052e-01
-8.924685699975413167e-01
1.880665658801111029e+00
-2.143742334770015467e-01
-3.169359710399997088e-01
-1.484918675841084834e+00
-5.126945228022512513e-01
2.657716522852989094e+00
-3.567415142308041909e-02
-6.805197976900430046e-01
-1.515651406836691917e-01
9.593653267516780714e-01
-3.357563411566922840e-01
-7.748738140075450698e-01
-9.381937153563636445e-01
2.018445171671129135e+00
7.800419393679003388e-01
-2.084393581842235221e+00
-5.582134476542325308e-01
-1.698272546663314397e+00
7.937418874500831723e-02
5.515033794741788231e-01
2.167864871515020608e-01
-8.731353535368845398e-01
1.928485685892878498e+00
5.286609147002968578e-01
-3.272148133914785539e+00
-7.155373714193764556e-01
-2.351972202044507743e+00
1.671124882412990509e+00
-9.768068715153217507e-01
6.544637325645139558e-01
5.510021307514658684e-01
8.083263215455318562e-01
3.867079120175144769e-01
1.838535821237083923e+00
3.002312234740611707e-02
-3.054814959398644003e-01
-3.286185246152723005e-01
4.922638632532092551e-01
-3.649892253351347815e-01
1.644369322397198907e+00
6.086835951684985702e-01
6.514796928492847528e-01
-6.616226063964070203e-02
3.435400477993489243e+00
-7.021696895725924037e-01
2.100088247264820129e+00
3.389812204721472932e-01
6.440055204940910993e-01
1.241122862131608828e+00
1.118185194036523278e+00
3.405899491608403440e-01
-2.144359908589965613e-03
1.146194398509328360e+00
-1.581160014060969954e-01
5.699402721280780737e-01
1.968960068886206061e-01
5.979457208552098058e-01
5.004653178171276640e-01
1.709199760357089204e+00
-8.203404873790416385e-01
-2.493675451861135262e+00
-8.466664663091449938e-01
-1.357037599167885134e+00
2.152992723115842111e+00
-8.017209765982644676e-01
-2.830265159590756863e+00
4.046663220892398050e-01
9.114345024699557207e-01
2.282858121157086972e-01
1.703323774470616225e+00
-4.213898732155873517e-01
-6.773049102476571548e-01
-8.944872282004909803e-01
-2.612180359022502341e-01
1.122017301121051691e+00
